1177555781.25,-45.27492
1177555937.5,-45.29397
1177556093.75,-45.2645
1177556250.0,-45.27789
1177556406.25,-45.26867
1177556562.5,-45.29075
1177556718.75,-45.27819
1177556875.0,-45.28098
1177557031.25,-45.26047
1177557187.5,-45.27608
1177557343.75,-45.29332
1177557500.0,-45.28052
1177557656.25,-45.27151
1177557812.5,-45.24252
1177557968.75,-45.26442
1177558125.0,-45.25353
1177558281.25,-45.27544
1177558437.5,-45.26985
1177558593.75,-45.23238
1177558750.0,-45.27012
1177558906.25,-45.28685
1177559062.5,-45.27509
1177559218.75,-45.26921
1177559375.0,-45.2743
1177559531.25,-45.25292
1177559687.5,-45.29756
1177559843.75,-45.28925
1177560000.0,-45.26834
1177560156.25,-45.24654
1177560312.5,-45.27212
1177560468.75,-45.27991
1177560625.0,-45.25558
1177560781.25,-45.28204
1177560937.5,-45.25281
1177561093.75,-45.26004
1177561250.0,-45.24051
1177561406.25,-45.26679
1177561562.5,-45.28354
1177561718.75,-45.23874
1177561875.0,-45.27633
1177562031.25,-45.29827
1177562187.5,-45.2533
1177562343.75,-45.29322
1177562500.0,-45.23351
1177562656.25,-45.27687
1177562812.5,-45.23767
1177562968.75,-45.24013
1177563125.0,-45.24247
1177563281.25,-45.25772
1177563437.5,-45.26218
1177563593.75,-45.29083
1177563750.0,-45.254
1177563906.25,-45.25119
1177564062.5,-45.24568
1177564218.75,-45.25533
1177564375.0,-45.24413
1177564531.25,-45.27183
1177564687.5,-45.25291
1177564843.75,-45.2601
1177565000.0,-45.23906
1177565156.25,-45.26287
1177565312.5,-45.24453
1177565468.75,-45.24041
1177565625.0,-45.23612
1177565781.25,-45.2221
1177565937.5,-45.23946
1177566093.75,-45.23652
1177566250.0,-45.22395
1177566406.25,-45.25048
1177566562.5,-45.23737
1177566718.75,-45.26054
1177566875.0,-45.22996
1177567031.25,-45.24688
1177567187.5,-45.24898
1177567343.75,-45.26992
1177567500.0,-45.23195
1177567656.25,-45.25383
1177567812.5,-45.22703
1177567968.75,-45.22624
1177568125.0,-45.25392
1177568281.25,-45.24901
1177568437.5,-45.25785
1177568593.75,-45.27119
1177568750.0,-45.23074
1177568906.25,-45.23352
1177569062.5,-45.20771
1177569218.75,-45.24981
1177569375.0,-45.26019
1177569531.25,-45.24862
1177569687.5,-45.23106
1177569843.75,-45.24519
1177570000.0,-45.26086
1177570156.25,-45.26292
1177570312.5,-45.24045
1177570468.75,-45.25583
1177570625.0,-45.23247
1177570781.25,-45.25512
1177570937.5,-45.24877
1177571093.75,-45.22083
1177571250.0,-45.2564
1177571406.25,-45.23187
1177571562.5,-45.22787
1177571718.75,-45.25229
1177571875.0,-45.23444
1177572031.25,-45.26905
1177572187.5,-45.26603
1177572343.75,-45.22477
1177572500.0,-45.23131
1177572656.25,-45.25462
1177572812.5,-45.2299
1177572968.75,-45.21368
1177573125.0,-45.24537
1177573281.25,-45.23692
1177573437.5,-45.21757
1177573593.75,-45.20973
1177573750.0,-45.22142
1177573906.25,-45.21714
1177574062.5,-45.21796
1177574218.75,-45.22015
1177574375.0,-45.21991
1177574531.25,-45.24571
1177574687.5,-45.24967
1177574843.75,-45.22743
1177575000.0,-45.23815
1177575156.25,-45.23338
1177575312.5,-45.23004
1177575468.75,-45.2043
1177575625.0,-45.20142
1177575781.25,-45.24383
1177575937.5,-45.24601
1177576093.75,-45.20694
1177576250.0,-45.20484
1177576406.25,-45.25133
1177576562.5,-45.2352
1177576718.75,-45.20612
1177576875.0,-45.19548
1177577031.25,-45.21252
1177577187.5,-45.2005
1177577343.75,-45.22532
1177577500.0,-45.20188
1177577656.25,-45.20464
1177577812.5,-45.23794
1177577968.75,-45.20253
1177578125.0,-45.21625
1177578281.25,-45.20778
1177578437.5,-45.21058
1177578593.75,-45.19919
1177578750.0,-45.25041
1177578906.25,-45.21891
1177579062.5,-45.22795
1177579218.75,-45.19841
1177579375.0,-45.2203
1177579531.25,-45.22345
1177579687.5,-45.24556
1177579843.75,-45.25258
1177580000.0,-45.21802
1177580156.25,-45.20948
1177580312.5,-45.21021
1177580468.75,-45.22391
1177580625.0,-45.20582
1177580781.25,-45.23147
1177580937.5,-45.24411
1177581093.75,-45.22705
1177581250.0,-45.19257
1177581406.25,-45.21392
1177581562.5,-45.21866
1177581718.75,-45.22071
1177581875.0,-45.21163
1177582031.25,-45.21157
1177582187.5,-45.21532
1177582343.75,-45.22513
1177582500.0,-45.23357
1177582656.25,-45.23671
1177582812.5,-45.20666
1177582968.75,-45.21314
1177583125.0,-45.20328
1177583281.25,-45.19389
1177583437.5,-45.22759
1177583593.75,-45.21341
1177583750.0,-45.20251
1177583906.25,-45.24813
1177584062.5,-45.20969
1177584218.75,-45.20837
1177584375.0,-45.19281
1177584531.25,-45.20685
1177584687.5,-45.19907
1177584843.75,-45.22219
1177585000.0,-45.20461
1177585156.25,-45.20408
1177585312.5,-45.18745
1177585468.75,-45.14357
1177585625.0,-45.23435
1177585781.25,-45.18586
1177585937.5,-45.19199
1177586093.75,-45.20945
1177586250.0,-45.19826
1177586406.25,-45.20295
1177586562.5,-45.20507
1177586718.75,-45.22374
1177586875.0,-45.21005
1177587031.25,-45.17858
1177587187.5,-45.18795
1177587343.75,-45.19295
1177587500.0,-45.22681
1177587656.25,-45.1765
1177587812.5,-45.18606
1177587968.75,-45.17645
1177588125.0,-45.1829
1177588281.25,-45.19321
1177588437.5,-45.19744
1177588593.75,-45.16101
1177588750.0,-45.18358
1177588906.25,-45.19492
1177589062.5,-45.20784
1177589218.75,-45.18833
1177589375.0,-45.19794
1177589531.25,-45.1856
1177589687.5,-45.15332
1177589843.75,-45.18238
1177590000.0,-45.19203
1177590156.25,-45.21219
1177590312.5,-45.21899
1177590468.75,-45.19886
1177590625.0,-45.2004
1177590781.25,-45.19995
1177590937.5,-45.18568
1177591093.75,-45.18379
1177591250.0,-45.22266
1177591406.25,-45.17109
1177591562.5,-45.19345
1177591718.75,-45.13561
1177591875.0,-45.17518
1177592031.25,-45.19537
1177592187.5,-45.18928
1177592343.75,-45.17875
1177592500.0,-45.20818
1177592656.25,-45.18332
1177592812.5,-45.18656
1177592968.75,-45.20644
1177593125.0,-45.19065
1177593281.25,-45.19658
1177593437.5,-45.22092
1177593593.75,-45.18618
1177593750.0,-45.1769
1177593906.25,-45.17372
1177594062.5,-45.21816
1177594218.75,-45.14842
1177594375.0,-45.18628
1177594531.25,-45.20662
1177594687.5,-45.16519
1177594843.75,-45.2027
1177595000.0,-45.17915
1177595156.25,-45.19496
1177595312.5,-45.20985
1177595468.75,-45.17023
1177595625.0,-45.16962
1177595781.25,-45.14067
1177595937.5,-45.20758
1177596093.75,-45.17293
1177596250.0,-45.1772
1177596406.25,-45.18097
1177596562.5,-45.19256
1177596718.75,-45.20127
1177596875.0,-45.18267
1177597031.25,-45.18594
1177597187.5,-45.20782
1177597343.75,-45.18661
1177597500.0,-45.18732
1177597656.25,-45.18478
1177597812.5,-45.1716
1177597968.75,-45.17907
1177598125.0,-45.19174
1177598281.25,-45.16952
1177598437.5,-45.16123
1177598593.75,-45.15432
1177598750.0,-45.14161
1177598906.25,-45.15543
1177599062.5,-45.19307
1177599218.75,-45.16596
1177599375.0,-45.17339
1177599531.25,-45.19268
1177599687.5,-45.16379
1177599843.75,-45.18773
1177600000.0,-45.19989
1177600156.25,-45.12684
1177600312.5,-45.16006
1177600468.75,-45.1651
1177600625.0,-45.15733
1177600781.25,-45.1501
1177600937.5,-45.19707
1177601093.75,-45.15974
1177601250.0,-45.15866
1177601406.25,-45.17756
1177601562.5,-45.1748
1177601718.75,-45.18158
1177601875.0,-45.14233
1177602031.25,-45.14713
1177602187.5,-45.11828
1177602343.75,-45.1822
1177602500.0,-45.13937
1177602656.25,-45.18089
1177602812.5,-45.14646
1177602968.75,-45.18541
1177603125.0,-45.18539
1177603281.25,-45.1669
1177603437.5,-45.1479
1177603593.75,-45.14356
1177603750.0,-45.20594
1177603906.25,-45.13879
1177604062.5,-45.16363
1177604218.75,-45.15717
1177604375.0,-45.15467
1177604531.25,-45.17092
1177604687.5,-45.13047
1177604843.75,-45.14383
1177605000.0,-45.1479
1177605156.25,-45.167
1177605312.5,-45.14558
1177605468.75,-45.14737
1177605625.0,-45.14204
1177605781.25,-45.1822
1177605937.5,-45.1259
1177606093.75,-45.14524
1177606250.0,-45.14876
1177606406.25,-45.16753
1177606562.5,-45.17934
1177606718.75,-45.15463
1177606875.0,-45.17772
1177607031.25,-45.13263
1177607187.5,-45.13876
1177607343.75,-45.15999
1177607500.0,-45.13092
1177607656.25,-45.13239
1177607812.5,-45.11417
1177607968.75,-45.11656
1177608125.0,-45.14175
1177608281.25,-45.18093
1177608437.5,-45.12923
1177608593.75,-45.12696
1177608750.0,-45.16435
1177608906.25,-45.13818
1177609062.5,-45.15013
1177609218.75,-45.14745
1177609375.0,-45.11603
1177609531.25,-45.14619
1177609687.5,-45.12864
1177609843.75,-45.1235
1177610000.0,-45.10015
1177610156.25,-45.16394
1177610312.5,-45.17287
1177610468.75,-45.13445
1177610625.0,-45.15524
1177610781.25,-45.12248
1177610937.5,-45.17523
1177611093.75,-45.13978
1177611250.0,-45.1333
1177611406.25,-45.13791
1177611562.5,-45.18171
1177611718.75,-45.13472
1177611875.0,-45.14486
1177612031.25,-45.1213
1177612187.5,-45.1455
1177612343.75,-45.14113
1177612500.0,-45.11425
1177612656.25,-45.13906
1177612812.5,-45.15903
1177612968.75,-45.15913
1177613125.0,-45.10807
1177613281.25,-45.15489
1177613437.5,-45.12576
1177613593.75,-45.13588
1177613750.0,-45.12486
1177613906.25,-45.10563
1177614062.5,-45.1314
1177614218.75,-45.16457
1177614375.0,-45.1424
1177614531.25,-45.1459
1177614687.5,-45.10574
1177614843.75,-45.13691
1177615000.0,-45.14923
1177615156.25,-45.12115
1177615312.5,-45.14973
1177615468.75,-45.14548
1177615625.0,-45.13967
1177615781.25,-45.16199
1177615937.5,-45.1403
1177616093.75,-45.14478
1177616250.0,-45.12083
1177616406.25,-45.13033
1177616562.5,-45.13867
1177616718.75,-45.11089
1177616875.0,-45.14448
1177617031.25,-45.15028
1177617187.5,-45.11602
1177617343.75,-45.12922
1177617500.0,-45.13005
1177617656.25,-45.14727
1177617812.5,-45.14327
1177617968.75,-45.14001
1177618125.0,-45.12314
1177618281.25,-45.09718
1177618437.5,-45.1581
1177618593.75,-45.12895
1177618750.0,-45.12986
1177618906.25,-45.11555
1177619062.5,-45.1255
1177619218.75,-45.13708
1177619375.0,-45.1282
1177619531.25,-45.13652
1177619687.5,-45.11628
1177619843.75,-45.08931
1177620000.0,-45.11137
1177620156.25,-45.13282
1177620312.5,-45.12394
1177620468.75,-45.11694
1177620625.0,-45.11836
1177620781.25,-45.13499
1177620937.5,-45.1051
1177621093.75,-45.11309
1177621250.0,-45.1331
1177621406.25,-45.09386
1177621562.5,-45.13769
1177621718.75,-45.12882
1177621875.0,-45.11295
1177622031.25,-45.14159
1177622187.5,-45.127
1177622343.75,-45.12374
1177622500.0,-45.1101
1177622656.25,-45.1061
1177622812.5,-45.1222
1177622968.75,-45.10274
1177623125.0,-45.11272
1177623281.25,-45.09191
1177623437.5,-45.12276
1177623593.75,-45.11617
1177623750.0,-45.14115
1177623906.25,-45.10698
1177624062.5,-45.15333
1177624218.75,-45.07747
1177624375.0,-45.10919
1177624531.25,-45.15211
1177624687.5,-45.09087
1177624843.75,-45.10489
1177625000.0,-45.14376
1177625156.25,-45.11914
1177625312.5,-45.10041
1177625468.75,-45.12091
1177625625.0,-45.11381
1177625781.25,-45.10594
1177625937.5,-45.11769
1177626093.75,-45.08651
1177626250.0,-45.11385
1177626406.25,-45.08132
1177626562.5,-45.08683
1177626718.75,-45.10441
1177626875.0,-45.08315
1177627031.25,-45.10051
1177627187.5,-45.08352
1177627343.75,-45.14041
1177627500.0,-45.09849
1177627656.25,-45.07539
1177627812.5,-45.09549
1177627968.75,-45.12883
1177628125.0,-45.11146
1177628281.25,-45.10545
1177628437.5,-45.11108
1177628593.75,-45.07711
1177628750.0,-45.09076
1177628906.25,-45.09317
1177629062.5,-45.12704
1177629218.75,-45.10636
1177629375.0,-45.12158
1177629531.25,-45.09909
1177629687.5,-45.10638
1177629843.75,-45.09156
1177630000.0,-45.08837
1177630156.25,-45.0897
1177630312.5,-45.09405
1177630468.75,-45.08748
1177630625.0,-45.08942
1177630781.25,-45.10277
1177630937.5,-45.1004
1177631093.75,-45.08245
1177631250.0,-45.09166
1177631406.25,-45.09659
1177631562.5,-45.10257
1177631718.75,-45.09
1177631875.0,-45.06228
1177632031.25,-45.09467
1177632187.5,-45.05453
1177632343.75,-45.06691
1177632500.0,-45.11794
1177632656.25,-45.09538
1177632812.5,-45.09194
1177632968.75,-45.07611
1177633125.0,-45.07588
1177633281.25,-45.09872
1177633437.5,-45.09875
1177633593.75,-45.0696
1177633750.0,-45.08388
1177633906.25,-45.07758
1177634062.5,-45.09798
1177634218.75,-45.09205
1177634375.0,-45.10226
1177634531.25,-45.08677
1177634687.5,-45.08411
1177634843.75,-45.06615
1177635000.0,-45.10996
1177635156.25,-45.11435
1177635312.5,-45.07125
1177635468.75,-45.11081
1177635625.0,-45.07654
1177635781.25,-45.10731
1177635937.5,-45.13336
1177636093.75,-45.07801
1177636250.0,-45.08493
1177636406.25,-45.09653
1177636562.5,-45.10867
1177636718.75,-45.08082
1177636875.0,-45.06244
1177637031.25,-45.07291
1177637187.5,-45.10431
1177637343.75,-45.08248
1177637500.0,-45.10198
1177637656.25,-45.08201
1177637812.5,-45.08431
1177637968.75,-45.06236
1177638125.0,-45.05204
1177638281.25,-45.09644
1177638437.5,-45.06952
1177638593.75,-45.10701
1177638750.0,-45.09007
1177638906.25,-45.08344
1177639062.5,-45.07998
1177639218.75,-45.08307
1177639375.0,-45.07633
1177639531.25,-45.04724
1177639687.5,-45.08298
1177639843.75,-45.07826
1177640000.0,-45.07779
1177640156.25,-45.08615
1177640312.5,-45.06747
1177640468.75,-45.09274
1177640625.0,-45.09136
1177640781.25,-45.0311
1177640937.5,-45.07916
1177641093.75,-45.09189
1177641250.0,-45.10276
1177641406.25,-45.07238
1177641562.5,-45.06544
1177641718.75,-45.07963
1177641875.0,-45.08315
1177642031.25,-45.06059
1177642187.5,-45.06516
1177642343.75,-45.05025
1177642500.0,-45.0421
1177642656.25,-45.08345
1177642812.5,-45.06616
1177642968.75,-45.08718
1177643125.0,-45.09215
1177643281.25,-45.0738
1177643437.5,-45.05467
1177643593.75,-45.08787
1177643750.0,-45.02356
1177643906.25,-45.05453
1177644062.5,-45.0473
1177644218.75,-45.05975
1177644375.0,-45.07342
1177644531.25,-45.04943
1177644687.5,-45.0746
1177644843.75,-45.08823
1177645000.0,-45.0572
1177645156.25,-45.06108
1177645312.5,-45.048
1177645468.75,-45.06208
1177645625.0,-45.07214
1177645781.25,-45.05727
1177645937.5,-45.08121
1177646093.75,-45.04444
1177646250.0,-45.08265
1177646406.25,-45.06692
1177646562.5,-45.0592
1177646718.75,-45.03913
1177646875.0,-45.07015
1177647031.25,-45.04505
1177647187.5,-45.07204
1177647343.75,-45.06351
1177647500.0,-45.07515
1177647656.25,-45.06378
1177647812.5,-45.06709
1177647968.75,-45.05557
1177648125.0,-45.05109
1177648281.25,-45.04794
1177648437.5,-45.04494
1177648593.75,-45.0475
1177648750.0,-45.06626
1177648906.25,-45.07978
1177649062.5,-45.04313
1177649218.75,-45.06923
1177649375.0,-45.03064
1177649531.25,-45.0979
1177649687.5,-45.06359
1177649843.75,-45.06701
1177650000.0,-45.05139
1177650156.25,-45.03159
1177650312.5,-45.05925
1177650468.75,-45.03577
1177650625.0,-45.07871
1177650781.25,-45.04927
1177650937.5,-45.0501
1177651093.75,-45.04814
1177651250.0,-45.07186
1177651406.25,-45.04511
1177651562.5,-45.0263
1177651718.75,-45.02134
1177651875.0,-45.04036
1177652031.25,-45.02456
1177652187.5,-45.04121
1177652343.75,-45.03642
1177652500.0,-45.03471
1177652656.25,-45.06555
1177652812.5,-45.0676
1177652968.75,-45.03955
1177653125.0,-45.03576
1177653281.25,-45.04404
1177653437.5,-45.04266
1177653593.75,-45.02846
1177653750.0,-45.05883
1177653906.25,-45.06224
1177654062.5,-45.01004
1177654218.75,-45.04166
1177654375.0,-45.04686
1177654531.25,-45.03893
1177654687.5,-45.03402
1177654843.75,-45.0233
1177655000.0,-45.03814
1177655156.25,-45.03448
1177655312.5,-45.02024
1177655468.75,-45.02569
1177655625.0,-45.04904
1177655781.25,-45.01797
1177655937.5,-45.04836
1177656093.75,-45.02472
1177656250.0,-45.05248
1177656406.25,-45.04254
1177656562.5,-45.01402
1177656718.75,-45.03671
1177656875.0,-45.05413
1177657031.25,-45.03519
1177657187.5,-45.0382
1177657343.75,-45.03854
1177657500.0,-45.04023
1177657656.25,-45.00318
1177657812.5,-45.00964
1177657968.75,-45.03882
1177658125.0,-45.05413
1177658281.25,-45.01888
1177658437.5,-45.0422
1177658593.75,-45.02574
1177658750.0,-45.02069
1177658906.25,-45.03197
1177659062.5,-45.00517
1177659218.75,-45.04821
1177659375.0,-45.03379
1177659531.25,-45.00539
1177659687.5,-45.02143
1177659843.75,-45.02359
1177660000.0,-45.04087
1177660156.25,-45.02173
1177660312.5,-45.04589
1177660468.75,-45.04445
1177660625.0,-45.02201
1177660781.25,-45.0607
1177660937.5,-45.01947
1177661093.75,-45.01648
1177661250.0,-45.03502
1177661406.25,-45.0236
1177661562.5,-44.99386
1177661718.75,-44.99064
1177661875.0,-45.0264
1177662031.25,-45.02404
1177662187.5,-44.9922
1177662343.75,-45.01566
1177662500.0,-45.00952
1177662656.25,-45.04736
1177662812.5,-45.02811
1177662968.75,-45.03264
1177663125.0,-45.03801
1177663281.25,-45.03614
1177663437.5,-44.99843
1177663593.75,-45.03181
1177663750.0,-45.01172
1177663906.25,-45.00024
1177664062.5,-45.03282
1177664218.75,-45.03793
1177664375.0,-45.04419
1177664531.25,-45.01444
1177664687.5,-45.05566
1177664843.75,-44.98621
1177665000.0,-45.03553
1177665156.25,-45.02032
1177665312.5,-45.05541
1177665468.75,-45.04953
1177665625.0,-45.03581
1177665781.25,-45.02569
1177665937.5,-45.01575
1177666093.75,-45.0061
1177666250.0,-45.0234
1177666406.25,-45.00184
1177666562.5,-45.03734
1177666718.75,-45.01809
1177666875.0,-44.98221
1177667031.25,-45.00661
1177667187.5,-45.02451
1177667343.75,-45.00681
1177667500.0,-45.01433
1177667656.25,-45.03594
1177667812.5,-44.99269
1177667968.75,-45.01962
1177668125.0,-45.02487
1177668281.25,-45.05019
1177668437.5,-45.04215
1177668593.75,-45.01223
1177668750.0,-45.02301
1177668906.25,-44.99717
1177669062.5,-45.03198
1177669218.75,-45.01862
1177669375.0,-45.03686
1177669531.25,-44.99903
1177669687.5,-45.00653
1177669843.75,-45.00936
1177670000.0,-44.99257
1177670156.25,-45.00302
1177670312.5,-45.0162
1177670468.75,-44.98834
1177670625.0,-45.00537
1177670781.25,-45.00259
1177670937.5,-44.99112
1177671093.75,-44.97667
1177671250.0,-45.00866
1177671406.25,-45.04346
1177671562.5,-45.03967
1177671718.75,-45.03384
1177671875.0,-44.99531
1177672031.25,-45.01608
1177672187.5,-44.99916
1177672343.75,-44.96701
1177672500.0,-44.96372
1177672656.25,-44.95888
1177672812.5,-45.01033
1177672968.75,-44.99446
1177673125.0,-44.99771
1177673281.25,-44.96018
1177673437.5,-45.00525
1177673593.75,-45.01077
1177673750.0,-45.02875
1177673906.25,-45.00526
1177674062.5,-45.03166
1177674218.75,-44.97974
1177674375.0,-44.96779
1177674531.25,-44.99005
1177674687.5,-44.99173
1177674843.75,-45.01852
1177675000.0,-44.97711
1177675156.25,-44.97149
1177675312.5,-45.01978
1177675468.75,-44.97807
1177675625.0,-44.98866
1177675781.25,-45.00758
1177675937.5,-45.00808
1177676093.75,-44.97922
1177676250.0,-44.99895
1177676406.25,-44.9893
1177676562.5,-44.98757
1177676718.75,-45.03652
1177676875.0,-45.01074
1177677031.25,-45.00545
1177677187.5,-45.03909
1177677343.75,-45.00691
1177677500.0,-44.98387
1177677656.25,-44.98694
1177677812.5,-44.9786
1177677968.75,-44.99213
1177678125.0,-44.9661
1177678281.25,-44.98263
1177678437.5,-44.99132
1177678593.75,-45.00927
1177678750.0,-44.97069
1177678906.25,-44.96289
1177679062.5,-44.98438
1177679218.75,-44.98535
1177679375.0,-44.99128
1177679531.25,-44.98086
1177679687.5,-44.99311
1177679843.75,-45.00002
1177680000.0,-44.99455
1177680156.25,-44.99093
1177680312.5,-44.96544
1177680468.75,-44.99569
1177680625.0,-44.99694
1177680781.25,-45.01665
1177680937.5,-44.98249
1177681093.75,-44.98797
1177681250.0,-44.99124
1177681406.25,-44.9749
1177681562.5,-44.96305
1177681718.75,-44.95644
1177681875.0,-44.95992
1177682031.25,-44.98129
1177682187.5,-45.01435
1177682343.75,-44.92435
1177682500.0,-44.96612
1177682656.25,-44.97026
1177682812.5,-44.98335
1177682968.75,-44.98409
1177683125.0,-44.9834
1177683281.25,-44.98156
1177683437.5,-44.96127
1177683593.75,-44.96757
1177683750.0,-44.94853
1177683906.25,-44.97183
1177684062.5,-44.95943
1177684218.75,-44.97541
1177684375.0,-44.95506
1177684531.25,-44.95821
1177684687.5,-44.96842
1177684843.75,-44.93967
1177685000.0,-44.95858
1177685156.25,-44.97173
1177685312.5,-44.94081
1177685468.75,-44.97401
1177685625.0,-44.97926
1177685781.25,-44.97165
1177685937.5,-44.99233
1177686093.75,-44.95353
1177686250.0,-44.9683
1177686406.25,-44.95707
1177686562.5,-44.96982
1177686718.75,-44.99696
1177686875.0,-44.96725
1177687031.25,-44.97287
1177687187.5,-44.96537
1177687343.75,-44.9717
1177687500.0,-44.92017
1177687656.25,-44.95312
1177687812.5,-44.9612
1177687968.75,-44.99065
1177688125.0,-44.96737
1177688281.25,-44.95675
1177688437.5,-44.95229
1177688593.75,-44.94881
1177688750.0,-44.97221
1177688906.25,-44.95436
1177689062.5,-44.96689
1177689218.75,-44.96399
1177689375.0,-44.96631
1177689531.25,-44.97425
1177689687.5,-44.94598
1177689843.75,-44.93952
1177690000.0,-44.95775
1177690156.25,-44.95329
1177690312.5,-44.97388
1177690468.75,-44.94301
1177690625.0,-44.97412
1177690781.25,-44.95414
1177690937.5,-44.94901
1177691093.75,-44.93588
1177691250.0,-44.96149
1177691406.25,-44.96217
1177691562.5,-44.99896
1177691718.75,-44.9754
1177691875.0,-44.92166
1177692031.25,-44.94865
1177692187.5,-44.92854
1177692343.75,-44.93872
1177692500.0,-44.95063
1177692656.25,-44.98023
1177692812.5,-44.94924
1177692968.75,-44.96289
1177693125.0,-44.97867
1177693281.25,-44.96962
1177693437.5,-44.935
1177693593.75,-44.95333
1177693750.0,-44.94777
1177693906.25,-44.93628
1177694062.5,-44.95532
1177694218.75,-44.92665
1177694375.0,-44.93438
1177694531.25,-44.95232
1177694687.5,-44.97064
1177694843.75,-44.94007
1177695000.0,-44.92303
1177695156.25,-44.93855
1177695312.5,-44.93377
1177695468.75,-44.94523
1177695625.0,-44.9461
1177695781.25,-44.96432
1177695937.5,-44.95699
1177696093.75,-44.91588
1177696250.0,-44.98323
1177696406.25,-44.92015
1177696562.5,-44.95499
1177696718.75,-44.93743
1177696875.0,-44.936
1177697031.25,-44.93997
1177697187.5,-44.95619
1177697343.75,-44.91322
1177697500.0,-44.93303
1177697656.25,-44.95448
1177697812.5,-44.92511
1177697968.75,-44.95071
1177698125.0,-44.93547
1177698281.25,-44.95127
1177698437.5,-44.93585
1177698593.75,-44.95361
1177698750.0,-44.92348
1177698906.25,-44.96442
1177699062.5,-44.92541
1177699218.75,-44.96525
1177699375.0,-44.94187
1177699531.25,-44.90527
1177699687.5,-44.94316
1177699843.75,-44.9346
1177700000.0,-44.94009
1177700156.25,-44.95441
1177700312.5,-44.92957
1177700468.75,-44.92208
1177700625.0,-44.95042
1177700781.25,-44.91383
1177700937.5,-44.88811
1177701093.75,-44.91031
1177701250.0,-44.92265
1177701406.25,-44.90128
1177701562.5,-44.91184
1177701718.75,-44.92028
1177701875.0,-44.91118
1177702031.25,-44.9199
1177702187.5,-44.92828
1177702343.75,-44.93464
1177702500.0,-44.92669
1177702656.25,-44.93948
1177702812.5,-44.95731
1177702968.75,-44.91885
1177703125.0,-44.93026
1177703281.25,-44.92645
1177703437.5,-44.96665
1177703593.75,-44.97227
1177703750.0,-44.93339
1177703906.25,-44.9388
1177704062.5,-44.93542
1177704218.75,-44.90336
1177704375.0,-44.92984
1177704531.25,-44.92048
1177704687.5,-44.9103
1177704843.75,-44.94799
1177705000.0,-44.93803
1177705156.25,-44.92332
1177705312.5,-44.92621
1177705468.75,-44.9219
1177705625.0,-44.91047
1177705781.25,-44.93166
1177705937.5,-44.91301
1177706093.75,-44.8974
1177706250.0,-44.90774
1177706406.25,-44.92943
1177706562.5,-44.92007
1177706718.75,-44.90694
1177706875.0,-44.93913
1177707031.25,-44.92185
1177707187.5,-44.92971
1177707343.75,-44.93491
1177707500.0,-44.90757
1177707656.25,-44.91056
1177707812.5,-44.90979
1177707968.75,-44.91114
1177708125.0,-44.89145
1177708281.25,-44.91811
1177708437.5,-44.92237
1177708593.75,-44.92844
1177708750.0,-44.92573
1177708906.25,-44.91914
1177709062.5,-44.93849
1177709218.75,-44.89827
1177709375.0,-44.90895
1177709531.25,-44.90408
1177709687.5,-44.91941
1177709843.75,-44.91494
1177710000.0,-44.93439
1177710156.25,-44.90197
1177710312.5,-44.90505
1177710468.75,-44.93938
1177710625.0,-44.88748
1177710781.25,-44.92254
1177710937.5,-44.8879
1177711093.75,-44.9461
1177711250.0,-44.90024
1177711406.25,-44.88253
1177711562.5,-44.91418
1177711718.75,-44.90257
1177711875.0,-44.92417
1177712031.25,-44.9115
1177712187.5,-44.9025
1177712343.75,-44.87747
1177712500.0,-44.91037
1177712656.25,-44.88771
1177712812.5,-44.90335
1177712968.75,-44.92163
1177713125.0,-44.88347
1177713281.25,-44.90826
1177713437.5,-44.90874
1177713593.75,-44.91267
1177713750.0,-44.89967
1177713906.25,-44.86383
1177714062.5,-44.85677
1177714218.75,-44.87113
1177714375.0,-44.90703
1177714531.25,-44.89914
1177714687.5,-44.94085
1177714843.75,-44.9147
1177715000.0,-44.87576
1177715156.25,-44.89776
1177715312.5,-44.87619
1177715468.75,-44.89691
1177715625.0,-44.88028
1177715781.25,-44.90854
1177715937.5,-44.88314
1177716093.75,-44.89252
1177716250.0,-44.88928
1177716406.25,-44.88544
1177716562.5,-44.87519
1177716718.75,-44.91874
1177716875.0,-44.88356
1177717031.25,-44.89203
1177717187.5,-44.87997
1177717343.75,-44.92447
1177717500.0,-44.88595
1177717656.25,-44.89338
1177717812.5,-44.90612
1177717968.75,-44.89507
1177718125.0,-44.88761
1177718281.25,-44.88104
1177718437.5,-44.8782
1177718593.75,-44.88502
1177718750.0,-44.9271
1177718906.25,-44.85117
1177719062.5,-44.8955
1177719218.75,-44.87487
1177719375.0,-44.90003
1177719531.25,-44.8886
1177719687.5,-44.87453
1177719843.75,-44.90903
1177720000.0,-44.89624
1177720156.25,-44.89049
1177720312.5,-44.9094
1177720468.75,-44.88587
1177720625.0,-44.89766
1177720781.25,-44.88928
1177720937.5,-44.86562
1177721093.75,-44.84998
1177721250.0,-44.88854
1177721406.25,-44.87063
1177721562.5,-44.88354
1177721718.75,-44.87791
1177721875.0,-44.90567
1177722031.25,-44.88461
1177722187.5,-44.85056
1177722343.75,-44.85512
1177722500.0,-44.8451
1177722656.25,-44.87499
1177722812.5,-44.87979
1177722968.75,-44.90921
1177723125.0,-44.85957
1177723281.25,-44.88197
1177723437.5,-44.88939
1177723593.75,-44.86361
1177723750.0,-44.869
1177723906.25,-44.87087
1177724062.5,-44.90221
1177724218.75,-44.86627
1177724375.0,-44.89972
1177724531.25,-44.90633
1177724687.5,-44.90206
1177724843.75,-44.85094
1177725000.0,-44.90167
1177725156.25,-44.85114
1177725312.5,-44.87194
1177725468.75,-44.86145
1177725625.0,-44.8499
1177725781.25,-44.87228
1177725937.5,-44.8555
1177726093.75,-44.89297
1177726250.0,-44.88484
1177726406.25,-44.87134
1177726562.5,-44.87278
1177726718.75,-44.89411
1177726875.0,-44.88714
1177727031.25,-44.88274
1177727187.5,-44.86111
1177727343.75,-44.87439
1177727500.0,-44.87323
1177727656.25,-44.8483
1177727812.5,-44.90425
1177727968.75,-44.87905
1177728125.0,-44.8648
1177728281.25,-44.85831
1177728437.5,-44.85152
1177728593.75,-44.89083
1177728750.0,-44.9102
1177728906.25,-44.88148
1177729062.5,-44.87765
1177729218.75,-44.85935
1177729375.0,-44.84628
1177729531.25,-44.87239
1177729687.5,-44.87549
1177729843.75,-44.85452
1177730000.0,-44.87442
1177730156.25,-44.86343
1177730312.5,-44.87188
1177730468.75,-44.86981
1177730625.0,-44.88163
1177730781.25,-44.876
1177730937.5,-44.87333
1177731093.75,-44.87246
1177731250.0,-44.85332
1177731406.25,-44.86331
1177731562.5,-44.87911
1177731718.75,-44.87313
1177731875.0,-44.84871
1177732031.25,-44.85176
1177732187.5,-44.87495
1177732343.75,-44.8584
1177732500.0,-44.84363
1177732656.25,-44.8364
1177732812.5,-44.86444
1177732968.75,-44.84753
1177733125.0,-44.85292
1177733281.25,-44.83532
1177733437.5,-44.85303
1177733593.75,-44.85265
1177733750.0,-44.85322
1177733906.25,-44.85413
1177734062.5,-44.84927
1177734218.75,-44.87406
1177734375.0,-44.85279
1177734531.25,-44.81981
1177734687.5,-44.84859
1177734843.75,-44.87078
1177735000.0,-44.82604
1177735156.25,-44.86755
1177735312.5,-44.83713
1177735468.75,-44.86211
1177735625.0,-44.84975
1177735781.25,-44.84025
1177735937.5,-44.84554
1177736093.75,-44.79712
1177736250.0,-44.87191
1177736406.25,-44.81785
1177736562.5,-44.81545
1177736718.75,-44.84895
1177736875.0,-44.86547
1177737031.25,-44.82614
1177737187.5,-44.84148
1177737343.75,-44.84193
1177737500.0,-44.84295
1177737656.25,-44.83427
1177737812.5,-44.86227
1177737968.75,-44.8536
1177738125.0,-44.88201
1177738281.25,-44.8424
1177738437.5,-44.86872
1177738593.75,-44.87497
1177738750.0,-44.87255
1177738906.25,-44.84895
1177739062.5,-44.8288
1177739218.75,-44.8091
1177739375.0,-44.85649
1177739531.25,-44.88422
1177739687.5,-44.84618
1177739843.75,-44.88021
1177740000.0,-44.82808
1177740156.25,-44.84558
1177740312.5,-44.85734
1177740468.75,-44.85186
1177740625.0,-44.81083
1177740781.25,-44.81446
1177740937.5,-44.83334
1177741093.75,-44.8028
1177741250.0,-44.83918
1177741406.25,-44.80677
1177741562.5,-44.8208
1177741718.75,-44.826
1177741875.0,-44.81318
1177742031.25,-44.83872
1177742187.5,-44.83104
1177742343.75,-44.82799
1177742500.0,-44.83126
1177742656.25,-44.82044
1177742812.5,-44.84171
1177742968.75,-44.81747
1177743125.0,-44.86343
1177743281.25,-44.83994
1177743437.5,-44.84908
1177743593.75,-44.83311
1177743750.0,-44.83022
1177743906.25,-44.83136
1177744062.5,-44.84568
1177744218.75,-44.83922
1177744375.0,-44.78902
1177744531.25,-44.84184
1177744687.5,-44.80669
1177744843.75,-44.81007
1177745000.0,-44.83067
1177745156.25,-44.81333
1177745312.5,-44.84605
1177745468.75,-44.77916
1177745625.0,-44.81511
1177745781.25,-44.83016
1177745937.5,-44.83543
1177746093.75,-44.84394
1177746250.0,-44.79095
1177746406.25,-44.79983
1177746562.5,-44.83917
1177746718.75,-44.8385
1177746875.0,-44.81067
1177747031.25,-44.83194
1177747187.5,-44.81205
1177747343.75,-44.83009
1177747500.0,-44.81121
1177747656.25,-44.84744
1177747812.5,-44.80742
1177747968.75,-44.81183
1177748125.0,-44.82008
1177748281.25,-44.82541
1177748437.5,-44.82536
1177748593.75,-44.81156
1177748750.0,-44.84802
1177748906.25,-44.81134
1177749062.5,-44.84837
1177749218.75,-44.83762
1177749375.0,-44.80072
1177749531.25,-44.80862
1177749687.5,-44.81172
1177749843.75,-44.84503
1177750000.0,-44.83144
1177750156.25,-44.78809
1177750312.5,-44.81548
1177750468.75,-44.82196
1177750625.0,-44.83051
1177750781.25,-44.84421
1177750937.5,-44.8041
1177751093.75,-44.84381
1177751250.0,-44.83125
1177751406.25,-44.82272
1177751562.5,-44.79935
1177751718.75,-44.83121
1177751875.0,-44.80855
1177752031.25,-44.83375
1177752187.5,-44.81295
1177752343.75,-44.84121
1177752500.0,-44.7972
1177752656.25,-44.81233
1177752812.5,-44.81059
1177752968.75,-44.82796
1177753125.0,-44.81521
1177753281.25,-44.81779
1177753437.5,-44.81029
1177753593.75,-44.80538
1177753750.0,-44.80041
1177753906.25,-44.80104
1177754062.5,-44.8373
1177754218.75,-44.82588
1177754375.0,-44.80069
1177754531.25,-44.8152
1177754687.5,-44.82236
1177754843.75,-44.78001
1177755000.0,-44.81594
1177755156.25,-44.80861
1177755312.5,-44.82406
1177755468.75,-44.80606
1177755625.0,-44.82393
1177755781.25,-44.78775
1177755937.5,-44.80122
1177756093.75,-44.80785
1177756250.0,-44.7963
1177756406.25,-44.7879
1177756562.5,-44.80889
1177756718.75,-44.80116
1177756875.0,-44.82058
1177757031.25,-44.75734
1177757187.5,-44.78288
1177757343.75,-44.8065
1177757500.0,-44.77784
1177757656.25,-44.80574
1177757812.5,-44.79083
1177757968.75,-44.79252
1177758125.0,-44.78801
1177758281.25,-44.80483
1177758437.5,-44.77861
1177758593.75,-44.80651
1177758750.0,-44.79309
1177758906.25,-44.79007
1177759062.5,-44.76971
1177759218.75,-44.79372
1177759375.0,-44.7603
1177759531.25,-44.80054
1177759687.5,-44.79481
1177759843.75,-44.76627
1177760000.0,-44.77044
1177760156.25,-44.81424
1177760312.5,-44.83119
1177760468.75,-44.78472
1177760625.0,-44.78309
1177760781.25,-44.76096
1177760937.5,-44.79545
1177761093.75,-44.79065
1177761250.0,-44.78745
1177761406.25,-44.78493
1177761562.5,-44.79671
1177761718.75,-44.77298
1177761875.0,-44.79949
1177762031.25,-44.79584
1177762187.5,-44.74897
1177762343.75,-44.74209
1177762500.0,-44.77912
1177762656.25,-44.7692
1177762812.5,-44.76305
1177762968.75,-44.78529
1177763125.0,-44.7706
1177763281.25,-44.79568
1177763437.5,-44.78012
1177763593.75,-44.74873
1177763750.0,-44.79529
1177763906.25,-44.79514
1177764062.5,-44.77226
1177764218.75,-44.79356
1177764375.0,-44.77625
1177764531.25,-44.79208
1177764687.5,-44.77755
1177764843.75,-44.81072
1177765000.0,-44.77735
1177765156.25,-44.77502
1177765312.5,-44.77759
1177765468.75,-44.77227
1177765625.0,-44.78698
1177765781.25,-44.75628
1177765937.5,-44.75479
1177766093.75,-44.77248
1177766250.0,-44.77317
1177766406.25,-44.77455
1177766562.5,-44.77299
1177766718.75,-44.76195
1177766875.0,-44.7542
1177767031.25,-44.7679
1177767187.5,-44.76616
1177767343.75,-44.77034
1177767500.0,-44.75689
1177767656.25,-44.7569
1177767812.5,-44.75904
1177767968.75,-44.76563
1177768125.0,-44.78326
1177768281.25,-44.76785
1177768437.5,-44.77406
1177768593.75,-44.7629
1177768750.0,-44.76115
1177768906.25,-44.75222
1177769062.5,-44.75273
1177769218.75,-44.77504
1177769375.0,-44.77802
1177769531.25,-44.78526
1177769687.5,-44.76453
1177769843.75,-44.7835
1177770000.0,-44.76494
1177770156.25,-44.77616
1177770312.5,-44.76954
1177770468.75,-44.75278
1177770625.0,-44.77591
1177770781.25,-44.77734
1177770937.5,-44.77398
1177771093.75,-44.7584
1177771250.0,-44.78261
1177771406.25,-44.77607
1177771562.5,-44.72836
1177771718.75,-44.74314
1177771875.0,-44.76676
1177772031.25,-44.77856
1177772187.5,-44.75649
1177772343.75,-44.77126
1177772500.0,-44.72908
1177772656.25,-44.78493
1177772812.5,-44.78538
1177772968.75,-44.76338
1177773125.0,-44.75698
1177773281.25,-44.75334
1177773437.5,-44.77189
1177773593.75,-44.74417
1177773750.0,-44.7389
1177773906.25,-44.73481
1177774062.5,-44.76358
1177774218.75,-44.74231
1177774375.0,-44.78141
1177774531.25,-44.7598
1177774687.5,-44.78421
1177774843.75,-44.76467
1177775000.0,-44.74905
1177775156.25,-44.7657
1177775312.5,-44.72097
1177775468.75,-44.71397
1177775625.0,-44.74949
1177775781.25,-44.74257
1177775937.5,-44.76431
1177776093.75,-44.75189
1177776250.0,-44.76063
1177776406.25,-44.74792
1177776562.5,-44.75895
1177776718.75,-44.74381
1177776875.0,-44.76233
1177777031.25,-44.7459
1177777187.5,-44.74491
1177777343.75,-44.74617
1177777500.0,-44.72702
1177777656.25,-44.75265
1177777812.5,-44.7462
1177777968.75,-44.7583
1177778125.0,-44.71462
1177778281.25,-44.74912
1177778437.5,-44.73469
1177778593.75,-44.72389
1177778750.0,-44.73908
1177778906.25,-44.74501
1177779062.5,-44.74279
1177779218.75,-44.74931
1177779375.0,-44.75843
1177779531.25,-44.75061
1177779687.5,-44.75191
1177779843.75,-44.73808
1177780000.0,-44.71278
1177780156.25,-44.75463
1177780312.5,-44.74247
1177780468.75,-44.73757
1177780625.0,-44.77081
1177780781.25,-44.7198
1177780937.5,-44.74886
1177781093.75,-44.7401
1177781250.0,-44.73735
1177781406.25,-44.74944
1177781562.5,-44.7706
1177781718.75,-44.74673
1177781875.0,-44.73422
1177782031.25,-44.70295
1177782187.5,-44.74036
1177782343.75,-44.71186
1177782500.0,-44.75613
1177782656.25,-44.76247
1177782812.5,-44.73224
1177782968.75,-44.71895
1177783125.0,-44.74641
1177783281.25,-44.74376
1177783437.5,-44.75354
1177783593.75,-44.74617
1177783750.0,-44.72169
1177783906.25,-44.7201
1177784062.5,-44.7344
1177784218.75,-44.72421
1177784375.0,-44.729
1177784531.25,-44.73542
1177784687.5,-44.73598
1177784843.75,-44.71542
1177785000.0,-44.74491
1177785156.25,-44.74272
1177785312.5,-44.7068
1177785468.75,-44.7201
1177785625.0,-44.70102
1177785781.25,-44.73098
1177785937.5,-44.73043
1177786093.75,-44.73706
1177786250.0,-44.72478
1177786406.25,-44.70091
1177786562.5,-44.7439
1177786718.75,-44.70048
1177786875.0,-44.70574
1177787031.25,-44.72922
1177787187.5,-44.74137
1177787343.75,-44.73113
1177787500.0,-44.71987
1177787656.25,-44.76556
1177787812.5,-44.74031
1177787968.75,-44.72455
1177788125.0,-44.74048
1177788281.25,-44.72467
1177788437.5,-44.71985
1177788593.75,-44.73635
1177788750.0,-44.72198
1177788906.25,-44.72001
1177789062.5,-44.69671
1177789218.75,-44.73499
1177789375.0,-44.72145
1177789531.25,-44.71996
1177789687.5,-44.71908
1177789843.75,-44.72301
1177790000.0,-44.70889
1177790156.25,-44.71404
1177790312.5,-44.71584
1177790468.75,-44.70317
1177790625.0,-44.69335
1177790781.25,-44.71087
1177790937.5,-44.69589
1177791093.75,-44.7349
1177791250.0,-44.7364
1177791406.25,-44.71572
1177791562.5,-44.73064
1177791718.75,-44.72831
1177791875.0,-44.74179
1177792031.25,-44.72031
1177792187.5,-44.6963
1177792343.75,-44.70716
1177792500.0,-44.72591
1177792656.25,-44.73415
1177792812.5,-44.72702
1177792968.75,-44.72262
1177793125.0,-44.7289
1177793281.25,-44.71594
1177793437.5,-44.74837
1177793593.75,-44.71278
1177793750.0,-44.6973
1177793906.25,-44.71883
1177794062.5,-44.6991
1177794218.75,-44.71152
1177794375.0,-44.717
1177794531.25,-44.67727
1177794687.5,-44.70387
1177794843.75,-44.71753
1177795000.0,-44.71123
1177795156.25,-44.71157
1177795312.5,-44.70324
1177795468.75,-44.72371
1177795625.0,-44.71465
1177795781.25,-44.70714
1177795937.5,-44.67228
1177796093.75,-44.71806
1177796250.0,-44.72139
1177796406.25,-44.70672
1177796562.5,-44.67109
1177796718.75,-44.69247
1177796875.0,-44.69577
1177797031.25,-44.6876
1177797187.5,-44.67816
1177797343.75,-44.71128
1177797500.0,-44.67031
1177797656.25,-44.70959
1177797812.5,-44.66556
1177797968.75,-44.72434
1177798125.0,-44.68311
1177798281.25,-44.67381
1177798437.5,-44.69679
1177798593.75,-44.69892
1177798750.0,-44.71269
1177798906.25,-44.69205
1177799062.5,-44.70666
1177799218.75,-44.66706
1177799375.0,-44.70943
1177799531.25,-44.70439
1177799687.5,-44.69686
1177799843.75,-44.68601
1177800000.0,-44.69736
1177800156.25,-44.69112
1177800312.5,-44.69515
1177800468.75,-44.68248
1177800625.0,-44.68233
1177800781.25,-44.68938
1177800937.5,-44.68843
1177801093.75,-44.6784
1177801250.0,-44.66706
1177801406.25,-44.71332
1177801562.5,-44.68576
1177801718.75,-44.65446
1177801875.0,-44.67255
1177802031.25,-44.68521
1177802187.5,-44.69897
1177802343.75,-44.68073
1177802500.0,-44.71781
1177802656.25,-44.72253
1177802812.5,-44.69537
1177802968.75,-44.67371
1177803125.0,-44.68707
1177803281.25,-44.65393
1177803437.5,-44.68657
1177803593.75,-44.65205
1177803750.0,-44.6675
1177803906.25,-44.66885
1177804062.5,-44.6939
1177804218.75,-44.69049
1177804375.0,-44.69578
1177804531.25,-44.68441
1177804687.5,-44.69018
1177804843.75,-44.66726
1177805000.0,-44.67106
1177805156.25,-44.66478
1177805312.5,-44.69255
1177805468.75,-44.67059
1177805625.0,-44.69102
1177805781.25,-44.65959
1177805937.5,-44.66557
1177806093.75,-44.67128
1177806250.0,-44.67607
1177806406.25,-44.6699
1177806562.5,-44.65877
1177806718.75,-44.67996
1177806875.0,-44.67067
1177807031.25,-44.69677
1177807187.5,-44.68612
1177807343.75,-44.69036
1177807500.0,-44.66965
1177807656.25,-44.67098
1177807812.5,-44.66155
1177807968.75,-44.68151
1177808125.0,-44.66532
1177808281.25,-44.6951
1177808437.5,-44.67866
1177808593.75,-44.6837
1177808750.0,-44.69464
1177808906.25,-44.66547
1177809062.5,-44.68058
1177809218.75,-44.69212
1177809375.0,-44.66897
1177809531.25,-44.68413
1177809687.5,-44.68608
1177809843.75,-44.65886
1177810000.0,-44.70332
1177810156.25,-44.65269
1177810312.5,-44.67163
1177810468.75,-44.64999
1177810625.0,-44.65136
1177810781.25,-44.67824
1177810937.5,-44.66598
1177811093.75,-44.64773
1177811250.0,-44.66096
1177811406.25,-44.67565
1177811562.5,-44.65823
1177811718.75,-44.64921
1177811875.0,-44.65913
1177812031.25,-44.69234
1177812187.5,-44.67115
1177812343.75,-44.63631
1177812500.0,-44.66072
1177812656.25,-44.68417
1177812812.5,-44.634
1177812968.75,-44.66281
1177813125.0,-44.65619
1177813281.25,-44.64581
1177813437.5,-44.66599
1177813593.75,-44.67785
1177813750.0,-44.65053
1177813906.25,-44.70197
1177814062.5,-44.626
1177814218.75,-44.68036
1177814375.0,-44.64764
1177814531.25,-44.64727
1177814687.5,-44.63495
1177814843.75,-44.6303
1177815000.0,-44.64838
1177815156.25,-44.64812
1177815312.5,-44.66726
1177815468.75,-44.6641
1177815625.0,-44.65946
1177815781.25,-44.66387
1177815937.5,-44.67562
1177816093.75,-44.63937
1177816250.0,-44.64778
1177816406.25,-44.64682
1177816562.5,-44.6165
1177816718.75,-44.6679
1177816875.0,-44.64167
1177817031.25,-44.66187
1177817187.5,-44.62424
1177817343.75,-44.6621
1177817500.0,-44.63511
1177817656.25,-44.64145
1177817812.5,-44.66957
1177817968.75,-44.66877
1177818125.0,-44.64577
1177818281.25,-44.65163
1177818437.5,-44.63766
1177818593.75,-44.66712
1177818750.0,-44.64978
1177818906.25,-44.67204
1177819062.5,-44.6322
1177819218.75,-44.63054
1177819375.0,-44.64811
1177819531.25,-44.64582
1177819687.5,-44.61198
1177819843.75,-44.62444
1177820000.0,-44.61897
1177820156.25,-44.64095
1177820312.5,-44.62611
1177820468.75,-44.62627
1177820625.0,-44.62476
1177820781.25,-44.63759
1177820937.5,-44.6452
1177821093.75,-44.64948
1177821250.0,-44.61854
1177821406.25,-44.61087
1177821562.5,-44.65536
1177821718.75,-44.60373
1177821875.0,-44.63828
1177822031.25,-44.60718
1177822187.5,-44.63768
1177822343.75,-44.62184
1177822500.0,-44.6392
1177822656.25,-44.63237
1177822812.5,-44.62531
1177822968.75,-44.65295
1177823125.0,-44.61411
1177823281.25,-44.64277
1177823437.5,-44.6231
1177823593.75,-44.63705
1177823750.0,-44.64441
1177823906.25,-44.63186
1177824062.5,-44.67455
1177824218.75,-44.66612
1177824375.0,-44.636
1177824531.25,-44.61028
1177824687.5,-44.64359
1177824843.75,-44.66669
1177825000.0,-44.62536
1177825156.25,-44.62508
1177825312.5,-44.61417
1177825468.75,-44.6202
1177825625.0,-44.61924
1177825781.25,-44.64932
1177825937.5,-44.66293
1177826093.75,-44.63003
1177826250.0,-44.60726
1177826406.25,-44.62949
1177826562.5,-44.64473
1177826718.75,-44.60191
1177826875.0,-44.62617
1177827031.25,-44.5951
1177827187.5,-44.59007
1177827343.75,-44.61125
1177827500.0,-44.62969
1177827656.25,-44.63002
1177827812.5,-44.63147
1177827968.75,-44.63701
1177828125.0,-44.63471
1177828281.25,-44.62348
1177828437.5,-44.65102
1177828593.75,-44.6237
1177828750.0,-44.62149
1177828906.25,-44.64442
1177829062.5,-44.62601
1177829218.75,-44.60732
1177829375.0,-44.62052
1177829531.25,-44.6235
1177829687.5,-44.62622
1177829843.75,-44.60186
1177830000.0,-44.63234
1177830156.25,-44.59158
1177830312.5,-44.62996
1177830468.75,-44.63913
1177830625.0,-44.57935
1177830781.25,-44.59811
1177830937.5,-44.62827
1177831093.75,-44.62973
1177831250.0,-44.60466
1177831406.25,-44.63139
1177831562.5,-44.6079
1177831718.75,-44.61389
1177831875.0,-44.64958
1177832031.25,-44.61934
1177832187.5,-44.63269
1177832343.75,-44.64295
1177832500.0,-44.59392
1177832656.25,-44.5833
1177832812.5,-44.6216
1177832968.75,-44.64609
1177833125.0,-44.60544
1177833281.25,-44.57954
1177833437.5,-44.60699
1177833593.75,-44.62193
1177833750.0,-44.5992
1177833906.25,-44.62192
1177834062.5,-44.62041
1177834218.75,-44.64071
1177834375.0,-44.59975
1177834531.25,-44.56048
1177834687.5,-44.58557
1177834843.75,-44.59396
1177835000.0,-44.61289
1177835156.25,-44.61164
1177835312.5,-44.62268
1177835468.75,-44.57136
1177835625.0,-44.61884
1177835781.25,-44.61051
1177835937.5,-44.60193
1177836093.75,-44.60265
1177836250.0,-44.63995
1177836406.25,-44.60298
1177836562.5,-44.59394
1177836718.75,-44.59907
1177836875.0,-44.61478
1177837031.25,-44.59336
1177837187.5,-44.61527
1177837343.75,-44.61931
1177837500.0,-44.62928
1177837656.25,-44.64325
1177837812.5,-44.59394
1177837968.75,-44.58706
1177838125.0,-44.60078
1177838281.25,-44.58667
1177838437.5,-44.59224
1177838593.75,-44.62828
1177838750.0,-44.61937
1177838906.25,-44.60728
1177839062.5,-44.60457
1177839218.75,-44.61266
1177839375.0,-44.57882
1177839531.25,-44.61916
1177839687.5,-44.59777
1177839843.75,-44.61955
1177840000.0,-44.57003
1177840156.25,-44.57227
1177840312.5,-44.58582
1177840468.75,-44.62432
1177840625.0,-44.57994
1177840781.25,-44.57967
1177840937.5,-44.60692
1177841093.75,-44.59645
1177841250.0,-44.59138
1177841406.25,-44.59444
1177841562.5,-44.60831
1177841718.75,-44.5888
1177841875.0,-44.59505
1177842031.25,-44.58003
1177842187.5,-44.60047
1177842343.75,-44.55452
1177842500.0,-44.60825
1177842656.25,-44.59965
1177842812.5,-44.59548
1177842968.75,-44.61599
1177843125.0,-44.58584
1177843281.25,-44.55906
1177843437.5,-44.58139
1177843593.75,-44.61334
1177843750.0,-44.6201
1177843906.25,-44.60181
1177844062.5,-44.56423
1177844218.75,-44.61094
1177844375.0,-44.56517
1177844531.25,-44.59027
1177844687.5,-44.57232
1177844843.75,-44.54885
1177845000.0,-44.5555
1177845156.25,-44.58976
1177845312.5,-44.57262
1177845468.75,-44.56612
1177845625.0,-44.60318
1177845781.25,-44.59291
1177845937.5,-44.57412
1177846093.75,-44.60406
1177846250.0,-44.59195
1177846406.25,-44.58978
1177846562.5,-44.58082
1177846718.75,-44.59652
1177846875.0,-44.57804
1177847031.25,-44.56292
1177847187.5,-44.61029
1177847343.75,-44.57118
1177847500.0,-44.57842
1177847656.25,-44.5552
1177847812.5,-44.55888
1177847968.75,-44.57722
1177848125.0,-44.58842
1177848281.25,-44.56751
1177848437.5,-44.58616
1177848593.75,-44.55993
1177848750.0,-44.57487
1177848906.25,-44.58714
1177849062.5,-44.56906
1177849218.75,-44.56672
1177849375.0,-44.58286
1177849531.25,-44.5812
1177849687.5,-44.57639
1177849843.75,-44.53998
1177850000.0,-44.58307
1177850156.25,-44.5593
1177850312.5,-44.55832
1177850468.75,-44.56927
1177850625.0,-44.56259
1177850781.25,-44.60125
1177850937.5,-44.56977
1177851093.75,-44.57785
1177851250.0,-44.57647
1177851406.25,-44.55005
1177851562.5,-44.55834
1177851718.75,-44.599
1177851875.0,-44.56857
1177852031.25,-44.55044
1177852187.5,-44.56326
1177852343.75,-44.5632
1177852500.0,-44.55469
1177852656.25,-44.56149
1177852812.5,-44.56066
1177852968.75,-44.56588
1177853125.0,-44.57636
1177853281.25,-44.53655
1177853437.5,-44.57106
1177853593.75,-44.55182
1177853750.0,-44.58984
1177853906.25,-44.57834
1177854062.5,-44.54751
1177854218.75,-44.5813
1177854375.0,-44.54807
1177854531.25,-44.53896
1177854687.5,-44.57536
1177854843.75,-44.53624
1177855000.0,-44.55397
1177855156.25,-44.5666
1177855312.5,-44.53636
1177855468.75,-44.55297
1177855625.0,-44.55506
1177855781.25,-44.5741
1177855937.5,-44.56464
1177856093.75,-44.54426
1177856250.0,-44.54639
1177856406.25,-44.5625
1177856562.5,-44.56447
1177856718.75,-44.58052
1177856875.0,-44.54194
1177857031.25,-44.52925
1177857187.5,-44.55968
1177857343.75,-44.54185
1177857500.0,-44.54482
1177857656.25,-44.53226
1177857812.5,-44.56645
1177857968.75,-44.54729
1177858125.0,-44.5638
1177858281.25,-44.56379
1177858437.5,-44.56443
1177858593.75,-44.54081
1177858750.0,-44.55459
1177858906.25,-44.53704
1177859062.5,-44.56651
1177859218.75,-44.54736
1177859375.0,-44.54536
1177859531.25,-44.52882
1177859687.5,-44.55148
1177859843.75,-44.53812
1177860000.0,-44.51492
1177860156.25,-44.56833
1177860312.5,-44.55588
1177860468.75,-44.56418
1177860625.0,-44.52988
1177860781.25,-44.57237
1177860937.5,-44.54703
1177861093.75,-44.53706
1177861250.0,-44.53106
1177861406.25,-44.54021
1177861562.5,-44.5569
1177861718.75,-44.52333
1177861875.0,-44.52509
1177862031.25,-44.55192
1177862187.5,-44.54531
1177862343.75,-44.54803
1177862500.0,-44.50807
1177862656.25,-44.53515
1177862812.5,-44.54982
1177862968.75,-44.53826
1177863125.0,-44.55095
1177863281.25,-44.54632
1177863437.5,-44.56808
1177863593.75,-44.53597
1177863750.0,-44.49941
1177863906.25,-44.53999
1177864062.5,-44.52159
1177864218.75,-44.55598
1177864375.0,-44.50455
1177864531.25,-44.5401
1177864687.5,-44.53361
1177864843.75,-44.55188
1177865000.0,-44.52496
1177865156.25,-44.52579
1177865312.5,-44.50503
1177865468.75,-44.52104
1177865625.0,-44.54278
1177865781.25,-44.53908
1177865937.5,-44.55954
1177866093.75,-44.5438
1177866250.0,-44.53851
1177866406.25,-44.54213
1177866562.5,-44.52279
1177866718.75,-44.53671
1177866875.0,-44.54309
1177867031.25,-44.55316
1177867187.5,-44.51998
1177867343.75,-44.52123
1177867500.0,-44.53431
1177867656.25,-44.54603
1177867812.5,-44.53148
1177867968.75,-44.49888
1177868125.0,-44.55703
1177868281.25,-44.51712
1177868437.5,-44.54096
1177868593.75,-44.52122
1177868750.0,-44.52933
1177868906.25,-44.51542
1177869062.5,-44.51197
1177869218.75,-44.51292
1177869375.0,-44.5158
1177869531.25,-44.54302
1177869687.5,-44.53086
1177869843.75,-44.51114
1177870000.0,-44.51148
1177870156.25,-44.50476
1177870312.5,-44.54636
1177870468.75,-44.53806
1177870625.0,-44.53032
1177870781.25,-44.51403
1177870937.5,-44.5001
1177871093.75,-44.494
1177871250.0,-44.55335
1177871406.25,-44.49738
1177871562.5,-44.5348
1177871718.75,-44.55754
1177871875.0,-44.50145
1177872031.25,-44.47406
1177872187.5,-44.5232
1177872343.75,-44.49979
1177872500.0,-44.5093
1177872656.25,-44.5093
1177872812.5,-44.5327
1177872968.75,-44.52226
1177873125.0,-44.50815
1177873281.25,-44.5318
1177873437.5,-44.52739
1177873593.75,-44.53062
1177873750.0,-44.48672
1177873906.25,-44.52281
1177874062.5,-44.51689
1177874218.75,-44.51807
1177874375.0,-44.49228
1177874531.25,-44.49229
1177874687.5,-44.52704
1177874843.75,-44.48612
1177875000.0,-44.51459
1177875156.25,-44.50717
1177875312.5,-44.52033
1177875468.75,-44.51967
1177875625.0,-44.50886
1177875781.25,-44.48962
1177875937.5,-44.47174
1177876093.75,-44.51615
1177876250.0,-44.53703
1177876406.25,-44.50187
1177876562.5,-44.52229
1177876718.75,-44.50279
1177876875.0,-44.50302
1177877031.25,-44.49286
1177877187.5,-44.50831
1177877343.75,-44.49548
1177877500.0,-44.51029
1177877656.25,-44.49491
1177877812.5,-44.49981
1177877968.75,-44.50412
1177878125.0,-44.47768
1177878281.25,-44.49591
1177878437.5,-44.51101
1177878593.75,-44.48175
1177878750.0,-44.48287
1177878906.25,-44.52862
1177879062.5,-44.50103
1177879218.75,-44.4862
1177879375.0,-44.50525
1177879531.25,-44.4874
1177879687.5,-44.49729
1177879843.75,-44.49503
1177880000.0,-44.48466
1177880156.25,-44.48279
1177880312.5,-44.49324
1177880468.75,-44.49567
1177880625.0,-44.51407
1177880781.25,-44.46102
1177880937.5,-44.48985
1177881093.75,-44.49428
1177881250.0,-44.50106
1177881406.25,-44.51382
1177881562.5,-44.45848
1177881718.75,-44.51128
1177881875.0,-44.47112
1177882031.25,-44.50253
1177882187.5,-44.51778
1177882343.75,-44.52044
1177882500.0,-44.49955
1177882656.25,-44.50536
1177882812.5,-44.445
1177882968.75,-44.51415
1177883125.0,-44.46856
1177883281.25,-44.48656
1177883437.5,-44.47351
1177883593.75,-44.48685
1177883750.0,-44.49183
1177883906.25,-44.48678
1177884062.5,-44.47177
1177884218.75,-44.52344
1177884375.0,-44.46547
1177884531.25,-44.48517
1177884687.5,-44.48308
1177884843.75,-44.49245
1177885000.0,-44.45848
1177885156.25,-44.46929
1177885312.5,-44.49208
1177885468.75,-44.50604
1177885625.0,-44.4659
1177885781.25,-44.47819
1177885937.5,-44.49606
1177886093.75,-44.47555
1177886250.0,-44.44183
1177886406.25,-44.51919
1177886562.5,-44.47342
1177886718.75,-44.49193
1177886875.0,-44.48504
1177887031.25,-44.47112
1177887187.5,-44.48481
1177887343.75,-44.49728
1177887500.0,-44.49046
1177887656.25,-44.49794
1177887812.5,-44.50345
1177887968.75,-44.47282
1177888125.0,-44.49375
1177888281.25,-44.49004
1177888437.5,-44.45946
1177888593.75,-44.4801
1177888750.0,-44.48402
1177888906.25,-44.47793
1177889062.5,-44.45857
1177889218.75,-44.48232
1177889375.0,-44.48584
1177889531.25,-44.46879
1177889687.5,-44.46935
1177889843.75,-44.46193
1177890000.0,-44.4614
1177890156.25,-44.4619
1177890312.5,-44.48837
1177890468.75,-44.5003
1177890625.0,-44.45378
1177890781.25,-44.47846
1177890937.5,-44.45568
1177891093.75,-44.44116
1177891250.0,-44.47379
1177891406.25,-44.50001
1177891562.5,-44.4666
1177891718.75,-44.47525
1177891875.0,-44.48604
1177892031.25,-44.45006
1177892187.5,-44.4733
1177892343.75,-44.46333
1177892500.0,-44.45649
1177892656.25,-44.45868
1177892812.5,-44.4543
1177892968.75,-44.47901
1177893125.0,-44.46143
1177893281.25,-44.45743
1177893437.5,-44.46857
1177893593.75,-44.45385
1177893750.0,-44.46296
1177893906.25,-44.45155
1177894062.5,-44.45553
1177894218.75,-44.46225
1177894375.0,-44.50361
1177894531.25,-44.44844
1177894687.5,-44.48715
1177894843.75,-44.46122
1177895000.0,-44.44733
1177895156.25,-44.45005
1177895312.5,-44.42087
1177895468.75,-44.4506
1177895625.0,-44.43209
1177895781.25,-44.46543
1177895937.5,-44.47102
1177896093.75,-44.46378
1177896250.0,-44.44609
1177896406.25,-44.45001
1177896562.5,-44.47123
1177896718.75,-44.45546
1177896875.0,-44.45021
1177897031.25,-44.46464
1177897187.5,-44.46803
1177897343.75,-44.46148
1177897500.0,-44.43655
1177897656.25,-44.45892
1177897812.5,-44.43679
1177897968.75,-44.44169
1177898125.0,-44.43539
1177898281.25,-44.466
1177898437.5,-44.43332
1177898593.75,-44.47624
1177898750.0,-44.47239
1177898906.25,-44.44652
1177899062.5,-44.47533
1177899218.75,-44.4592
1177899375.0,-44.44732
1177899531.25,-44.4458
1177899687.5,-44.477
1177899843.75,-44.45055
1177900000.0,-44.45068
1177900156.25,-44.42193
1177900312.5,-44.43671
1177900468.75,-44.42424
1177900625.0,-44.45794
1177900781.25,-44.45723
1177900937.5,-44.45283
1177901093.75,-44.43156
1177901250.0,-44.44373
1177901406.25,-44.46558
1177901562.5,-44.43014
1177901718.75,-44.43617
1177901875.0,-44.45248
1177902031.25,-44.45968
1177902187.5,-44.45356
1177902343.75,-44.42688
1177902500.0,-44.42447
1177902656.25,-44.45497
1177902812.5,-44.45671
1177902968.75,-44.42411
1177903125.0,-44.41694
1177903281.25,-44.39328
1177903437.5,-44.42815
1177903593.75,-44.42449
1177903750.0,-44.44714
1177903906.25,-44.41568
1177904062.5,-44.46836
1177904218.75,-44.42262
1177904375.0,-44.41716
1177904531.25,-44.43056
1177904687.5,-44.46574
1177904843.75,-44.42655
1177905000.0,-44.4243
1177905156.25,-44.42457
1177905312.5,-44.4327
1177905468.75,-44.39259
1177905625.0,-44.41949
1177905781.25,-44.41646
1177905937.5,-44.41089
1177906093.75,-44.41184
1177906250.0,-44.42814
1177906406.25,-44.43666
1177906562.5,-44.43706
1177906718.75,-44.39803
1177906875.0,-44.40922
1177907031.25,-44.43844
1177907187.5,-44.46082
1177907343.75,-44.41527
1177907500.0,-44.42408
1177907656.25,-44.39708
1177907812.5,-44.42635
1177907968.75,-44.44087
1177908125.0,-44.43112
1177908281.25,-44.42163
1177908437.5,-44.4479
1177908593.75,-44.4585
1177908750.0,-44.4444
1177908906.25,-44.39101
1177909062.5,-44.40467
1177909218.75,-44.4354
1177909375.0,-44.39935
1177909531.25,-44.43613
1177909687.5,-44.40942
1177909843.75,-44.40976
1177910000.0,-44.4096
1177910156.25,-44.43419
1177910312.5,-44.44581
1177910468.75,-44.4338
1177910625.0,-44.42762
1177910781.25,-44.42552
1177910937.5,-44.44497
1177911093.75,-44.44471
1177911250.0,-44.41331
1177911406.25,-44.43008
1177911562.5,-44.43182
1177911718.75,-44.41723
1177911875.0,-44.41655
1177912031.25,-44.41666
1177912187.5,-44.40718
1177912343.75,-44.3833
1177912500.0,-44.39751
1177912656.25,-44.40828
1177912812.5,-44.41193
1177912968.75,-44.39725
1177913125.0,-44.39123
1177913281.25,-44.41802
1177913437.5,-44.40178
1177913593.75,-44.39054
1177913750.0,-44.39339
1177913906.25,-44.41377
1177914062.5,-44.39367
1177914218.75,-44.41339
1177914375.0,-44.39798
1177914531.25,-44.41893
1177914687.5,-44.39175
1177914843.75,-44.41739
1177915000.0,-44.40733
1177915156.25,-44.40042
1177915312.5,-44.4076
1177915468.75,-44.42749
1177915625.0,-44.40905
1177915781.25,-44.40739
1177915937.5,-44.40556
1177916093.75,-44.41941
1177916250.0,-44.40499
1177916406.25,-44.43874
1177916562.5,-44.38167
1177916718.75,-44.43207
1177916875.0,-44.40221
1177917031.25,-44.40232
1177917187.5,-44.40738
1177917343.75,-44.3756
1177917500.0,-44.40773
1177917656.25,-44.39336
1177917812.5,-44.37811
1177917968.75,-44.40087
1177918125.0,-44.40739
1177918281.25,-44.40588
1177918437.5,-44.41497
1177918593.75,-44.38161
1177918750.0,-44.42847
1177918906.25,-44.42111
1177919062.5,-44.38942
1177919218.75,-44.38046
1177919375.0,-44.41022
1177919531.25,-44.37489
1177919687.5,-44.41188
1177919843.75,-44.38121
1177920000.0,-44.38285
1177920156.25,-44.37218
1177920312.5,-44.38215
1177920468.75,-44.40147
1177920625.0,-44.40336
1177920781.25,-44.3742
1177920937.5,-44.38783
1177921093.75,-44.35459
1177921250.0,-44.39206
1177921406.25,-44.38827
1177921562.5,-44.39669
1177921718.75,-44.40719
1177921875.0,-44.38181
1177922031.25,-44.39517
1177922187.5,-44.37145
1177922343.75,-44.40978
1177922500.0,-44.36836
1177922656.25,-44.41081
1177922812.5,-44.39142
1177922968.75,-44.38623
1177923125.0,-44.38575
1177923281.25,-44.37533
1177923437.5,-44.36876
1177923593.75,-44.38515
1177923750.0,-44.38569
1177923906.25,-44.4106
1177924062.5,-44.37873
1177924218.75,-44.38158
1177924375.0,-44.38022
1177924531.25,-44.38211
1177924687.5,-44.36171
1177924843.75,-44.37045
1177925000.0,-44.36565
1177925156.25,-44.36069
1177925312.5,-44.37691
1177925468.75,-44.37356
1177925625.0,-44.36827
1177925781.25,-44.40688
1177925937.5,-44.36411
1177926093.75,-44.39711
1177926250.0,-44.39629
1177926406.25,-44.38063
1177926562.5,-44.37387
1177926718.75,-44.37548
1177926875.0,-44.38554
1177927031.25,-44.36583
1177927187.5,-44.38232
1177927343.75,-44.38214
1177927500.0,-44.37561
1177927656.25,-44.36191
1177927812.5,-44.39316
1177927968.75,-44.34939
1177928125.0,-44.34388
1177928281.25,-44.37032
1177928437.5,-44.35751
1177928593.75,-44.37424
1177928750.0,-44.3378
1177928906.25,-44.36773
1177929062.5,-44.36367
1177929218.75,-44.3808
1177929375.0,-44.38868
1177929531.25,-44.37363
1177929687.5,-44.40617
1177929843.75,-44.36208
1177930000.0,-44.35817
1177930156.25,-44.40314
1177930312.5,-44.36
1177930468.75,-44.36347
1177930625.0,-44.34651
1177930781.25,-44.38959
1177930937.5,-44.34269
1177931093.75,-44.37432
1177931250.0,-44.36974
1177931406.25,-44.35256
1177931562.5,-44.37989
1177931718.75,-44.34401
1177931875.0,-44.396
1177932031.25,-44.3732
1177932187.5,-44.36312
1177932343.75,-44.37574
1177932500.0,-44.38108
1177932656.25,-44.3633
1177932812.5,-44.3584
1177932968.75,-44.38231
1177933125.0,-44.36211
1177933281.25,-44.33712
1177933437.5,-44.34985
1177933593.75,-44.38184
1177933750.0,-44.34108
1177933906.25,-44.36219
1177934062.5,-44.3611
1177934218.75,-44.39462
1177934375.0,-44.34655
1177934531.25,-44.37635
1177934687.5,-44.37176
1177934843.75,-44.3301
1177935000.0,-44.3256
1177935156.25,-44.33744
1177935312.5,-44.34902
1177935468.75,-44.33955
1177935625.0,-44.34426
1177935781.25,-44.34096
1177935937.5,-44.37592
1177936093.75,-44.35999
1177936250.0,-44.36649
1177936406.25,-44.3655
1177936562.5,-44.37218
1177936718.75,-44.34771
1177936875.0,-44.35374
1177937031.25,-44.33514
1177937187.5,-44.34392
1177937343.75,-44.34353
1177937500.0,-44.31495
1177937656.25,-44.3525
1177937812.5,-44.32261
1177937968.75,-44.36354
1177938125.0,-44.34167
1177938281.25,-44.35128
1177938437.5,-44.35289
1177938593.75,-44.34719
1177938750.0,-44.35318
1177938906.25,-44.34168
1177939062.5,-44.3721
1177939218.75,-44.35285
1177939375.0,-44.34679
1177939531.25,-44.3732
1177939687.5,-44.34011
1177939843.75,-44.34932
1177940000.0,-44.34098
1177940156.25,-44.335
1177940312.5,-44.33007
1177940468.75,-44.33458
1177940625.0,-44.33387
1177940781.25,-44.34479
1177940937.5,-44.3158
1177941093.75,-44.32766
1177941250.0,-44.33206
1177941406.25,-44.35143
1177941562.5,-44.33805
1177941718.75,-44.33369
1177941875.0,-44.35471
1177942031.25,-44.34347
1177942187.5,-44.34212
1177942343.75,-44.31081
1177942500.0,-44.35535
1177942656.25,-44.35671
1177942812.5,-44.32842
1177942968.75,-44.33525
1177943125.0,-44.30378
1177943281.25,-44.32397
1177943437.5,-44.33193
1177943593.75,-44.33585
1177943750.0,-44.30617
1177943906.25,-44.35776
1177944062.5,-44.32658
1177944218.75,-44.3258
1177944375.0,-44.34267
1177944531.25,-44.34112
1177944687.5,-44.36269
1177944843.75,-44.31504
1177945000.0,-44.31782
1177945156.25,-44.33402
1177945312.5,-44.3135
1177945468.75,-44.34015
1177945625.0,-44.32504
1177945781.25,-44.3464
1177945937.5,-44.34311
1177946093.75,-44.35714
1177946250.0,-44.3217
1177946406.25,-44.33125
1177946562.5,-44.33526
1177946718.75,-44.35521
1177946875.0,-44.31614
1177947031.25,-44.32514
1177947187.5,-44.33178
1177947343.75,-44.33389
1177947500.0,-44.327
1177947656.25,-44.2974
1177947812.5,-44.30698
1177947968.75,-44.3231
1177948125.0,-44.31097
1177948281.25,-44.33187
1177948437.5,-44.31251
1177948593.75,-44.31581
1177948750.0,-44.33157
1177948906.25,-44.34197
1177949062.5,-44.3259
1177949218.75,-44.29886
1177949375.0,-44.29303
1177949531.25,-44.31565
1177949687.5,-44.32027
1177949843.75,-44.302
1177950000.0,-44.30716
1177950156.25,-44.31853
1177950312.5,-44.30988
1177950468.75,-44.30816
1177950625.0,-44.34109
1177950781.25,-44.30109
1177950937.5,-44.31274
1177951093.75,-44.32479
1177951250.0,-44.3191
1177951406.25,-44.33403
1177951562.5,-44.32012
1177951718.75,-44.32102
1177951875.0,-44.31897
1177952031.25,-44.32554
1177952187.5,-44.30665
1177952343.75,-44.31248
1177952500.0,-44.27372
1177952656.25,-44.30018
1177952812.5,-44.30027
1177952968.75,-44.31853
1177953125.0,-44.31929
1177953281.25,-44.32492
1177953437.5,-44.31101
1177953593.75,-44.30074
1177953750.0,-44.30142
1177953906.25,-44.31416
1177954062.5,-44.31553
1177954218.75,-44.29137
1177954375.0,-44.27968
1177954531.25,-44.29552
1177954687.5,-44.3117
1177954843.75,-44.33719
1177955000.0,-44.30352
1177955156.25,-44.32872
1177955312.5,-44.31126
1177955468.75,-44.28908
1177955625.0,-44.32916
1177955781.25,-44.30342
1177955937.5,-44.31449
1177956093.75,-44.30192
1177956250.0,-44.29837
1177956406.25,-44.29553
1177956562.5,-44.29057
1177956718.75,-44.3058
1177956875.0,-44.31519
1177957031.25,-44.30062
1177957187.5,-44.304
1177957343.75,-44.27949
1177957500.0,-44.29012
1177957656.25,-44.29525
1177957812.5,-44.28972
1177957968.75,-44.29094
1177958125.0,-44.27619
1177958281.25,-44.31176
1177958437.5,-44.30041
1177958593.75,-44.2941
1177958750.0,-44.28961
1177958906.25,-44.26621
1177959062.5,-44.29993
1177959218.75,-44.28439
1177959375.0,-44.2818
1177959531.25,-44.31385
1177959687.5,-44.27982
1177959843.75,-44.29524
1177960000.0,-44.30625
1177960156.25,-44.29283
1177960312.5,-44.28059
1177960468.75,-44.26838
1177960625.0,-44.27036
1177960781.25,-44.27249
1177960937.5,-44.3247
1177961093.75,-44.30149
1177961250.0,-44.29794
1177961406.25,-44.29381
1177961562.5,-44.26023
1177961718.75,-44.29956
1177961875.0,-44.30725
1177962031.25,-44.27653
1177962187.5,-44.27417
1177962343.75,-44.26246
1177962500.0,-44.28595
1177962656.25,-44.28317
1177962812.5,-44.29007
1177962968.75,-44.3003
1177963125.0,-44.25937
1177963281.25,-44.28699
1177963437.5,-44.31685
1177963593.75,-44.26964
1177963750.0,-44.27666
1177963906.25,-44.25797
1177964062.5,-44.25814
1177964218.75,-44.27284
1177964375.0,-44.26983
1177964531.25,-44.28566
1177964687.5,-44.27631
1177964843.75,-44.28382
1177965000.0,-44.30014
1177965156.25,-44.27335
1177965312.5,-44.28309
1177965468.75,-44.26946
1177965625.0,-44.28747
1177965781.25,-44.29305
1177965937.5,-44.27126
1177966093.75,-44.26858
1177966250.0,-44.27279
1177966406.25,-44.27299
1177966562.5,-44.27523
1177966718.75,-44.26915
1177966875.0,-44.27918
1177967031.25,-44.28507
1177967187.5,-44.27237
1177967343.75,-44.28481
1177967500.0,-44.25565
1177967656.25,-44.24612
1177967812.5,-44.26197
1177967968.75,-44.28547
1177968125.0,-44.29515
1177968281.25,-44.27962
1177968437.5,-44.29323
1177968593.75,-44.2646
1177968750.0,-44.28593
1177968906.25,-44.24379
1177969062.5,-44.26101
1177969218.75,-44.27498
1177969375.0,-44.26024
1177969531.25,-44.25718
1177969687.5,-44.2775
1177969843.75,-44.26967
1177970000.0,-44.27724
1177970156.25,-44.24936
1177970312.5,-44.26822
1177970468.75,-44.28534
1177970625.0,-44.24137
1177970781.25,-44.2711
1177970937.5,-44.26891
1177971093.75,-44.23071
1177971250.0,-44.26484
1177971406.25,-44.25244
1177971562.5,-44.26056
1177971718.75,-44.27684
1177971875.0,-44.2431
1177972031.25,-44.26762
1177972187.5,-44.25456
1177972343.75,-44.25664
1177972500.0,-44.28136
1177972656.25,-44.26781
1177972812.5,-44.25014
1177972968.75,-44.25987
1177973125.0,-44.25343
1177973281.25,-44.25415
1177973437.5,-44.23777
1177973593.75,-44.27146
1177973750.0,-44.27419
1177973906.25,-44.26709
1177974062.5,-44.2545
1177974218.75,-44.24174
1177974375.0,-44.24957
1177974531.25,-44.2716
1177974687.5,-44.25701
1177974843.75,-44.27196
1177975000.0,-44.24054
1177975156.25,-44.25182
1177975312.5,-44.24101
1177975468.75,-44.27635
1177975625.0,-44.2559
1177975781.25,-44.27188
1177975937.5,-44.25195
1177976093.75,-44.26508
1177976250.0,-44.23135
1177976406.25,-44.2473
1177976562.5,-44.28269
1177976718.75,-44.24719
1177976875.0,-44.2506
1177977031.25,-44.24772
1177977187.5,-44.22075
1177977343.75,-44.25042
1177977500.0,-44.25438
1177977656.25,-44.22233
1177977812.5,-44.23508
1177977968.75,-44.2683
1177978125.0,-44.22743
1177978281.25,-44.24258
1177978437.5,-44.22939
1177978593.75,-44.24534
1177978750.0,-44.23872
1177978906.25,-44.24424
1177979062.5,-44.25253
1177979218.75,-44.25328
1177979375.0,-44.22928
1177979531.25,-44.2168
1177979687.5,-44.24757
1177979843.75,-44.26345
1177980000.0,-44.23594
1177980156.25,-44.20586
1177980312.5,-44.20877
1177980468.75,-44.2509
1177980625.0,-44.2492
1177980781.25,-44.22268
1177980937.5,-44.23247
1177981093.75,-44.24215
1177981250.0,-44.23096
1177981406.25,-44.246
1177981562.5,-44.22919
1177981718.75,-44.24944
1177981875.0,-44.2347
1177982031.25,-44.23089
1177982187.5,-44.22559
1177982343.75,-44.24456
1177982500.0,-44.2579
1177982656.25,-44.2291
1177982812.5,-44.23467
1177982968.75,-44.244
1177983125.0,-44.23464
1177983281.25,-44.24086
1177983437.5,-44.19604
1177983593.75,-44.23102
1177983750.0,-44.22305
1177983906.25,-44.22891
1177984062.5,-44.22869
1177984218.75,-44.25017
1177984375.0,-44.21563
1177984531.25,-44.25274
1177984687.5,-44.21931
1177984843.75,-44.24137
1177985000.0,-44.23192
1177985156.25,-44.23242
1177985312.5,-44.24559
1177985468.75,-44.23093
1177985625.0,-44.21578
1177985781.25,-44.21245
1177985937.5,-44.21186
1177986093.75,-44.23085
1177986250.0,-44.22551
1177986406.25,-44.21524
1177986562.5,-44.21638
1177986718.75,-44.21441
1177986875.0,-44.21529
1177987031.25,-44.21339
1177987187.5,-44.21146
1177987343.75,-44.22282
1177987500.0,-44.20116
1177987656.25,-44.23008
1177987812.5,-44.21921
1177987968.75,-44.179
1177988125.0,-44.21884
1177988281.25,-44.21761
1177988437.5,-44.2149
1177988593.75,-44.2337
1177988750.0,-44.22666
1177988906.25,-44.21289
1177989062.5,-44.22787
1177989218.75,-44.23466
1177989375.0,-44.22547
1177989531.25,-44.20781
1177989687.5,-44.2261
1177989843.75,-44.23681
1177990000.0,-44.19583
1177990156.25,-44.16953
1177990312.5,-44.20242
1177990468.75,-44.19106
1177990625.0,-44.19216
1177990781.25,-44.21769
1177990937.5,-44.1946
1177991093.75,-44.20583
1177991250.0,-44.20978
1177991406.25,-44.20363
1177991562.5,-44.20013
1177991718.75,-44.22282
1177991875.0,-44.22929
1177992031.25,-44.20338
1177992187.5,-44.21091
1177992343.75,-44.19744
1177992500.0,-44.19762
1177992656.25,-44.20371
1177992812.5,-44.19174
1177992968.75,-44.20468
1177993125.0,-44.22267
1177993281.25,-44.20026
1177993437.5,-44.20946
1177993593.75,-44.19326
1177993750.0,-44.19913
1177993906.25,-44.21913
1177994062.5,-44.21296
1177994218.75,-44.22011
1177994375.0,-44.22667
1177994531.25,-44.22009
1177994687.5,-44.19843
1177994843.75,-44.22174
1177995000.0,-44.22118
1177995156.25,-44.18276
1177995312.5,-44.18721
1177995468.75,-44.22846
1177995625.0,-44.21784
1177995781.25,-44.21465
1177995937.5,-44.18121
1177996093.75,-44.17997
1177996250.0,-44.20447
1177996406.25,-44.18169
1177996562.5,-44.19274
1177996718.75,-44.17696
1177996875.0,-44.17312
1177997031.25,-44.19714
1177997187.5,-44.20509
1177997343.75,-44.19902
1177997500.0,-44.18783
1177997656.25,-44.18528
1177997812.5,-44.18866
1177997968.75,-44.20655
1177998125.0,-44.17488
1177998281.25,-44.18053
1177998437.5,-44.18082
1177998593.75,-44.16023
1177998750.0,-44.19034
1177998906.25,-44.17725
1177999062.5,-44.18259
1177999218.75,-44.23456
1177999375.0,-44.19173
1177999531.25,-44.22937
1177999687.5,-44.17192
1177999843.75,-44.20542
1178000000.0,-44.21562
1178000156.25,-44.16639
1178000312.5,-44.18993
1178000468.75,-44.18262
1178000625.0,-44.17067
1178000781.25,-44.17451
1178000937.5,-44.19168
1178001093.75,-44.20634
1178001250.0,-44.19416
1178001406.25,-44.18609
1178001562.5,-44.20207
1178001718.75,-44.17171
1178001875.0,-44.1911
1178002031.25,-44.18775
1178002187.5,-44.18958
1178002343.75,-44.16587
1178002500.0,-44.17723
1178002656.25,-44.16408
1178002812.5,-44.17158
1178002968.75,-44.21311
1178003125.0,-44.18929
1178003281.25,-44.1743
1178003437.5,-44.18423
1178003593.75,-44.18121
1178003750.0,-44.18738
1178003906.25,-44.17244
1178004062.5,-44.16283
1178004218.75,-44.1852
1178004375.0,-44.16963
1178004531.25,-44.19297
1178004687.5,-44.16829
1178004843.75,-44.17342
1178005000.0,-44.18957
1178005156.25,-44.18496
1178005312.5,-44.17547
1178005468.75,-44.20062
1178005625.0,-44.18526
1178005781.25,-44.15604
1178005937.5,-44.18509
1178006093.75,-44.19975
1178006250.0,-44.17969
1178006406.25,-44.16721
1178006562.5,-44.17889
1178006718.75,-44.16381
1178006875.0,-44.17005
1178007031.25,-44.14909
1178007187.5,-44.16658
1178007343.75,-44.16618
1178007500.0,-44.15832
1178007656.25,-44.15461
1178007812.5,-44.15212
1178007968.75,-44.16181
1178008125.0,-44.18093
1178008281.25,-44.16989
1178008437.5,-44.16635
1178008593.75,-44.15914
1178008750.0,-44.16643
1178008906.25,-44.16325
1178009062.5,-44.17241
1178009218.75,-44.17445
1178009375.0,-44.18103
1178009531.25,-44.16898
1178009687.5,-44.15048
1178009843.75,-44.14597
1178010000.0,-44.15201
1178010156.25,-44.12794
1178010312.5,-44.17167
1178010468.75,-44.16046
1178010625.0,-44.13818
1178010781.25,-44.16508
1178010937.5,-44.17707
1178011093.75,-44.16659
1178011250.0,-44.17109
1178011406.25,-44.13448
1178011562.5,-44.1676
1178011718.75,-44.14466
1178011875.0,-44.1451
1178012031.25,-44.18454
1178012187.5,-44.14618
1178012343.75,-44.14578
1178012500.0,-44.16534
1178012656.25,-44.14833
1178012812.5,-44.18375
1178012968.75,-44.15433
1178013125.0,-44.13263
1178013281.25,-44.15633
1178013437.5,-44.14619
1178013593.75,-44.12128
1178013750.0,-44.15596
1178013906.25,-44.1328
1178014062.5,-44.17093
1178014218.75,-44.14474
1178014375.0,-44.13623
1178014531.25,-44.14586
1178014687.5,-44.14827
1178014843.75,-44.15386
1178015000.0,-44.11111
1178015156.25,-44.14933
1178015312.5,-44.11297
1178015468.75,-44.16206
1178015625.0,-44.12823
1178015781.25,-44.16477
1178015937.5,-44.15442
1178016093.75,-44.14149
1178016250.0,-44.16427
1178016406.25,-44.15014
1178016562.5,-44.15548
1178016718.75,-44.14425
1178016875.0,-44.16145
1178017031.25,-44.13811
1178017187.5,-44.15775
1178017343.75,-44.13188
1178017500.0,-44.16737
1178017656.25,-44.14642
1178017812.5,-44.11662
1178017968.75,-44.12828
1178018125.0,-44.12289
1178018281.25,-44.13394
1178018437.5,-44.13305
1178018593.75,-44.12674
1178018750.0,-44.1388
1178018906.25,-44.13951
1178019062.5,-44.11106
1178019218.75,-44.14757
1178019375.0,-44.15249
1178019531.25,-44.10607
1178019687.5,-44.11101
1178019843.75,-44.13746
1178020000.0,-44.13006
1178020156.25,-44.13362
1178020312.5,-44.1411
1178020468.75,-44.18458
1178020625.0,-44.16128
1178020781.25,-44.14481
1178020937.5,-44.12933
1178021093.75,-44.09877
1178021250.0,-44.13961
1178021406.25,-44.13514
1178021562.5,-44.1207
1178021718.75,-44.11864
1178021875.0,-44.11279
1178022031.25,-44.10844
1178022187.5,-44.13424
1178022343.75,-44.14934
1178022500.0,-44.10594
1178022656.25,-44.11351
1178022812.5,-44.13602
1178022968.75,-44.11827
1178023125.0,-44.11082
1178023281.25,-44.13306
1178023437.5,-44.13881
1178023593.75,-44.11541
1178023750.0,-44.12221
1178023906.25,-44.1135
1178024062.5,-44.11991
1178024218.75,-44.08905
1178024375.0,-44.11089
1178024531.25,-44.11012
1178024687.5,-44.10991
1178024843.75,-44.08749
1178025000.0,-44.12021
1178025156.25,-44.13358
1178025312.5,-44.1368
1178025468.75,-44.13305
1178025625.0,-44.12963
1178025781.25,-44.10048
1178025937.5,-44.11175
1178026093.75,-44.10188
1178026250.0,-44.11244
1178026406.25,-44.11065
1178026562.5,-44.09467
1178026718.75,-44.11691
1178026875.0,-44.12536
1178027031.25,-44.13195
1178027187.5,-44.10607
1178027343.75,-44.09483
1178027500.0,-44.12685
1178027656.25,-44.12522
1178027812.5,-44.14461
1178027968.75,-44.12833
1178028125.0,-44.10812
1178028281.25,-44.09911
1178028437.5,-44.10622
1178028593.75,-44.12387
1178028750.0,-44.11692
1178028906.25,-44.1344
1178029062.5,-44.11034
1178029218.75,-44.07304
1178029375.0,-44.11106
1178029531.25,-44.1373
1178029687.5,-44.12958
1178029843.75,-44.1267
1178030000.0,-44.11662
1178030156.25,-44.10313
1178030312.5,-44.10663
1178030468.75,-44.09936
1178030625.0,-44.12099
1178030781.25,-44.09348
1178030937.5,-44.13576
1178031093.75,-44.09385
1178031250.0,-44.12972
1178031406.25,-44.12759
1178031562.5,-44.11871
1178031718.75,-44.10722
1178031875.0,-44.0966
1178032031.25,-44.10656
1178032187.5,-44.10536
1178032343.75,-44.11865
1178032500.0,-44.10757
1178032656.25,-44.10625
1178032812.5,-44.07751
1178032968.75,-44.11167
1178033125.0,-44.1027
1178033281.25,-44.1043
1178033437.5,-44.09194
1178033593.75,-44.09691
1178033750.0,-44.09864
1178033906.25,-44.10462
1178034062.5,-44.11901
1178034218.75,-44.09503
1178034375.0,-44.11456
1178034531.25,-44.08813
1178034687.5,-44.08042
1178034843.75,-44.08711
1178035000.0,-44.08609
1178035156.25,-44.10683
1178035312.5,-44.10745
1178035468.75,-44.07507
1178035625.0,-44.08433
1178035781.25,-44.11082
1178035937.5,-44.07113
1178036093.75,-44.11641
1178036250.0,-44.06757
1178036406.25,-44.10284
1178036562.5,-44.08586
1178036718.75,-44.08314
1178036875.0,-44.0947
1178037031.25,-44.10072
1178037187.5,-44.10598
1178037343.75,-44.10755
1178037500.0,-44.10089
1178037656.25,-44.08878
1178037812.5,-44.0791
1178037968.75,-44.12806
1178038125.0,-44.06904
1178038281.25,-44.09658
1178038437.5,-44.09124
1178038593.75,-44.08557
1178038750.0,-44.08157
1178038906.25,-44.11382
1178039062.5,-44.10521
1178039218.75,-44.06548
1178039375.0,-44.06627
1178039531.25,-44.09232
1178039687.5,-44.08199
1178039843.75,-44.09066
1178040000.0,-44.09425
1178040156.25,-44.05938
1178040312.5,-44.07213
1178040468.75,-44.07877
1178040625.0,-44.07582
1178040781.25,-44.06039
1178040937.5,-44.06138
1178041093.75,-44.09069
1178041250.0,-44.0959
1178041406.25,-44.08792
1178041562.5,-44.10861
1178041718.75,-44.05642
1178041875.0,-44.07442
1178042031.25,-44.08002
1178042187.5,-44.06171
1178042343.75,-44.06451
1178042500.0,-44.06694
1178042656.25,-44.07001
1178042812.5,-44.08364
1178042968.75,-44.07561
1178043125.0,-44.10368
1178043281.25,-44.08673
1178043437.5,-44.07067
1178043593.75,-44.09413
1178043750.0,-44.06826
1178043906.25,-44.08051
1178044062.5,-44.08385
1178044218.75,-44.05976
1178044375.0,-44.07882
1178044531.25,-44.05765
1178044687.5,-44.05967
1178044843.75,-44.07866
1178045000.0,-44.09325
1178045156.25,-44.0908
1178045312.5,-44.033
1178045468.75,-44.09366
1178045625.0,-44.08929
1178045781.25,-44.05436
1178045937.5,-44.05953
1178046093.75,-44.06105
1178046250.0,-44.08634
1178046406.25,-44.07529
1178046562.5,-44.08847
1178046718.75,-44.05887
1178046875.0,-44.06837
1178047031.25,-44.06592
1178047187.5,-44.05262
1178047343.75,-44.058
1178047500.0,-44.09362
1178047656.25,-44.05573
1178047812.5,-44.02371
1178047968.75,-44.07472
1178048125.0,-44.08154
1178048281.25,-44.05239
1178048437.5,-44.07553
1178048593.75,-44.06872
1178048750.0,-44.03835
1178048906.25,-44.03258
1178049062.5,-44.04564
1178049218.75,-44.10261
1178049375.0,-44.04839
1178049531.25,-44.06761
1178049687.5,-44.07335
1178049843.75,-44.09154
1178050000.0,-44.05808
1178050156.25,-44.04113
1178050312.5,-44.05642
1178050468.75,-44.02136
1178050625.0,-44.06173
1178050781.25,-44.04601
1178050937.5,-44.05676
1178051093.75,-44.06874
1178051250.0,-44.05785
1178051406.25,-44.03251
1178051562.5,-44.06869
1178051718.75,-44.03451
1178051875.0,-44.06319
1178052031.25,-44.04491
1178052187.5,-44.07452
1178052343.75,-44.05616
1178052500.0,-44.04897
1178052656.25,-44.04557
1178052812.5,-44.05028
1178052968.75,-44.0316
1178053125.0,-44.04515
1178053281.25,-44.03513
1178053437.5,-44.04622
1178053593.75,-44.07342
1178053750.0,-44.01812
1178053906.25,-44.05399
1178054062.5,-44.05313
1178054218.75,-44.04825
1178054375.0,-44.06776
1178054531.25,-44.07123
1178054687.5,-44.04919
1178054843.75,-44.01674
1178055000.0,-44.02364
1178055156.25,-44.08523
1178055312.5,-44.04598
1178055468.75,-44.05627
1178055625.0,-44.0507
1178055781.25,-44.06007
1178055937.5,-44.04824
1178056093.75,-44.04454
1178056250.0,-44.03572
1178056406.25,-44.0343
1178056562.5,-44.02649
1178056718.75,-44.06647
1178056875.0,-44.00546
1178057031.25,-44.04036
1178057187.5,-44.0415
1178057343.75,-44.04549
1178057500.0,-44.03328
1178057656.25,-44.0551
1178057812.5,-44.02964
1178057968.75,-44.04443
1178058125.0,-44.02423
1178058281.25,-44.0304
1178058437.5,-44.01717
1178058593.75,-44.0392
1178058750.0,-44.02593
1178058906.25,-44.02576
1178059062.5,-44.0118
1178059218.75,-44.00614
1178059375.0,-44.06414
1178059531.25,-44.01992
1178059687.5,-44.02989
1178059843.75,-44.03607
1178060000.0,-44.0437
1178060156.25,-44.00092
1178060312.5,-44.01745
1178060468.75,-44.03929
1178060625.0,-44.01843
1178060781.25,-43.99329
1178060937.5,-44.04276
1178061093.75,-44.02411
1178061250.0,-44.04073
1178061406.25,-44.01952
1178061562.5,-44.01225
1178061718.75,-44.00687
1178061875.0,-44.027
1178062031.25,-44.01722
1178062187.5,-44.02851
1178062343.75,-44.0472
1178062500.0,-44.02174
1178062656.25,-44.02935
1178062812.5,-44.03184
1178062968.75,-44.01839
1178063125.0,-43.99321
1178063281.25,-44.00968
1178063437.5,-44.00386
1178063593.75,-44.0144
1178063750.0,-44.00745
1178063906.25,-44.03186
1178064062.5,-43.99314
1178064218.75,-44.02706
1178064375.0,-44.02532
1178064531.25,-44.01611
1178064687.5,-44.01134
1178064843.75,-44.02962
1178065000.0,-44.01911
1178065156.25,-44.04021
1178065312.5,-44.00737
1178065468.75,-44.02256
1178065625.0,-44.02528
1178065781.25,-44.02638
1178065937.5,-44.04356
1178066093.75,-43.99989
1178066250.0,-43.99405
1178066406.25,-44.02628
1178066562.5,-43.98816
1178066718.75,-44.02718
1178066875.0,-44.02346
1178067031.25,-44.04605
1178067187.5,-44.00949
1178067343.75,-44.0152
1178067500.0,-44.00034
1178067656.25,-43.99987
1178067812.5,-44.01205
1178067968.75,-44.02469
1178068125.0,-44.01056
1178068281.25,-44.01926
1178068437.5,-43.98561
1178068593.75,-44.0182
1178068750.0,-44.02326
1178068906.25,-43.99751
1178069062.5,-44.0215
1178069218.75,-44.00864
1178069375.0,-44.01111
1178069531.25,-44.02516
1178069687.5,-43.98507
1178069843.75,-43.99709
1178070000.0,-43.99268
1178070156.25,-44.01871
1178070312.5,-44.01773
1178070468.75,-43.99357
1178070625.0,-44.00853
1178070781.25,-44.01162
1178070937.5,-44.01253
1178071093.75,-43.99953
1178071250.0,-43.97705
1178071406.25,-44.00877
1178071562.5,-43.99578
1178071718.75,-43.9984
1178071875.0,-44.01436
1178072031.25,-44.01503
1178072187.5,-44.00263
1178072343.75,-43.97822
1178072500.0,-44.0134
1178072656.25,-43.98243
1178072812.5,-44.00893
1178072968.75,-43.97829
1178073125.0,-43.99064
1178073281.25,-44.00557
1178073437.5,-44.0057
1178073593.75,-43.93639
1178073750.0,-43.99458
1178073906.25,-44.00101
1178074062.5,-44.02822
1178074218.75,-43.98669
1178074375.0,-44.00052
1178074531.25,-43.98939
1178074687.5,-44.02831
1178074843.75,-43.98047
1178075000.0,-44.00946
1178075156.25,-43.96849
1178075312.5,-44.01051
1178075468.75,-44.00872
1178075625.0,-43.99499
1178075781.25,-43.97876
1178075937.5,-44.003
1178076093.75,-43.973
1178076250.0,-43.97515
1178076406.25,-43.99418
1178076562.5,-43.99589
1178076718.75,-43.97166
1178076875.0,-44.01439
1178077031.25,-43.98954
1178077187.5,-44.01318
1178077343.75,-43.95845
1178077500.0,-43.97606
1178077656.25,-43.9599
1178077812.5,-43.96371
1178077968.75,-43.98639
1178078125.0,-43.98584
1178078281.25,-43.97926
1178078437.5,-43.99028
1178078593.75,-43.97308
1178078750.0,-43.96835
1178078906.25,-43.99251
1178079062.5,-44.00239
1178079218.75,-43.98666
1178079375.0,-43.97847
1178079531.25,-43.99716
1178079687.5,-43.98682
1178079843.75,-43.99107
1178080000.0,-43.97402
1178080156.25,-43.96299
1178080312.5,-43.97971
1178080468.75,-43.96656
1178080625.0,-43.99889
1178080781.25,-43.98214
1178080937.5,-43.9838
1178081093.75,-43.97617
1178081250.0,-43.97876
1178081406.25,-43.97327
1178081562.5,-43.96821
1178081718.75,-43.96096
1178081875.0,-44.00824
1178082031.25,-43.99282
1178082187.5,-43.9895
1178082343.75,-43.98216
1178082500.0,-43.97334
1178082656.25,-43.9696
1178082812.5,-43.96198
1178082968.75,-43.96757
1178083125.0,-43.9836
1178083281.25,-43.97578
1178083437.5,-43.9605
1178083593.75,-43.96526
1178083750.0,-43.9571
1178083906.25,-43.96798
1178084062.5,-43.94516
1178084218.75,-43.96608
1178084375.0,-43.98158
1178084531.25,-43.95847
1178084687.5,-43.95039
1178084843.75,-43.97204
1178085000.0,-43.95626
1178085156.25,-43.99135
1178085312.5,-43.96643
1178085468.75,-43.97304
1178085625.0,-43.93397
1178085781.25,-43.97627
1178085937.5,-43.94999
1178086093.75,-43.95292
1178086250.0,-43.94691
1178086406.25,-43.96783
1178086562.5,-43.9493
1178086718.75,-43.95762
1178086875.0,-43.99538
1178087031.25,-43.94944
1178087187.5,-43.97161
1178087343.75,-43.97795
1178087500.0,-43.92829
1178087656.25,-43.94926
1178087812.5,-43.94321
1178087968.75,-43.97254
1178088125.0,-43.96813
1178088281.25,-43.95617
1178088437.5,-43.9577
1178088593.75,-43.93916
1178088750.0,-43.93768
1178088906.25,-43.94629
1178089062.5,-43.97945
1178089218.75,-43.94794
1178089375.0,-43.97857
1178089531.25,-43.94644
1178089687.5,-43.92962
1178089843.75,-43.96432
1178090000.0,-43.96053
1178090156.25,-43.94719
1178090312.5,-43.94438
1178090468.75,-43.95179
1178090625.0,-43.97181
1178090781.25,-43.94965
1178090937.5,-43.96707
1178091093.75,-43.92097
1178091250.0,-43.92525
1178091406.25,-43.93773
1178091562.5,-43.92503
1178091718.75,-43.97202
1178091875.0,-43.91358
1178092031.25,-43.96343
1178092187.5,-43.92799
1178092343.75,-43.96399
1178092500.0,-43.93282
1178092656.25,-43.96833
1178092812.5,-43.96675
1178092968.75,-43.9567
1178093125.0,-43.93981
1178093281.25,-43.9497
1178093437.5,-43.97837
1178093593.75,-43.95914
1178093750.0,-43.93266
1178093906.25,-43.95621
1178094062.5,-43.92598
1178094218.75,-43.93666
1178094375.0,-43.90611
1178094531.25,-43.95529
1178094687.5,-43.96562
1178094843.75,-43.94168
1178095000.0,-43.94175
1178095156.25,-43.92368
1178095312.5,-43.95181
1178095468.75,-43.96918
1178095625.0,-43.93357
1178095781.25,-43.92067
1178095937.5,-43.90606
1178096093.75,-43.9379
1178096250.0,-43.94093
1178096406.25,-43.93083
1178096562.5,-43.92076
1178096718.75,-43.88887
1178096875.0,-43.9422
1178097031.25,-43.9238
1178097187.5,-43.9574
1178097343.75,-43.93189
1178097500.0,-43.96309
1178097656.25,-43.96589
1178097812.5,-43.96423
1178097968.75,-43.9244
1178098125.0,-43.9286
1178098281.25,-43.93279
1178098437.5,-43.92646
1178098593.75,-43.93095
1178098750.0,-43.9457
1178098906.25,-43.91318
1178099062.5,-43.95835
1178099218.75,-43.91899
1178099375.0,-43.94756
1178099531.25,-43.91592
1178099687.5,-43.95892
1178099843.75,-43.93747
1178100000.0,-43.93171
1178100156.25,-43.93486
1178100312.5,-43.92959
1178100468.75,-43.91059
1178100625.0,-43.9377
1178100781.25,-43.93285
1178100937.5,-43.91584
1178101093.75,-43.91923
1178101250.0,-43.93697
1178101406.25,-43.9215
1178101562.5,-43.91906
1178101718.75,-43.90722
1178101875.0,-43.92174
1178102031.25,-43.87987
1178102187.5,-43.93074
1178102343.75,-43.89553
1178102500.0,-43.94318
1178102656.25,-43.90489
1178102812.5,-43.90094
1178102968.75,-43.93496
1178103125.0,-43.93565
1178103281.25,-43.91279
1178103437.5,-43.88179
1178103593.75,-43.9279
1178103750.0,-43.91653
1178103906.25,-43.90236
1178104062.5,-43.94432
1178104218.75,-43.92216
1178104375.0,-43.91411
1178104531.25,-43.90534
1178104687.5,-43.90996
1178104843.75,-43.93515
1178105000.0,-43.91838
1178105156.25,-43.91518
1178105312.5,-43.8951
1178105468.75,-43.901
1178105625.0,-43.89249
1178105781.25,-43.91988
1178105937.5,-43.9023
1178106093.75,-43.88551
1178106250.0,-43.88361
1178106406.25,-43.9043
1178106562.5,-43.90961
1178106718.75,-43.90276
1178106875.0,-43.91712
1178107031.25,-43.89043
1178107187.5,-43.91425
1178107343.75,-43.9067
1178107500.0,-43.92196
1178107656.25,-43.91812
1178107812.5,-43.90695
1178107968.75,-43.92296
1178108125.0,-43.87979
1178108281.25,-43.89607
1178108437.5,-43.88589
1178108593.75,-43.87111
1178108750.0,-43.90919
1178108906.25,-43.89678
1178109062.5,-43.91874
1178109218.75,-43.90255
1178109375.0,-43.92806
1178109531.25,-43.90144
1178109687.5,-43.9434
1178109843.75,-43.88095
1178110000.0,-43.89364
1178110156.25,-43.91587
1178110312.5,-43.89291
1178110468.75,-43.91037
1178110625.0,-43.88636
1178110781.25,-43.88586
1178110937.5,-43.90912
1178111093.75,-43.88181
1178111250.0,-43.88827
1178111406.25,-43.8917
1178111562.5,-43.90015
1178111718.75,-43.92739
1178111875.0,-43.87853
1178112031.25,-43.88366
1178112187.5,-43.87138
1178112343.75,-43.91195
1178112500.0,-43.87973
1178112656.25,-43.92733
1178112812.5,-43.87542
1178112968.75,-43.8859
1178113125.0,-43.88708
1178113281.25,-43.8968
1178113437.5,-43.8748
1178113593.75,-43.89933
1178113750.0,-43.89651
1178113906.25,-43.8776
1178114062.5,-43.8969
1178114218.75,-43.88847
1178114375.0,-43.90123
1178114531.25,-43.89038
1178114687.5,-43.88877
1178114843.75,-43.86861
1178115000.0,-43.87135
1178115156.25,-43.89234
1178115312.5,-43.90442
1178115468.75,-43.86781
1178115625.0,-43.9111
1178115781.25,-43.91127
1178115937.5,-43.88289
1178116093.75,-43.89125
1178116250.0,-43.89278
1178116406.25,-43.84346
1178116562.5,-43.87775
1178116718.75,-43.89691
1178116875.0,-43.87571
1178117031.25,-43.88821
1178117187.5,-43.8737
1178117343.75,-43.88152
1178117500.0,-43.8677
1178117656.25,-43.8867
1178117812.5,-43.87377
1178117968.75,-43.85156
1178118125.0,-43.90694
1178118281.25,-43.87276
1178118437.5,-43.91426
1178118593.75,-43.87453
1178118750.0,-43.85395
1178118906.25,-43.8609
1178119062.5,-43.86517
1178119218.75,-43.8744
1178119375.0,-43.85691
1178119531.25,-43.87582
1178119687.5,-43.86197
1178119843.75,-43.87692
1178120000.0,-43.86939
1178120156.25,-43.87109
1178120312.5,-43.86316
1178120468.75,-43.85292
1178120625.0,-43.86177
1178120781.25,-43.8615
1178120937.5,-43.87755
1178121093.75,-43.86641
1178121250.0,-43.87535
1178121406.25,-43.85502
1178121562.5,-43.84686
1178121718.75,-43.85403
1178121875.0,-43.84388
1178122031.25,-43.85155
1178122187.5,-43.86911
1178122343.75,-43.85889
1178122500.0,-43.8832
1178122656.25,-43.88594
1178122812.5,-43.85482
1178122968.75,-43.859
1178123125.0,-43.83998
1178123281.25,-43.88735
1178123437.5,-43.87137
1178123593.75,-43.87584
1178123750.0,-43.85484
1178123906.25,-43.89423
1178124062.5,-43.86978
1178124218.75,-43.8471
1178124375.0,-43.8573
1178124531.25,-43.86023
1178124687.5,-43.85968
1178124843.75,-43.85861
1178125000.0,-43.8783
1178125156.25,-43.83687
1178125312.5,-43.86903
1178125468.75,-43.87178
1178125625.0,-43.85469
1178125781.25,-43.8849
1178125937.5,-43.85213
1178126093.75,-43.85333
1178126250.0,-43.85831
1178126406.25,-43.85153
1178126562.5,-43.87192
1178126718.75,-43.87671
1178126875.0,-43.82691
1178127031.25,-43.85695
1178127187.5,-43.8497
1178127343.75,-43.8276
1178127500.0,-43.84104
1178127656.25,-43.835
1178127812.5,-43.8658
1178127968.75,-43.86604
1178128125.0,-43.82711
1178128281.25,-43.86032
1178128437.5,-43.82348
1178128593.75,-43.82677
1178128750.0,-43.85244
1178128906.25,-43.8504
1178129062.5,-43.83429
1178129218.75,-43.86827
1178129375.0,-43.82331
1178129531.25,-43.85036
1178129687.5,-43.86293
1178129843.75,-43.8427
1178130000.0,-43.84217
1178130156.25,-43.84642
1178130312.5,-43.8544
1178130468.75,-43.87408
1178130625.0,-43.85699
1178130781.25,-43.8575
1178130937.5,-43.84768
1178131093.75,-43.8335
1178131250.0,-43.83292
1178131406.25,-43.84297
1178131562.5,-43.8427
1178131718.75,-43.84008
1178131875.0,-43.84601
1178132031.25,-43.83518
1178132187.5,-43.84344
1178132343.75,-43.8474
1178132500.0,-43.84571
1178132656.25,-43.82673
1178132812.5,-43.84115
1178132968.75,-43.83482
1178133125.0,-43.83949
1178133281.25,-43.86874
1178133437.5,-43.84354
1178133593.75,-43.84073
1178133750.0,-43.83804
1178133906.25,-43.84393
1178134062.5,-43.84831
1178134218.75,-43.81454
1178134375.0,-43.83537
1178134531.25,-43.84277
1178134687.5,-43.81688
1178134843.75,-43.83746
1178135000.0,-43.82722
1178135156.25,-43.8401
1178135312.5,-43.83982
1178135468.75,-43.82702
1178135625.0,-43.84696
1178135781.25,-43.8376
1178135937.5,-43.8428
1178136093.75,-43.83752
1178136250.0,-43.81669
1178136406.25,-43.83416
1178136562.5,-43.83056
1178136718.75,-43.80783
1178136875.0,-43.82526
1178137031.25,-43.82265
1178137187.5,-43.84143
1178137343.75,-43.8459
1178137500.0,-43.81623
1178137656.25,-43.80501
1178137812.5,-43.81575
1178137968.75,-43.80642
1178138125.0,-43.8199
1178138281.25,-43.83599
1178138437.5,-43.81546
1178138593.75,-43.81255
1178138750.0,-43.83078
1178138906.25,-43.8332
1178139062.5,-43.82537
1178139218.75,-43.83219
1178139375.0,-43.80233
1178139531.25,-43.81728
1178139687.5,-43.81144
1178139843.75,-43.83246
1178140000.0,-43.81686
1178140156.25,-43.82785
1178140312.5,-43.80116
1178140468.75,-43.82969
1178140625.0,-43.8106
1178140781.25,-43.79954
1178140937.5,-43.80249
1178141093.75,-43.81928
1178141250.0,-43.79253
1178141406.25,-43.80278
1178141562.5,-43.78371
1178141718.75,-43.8219
1178141875.0,-43.81203
1178142031.25,-43.83121
1178142187.5,-43.8065
1178142343.75,-43.80053
1178142500.0,-43.80893
1178142656.25,-43.80251
1178142812.5,-43.80482
1178142968.75,-43.805
1178143125.0,-43.80642
1178143281.25,-43.77732
1178143437.5,-43.79604
1178143593.75,-43.80521
1178143750.0,-43.81684
1178143906.25,-43.80228
1178144062.5,-43.80462
1178144218.75,-43.78129
1178144375.0,-43.83426
1178144531.25,-43.77787
1178144687.5,-43.8386
1178144843.75,-43.8139
1178145000.0,-43.78973
1178145156.25,-43.8013
1178145312.5,-43.81247
1178145468.75,-43.79153
1178145625.0,-43.77849
1178145781.25,-43.81194
1178145937.5,-43.78349
1178146093.75,-43.7878
1178146250.0,-43.78797
1178146406.25,-43.8138
1178146562.5,-43.76925
1178146718.75,-43.79694
1178146875.0,-43.81686
1178147031.25,-43.8142
1178147187.5,-43.79885
1178147343.75,-43.79936
1178147500.0,-43.79789
1178147656.25,-43.79176
1178147812.5,-43.79256
1178147968.75,-43.8025
1178148125.0,-43.77444
1178148281.25,-43.78883
1178148437.5,-43.81229
1178148593.75,-43.81694
1178148750.0,-43.76107
1178148906.25,-43.77801
1178149062.5,-43.8065
1178149218.75,-43.81104
1178149375.0,-43.78949
1178149531.25,-43.79464
1178149687.5,-43.79433
1178149843.75,-43.77633
1178150000.0,-43.78174
1178150156.25,-43.77879
1178150312.5,-43.78898
1178150468.75,-43.78173
1178150625.0,-43.80177
1178150781.25,-43.76129
1178150937.5,-43.78479
1178151093.75,-43.81216
1178151250.0,-43.77883
1178151406.25,-43.77888
1178151562.5,-43.76257
1178151718.75,-43.79015
1178151875.0,-43.77442
1178152031.25,-43.79868
1178152187.5,-43.76381
1178152343.75,-43.79293
1178152500.0,-43.76141
1178152656.25,-43.80014
1178152812.5,-43.78307
1178152968.75,-43.77597
1178153125.0,-43.78456
1178153281.25,-43.76162
1178153437.5,-43.75784
1178153593.75,-43.77532
1178153750.0,-43.75675
1178153906.25,-43.77522
1178154062.5,-43.75891
1178154218.75,-43.80159
1178154375.0,-43.77347
1178154531.25,-43.78153
1178154687.5,-43.76746
1178154843.75,-43.76385
1178155000.0,-43.77407
1178155156.25,-43.76618
1178155312.5,-43.75719
1178155468.75,-43.78501
1178155625.0,-43.76559
1178155781.25,-43.80122
1178155937.5,-43.77344
1178156093.75,-43.77475
1178156250.0,-43.77503
1178156406.25,-43.77901
1178156562.5,-43.76932
1178156718.75,-43.77433
1178156875.0,-43.76621
1178157031.25,-43.7557
1178157187.5,-43.78193
1178157343.75,-43.7748
1178157500.0,-43.75909
1178157656.25,-43.77192
1178157812.5,-43.7732
1178157968.75,-43.75789
1178158125.0,-43.77442
1178158281.25,-43.74095
1178158437.5,-43.7487
1178158593.75,-43.7662
1178158750.0,-43.75973
1178158906.25,-43.74389
1178159062.5,-43.76634
1178159218.75,-43.76439
1178159375.0,-43.78458
1178159531.25,-43.74847
1178159687.5,-43.77206
1178159843.75,-43.77712
1178160000.0,-43.79869
1178160156.25,-43.74252
1178160312.5,-43.7409
1178160468.75,-43.75994
1178160625.0,-43.748
1178160781.25,-43.76281
1178160937.5,-43.76376
1178161093.75,-43.77804
1178161250.0,-43.77959
1178161406.25,-43.75051
1178161562.5,-43.7503
1178161718.75,-43.78414
1178161875.0,-43.73455
1178162031.25,-43.77081
1178162187.5,-43.77161
1178162343.75,-43.76963
1178162500.0,-43.73441
1178162656.25,-43.77587
1178162812.5,-43.73942
1178162968.75,-43.75584
1178163125.0,-43.75288
1178163281.25,-43.76433
1178163437.5,-43.77654
1178163593.75,-43.73409
1178163750.0,-43.76073
1178163906.25,-43.75214
1178164062.5,-43.75703
1178164218.75,-43.75608
1178164375.0,-43.76411
1178164531.25,-43.75645
1178164687.5,-43.74139
1178164843.75,-43.74156
1178165000.0,-43.76178
1178165156.25,-43.77013
1178165312.5,-43.77171
1178165468.75,-43.7659
1178165625.0,-43.74286
1178165781.25,-43.72357
1178165937.5,-43.74247
1178166093.75,-43.73106
1178166250.0,-43.71286
1178166406.25,-43.73438
1178166562.5,-43.74791
1178166718.75,-43.74677
1178166875.0,-43.70196
1178167031.25,-43.72253
1178167187.5,-43.74321
1178167343.75,-43.74942
1178167500.0,-43.7247
1178167656.25,-43.73948
1178167812.5,-43.73933
1178167968.75,-43.75885
1178168125.0,-43.74308
1178168281.25,-43.72763
1178168437.5,-43.74513
1178168593.75,-43.73931
1178168750.0,-43.73581
1178168906.25,-43.72461
1178169062.5,-43.74023
1178169218.75,-43.73205
1178169375.0,-43.73975
1178169531.25,-43.75003
1178169687.5,-43.77485
1178169843.75,-43.72767
1178170000.0,-43.73811
1178170156.25,-43.7248
1178170312.5,-43.72175
1178170468.75,-43.70368
1178170625.0,-43.70557
1178170781.25,-43.73107
1178170937.5,-43.73889
1178171093.75,-43.70575
1178171250.0,-43.72485
1178171406.25,-43.76344
1178171562.5,-43.71841
1178171718.75,-43.73265
1178171875.0,-43.74643
1178172031.25,-43.72134
1178172187.5,-43.73146
1178172343.75,-43.69918
1178172500.0,-43.73418
1178172656.25,-43.75253
1178172812.5,-43.72173
1178172968.75,-43.71992
1178173125.0,-43.72642
1178173281.25,-43.73264
1178173437.5,-43.73209
1178173593.75,-43.71691
1178173750.0,-43.74863
1178173906.25,-43.70869
1178174062.5,-43.69725
1178174218.75,-43.74409
1178174375.0,-43.71951
1178174531.25,-43.70159
1178174687.5,-43.73022
1178174843.75,-43.72763
1178175000.0,-43.74798
1178175156.25,-43.73788
1178175312.5,-43.70961
1178175468.75,-43.69693
1178175625.0,-43.69555
1178175781.25,-43.70896
1178175937.5,-43.71913
1178176093.75,-43.72654
1178176250.0,-43.74708
1178176406.25,-43.73128
1178176562.5,-43.69415
1178176718.75,-43.69706
1178176875.0,-43.73694
1178177031.25,-43.72771
1178177187.5,-43.69876
1178177343.75,-43.72437
1178177500.0,-43.7106
1178177656.25,-43.73089
1178177812.5,-43.7003
1178177968.75,-43.70518
1178178125.0,-43.69656
1178178281.25,-43.70773
1178178437.5,-43.73402
1178178593.75,-43.70403
1178178750.0,-43.70053
1178178906.25,-43.71619
1178179062.5,-43.71935
1178179218.75,-43.70889
1178179375.0,-43.67409
1178179531.25,-43.70983
1178179687.5,-43.70772
1178179843.75,-43.70984
1178180000.0,-43.6954
1178180156.25,-43.70778
1178180312.5,-43.68734
1178180468.75,-43.6809
1178180625.0,-43.71711
1178180781.25,-43.71872
1178180937.5,-43.68909
1178181093.75,-43.7017
1178181250.0,-43.70026
1178181406.25,-43.71097
1178181562.5,-43.70697
1178181718.75,-43.70726
1178181875.0,-43.68258
1178182031.25,-43.67454
1178182187.5,-43.68345
1178182343.75,-43.71687
1178182500.0,-43.69746
1178182656.25,-43.7101
1178182812.5,-43.69054
1178182968.75,-43.68714
1178183125.0,-43.68722
1178183281.25,-43.70353
1178183437.5,-43.70792
1178183593.75,-43.68922
1178183750.0,-43.69767
1178183906.25,-43.67952
1178184062.5,-43.68843
1178184218.75,-43.69925
1178184375.0,-43.71109
1178184531.25,-43.70265
1178184687.5,-43.6988
1178184843.75,-43.70286
1178185000.0,-43.67863
1178185156.25,-43.68787
1178185312.5,-43.69869
1178185468.75,-43.72514
1178185625.0,-43.67601
1178185781.25,-43.67968
1178185937.5,-43.66839
1178186093.75,-43.70133
1178186250.0,-43.68243
1178186406.25,-43.69666
1178186562.5,-43.70708
1178186718.75,-43.6945
1178186875.0,-43.67728
1178187031.25,-43.69824
1178187187.5,-43.69276
1178187343.75,-43.68829
1178187500.0,-43.6744
1178187656.25,-43.70209
1178187812.5,-43.67583
1178187968.75,-43.69035
1178188125.0,-43.68988
1178188281.25,-43.67614
1178188437.5,-43.67903
1178188593.75,-43.6953
1178188750.0,-43.68131
1178188906.25,-43.6647
1178189062.5,-43.65865
1178189218.75,-43.68547
1178189375.0,-43.71079
1178189531.25,-43.67968
1178189687.5,-43.67821
1178189843.75,-43.68342
1178190000.0,-43.69289
1178190156.25,-43.67852
1178190312.5,-43.66203
1178190468.75,-43.66843
1178190625.0,-43.65906
1178190781.25,-43.67574
1178190937.5,-43.65821
1178191093.75,-43.65802
1178191250.0,-43.68399
1178191406.25,-43.67732
1178191562.5,-43.67848
1178191718.75,-43.65667
1178191875.0,-43.67998
1178192031.25,-43.63554
1178192187.5,-43.64985
1178192343.75,-43.68183
1178192500.0,-43.69526
1178192656.25,-43.6619
1178192812.5,-43.647
1178192968.75,-43.66421
1178193125.0,-43.66904
1178193281.25,-43.66585
1178193437.5,-43.67384
1178193593.75,-43.6522
1178193750.0,-43.66302
1178193906.25,-43.66265
1178194062.5,-43.68427
1178194218.75,-43.67284
1178194375.0,-43.63519
1178194531.25,-43.65214
1178194687.5,-43.67152
1178194843.75,-43.66195
1178195000.0,-43.67868
1178195156.25,-43.64117
1178195312.5,-43.63694
1178195468.75,-43.65233
1178195625.0,-43.68545
1178195781.25,-43.66343
1178195937.5,-43.67344
1178196093.75,-43.65464
1178196250.0,-43.67575
1178196406.25,-43.65921
1178196562.5,-43.65358
1178196718.75,-43.66299
1178196875.0,-43.63239
1178197031.25,-43.63553
1178197187.5,-43.66161
1178197343.75,-43.66769
1178197500.0,-43.65355
1178197656.25,-43.64206
1178197812.5,-43.65972
1178197968.75,-43.65387
1178198125.0,-43.64703
1178198281.25,-43.68027
1178198437.5,-43.65382
1178198593.75,-43.66606
1178198750.0,-43.68689
1178198906.25,-43.65574
1178199062.5,-43.67299
1178199218.75,-43.64856
1178199375.0,-43.64325
1178199531.25,-43.65438
1178199687.5,-43.64722
1178199843.75,-43.64442
1178200000.0,-43.6441
1178200156.25,-43.67919
1178200312.5,-43.63483
1178200468.75,-43.674
1178200625.0,-43.66027
1178200781.25,-43.67939
1178200937.5,-43.64764
1178201093.75,-43.6835
1178201250.0,-43.65249
1178201406.25,-43.65553
1178201562.5,-43.62947
1178201718.75,-43.64653
1178201875.0,-43.60952
1178202031.25,-43.65104
1178202187.5,-43.65781
1178202343.75,-43.662
1178202500.0,-43.67258
1178202656.25,-43.63507
1178202812.5,-43.65428
1178202968.75,-43.62782
1178203125.0,-43.65838
1178203281.25,-43.6775
1178203437.5,-43.6412
1178203593.75,-43.636
1178203750.0,-43.62894
1178203906.25,-43.62552
1178204062.5,-43.64109
1178204218.75,-43.62587
1178204375.0,-43.62981
1178204531.25,-43.6361
1178204687.5,-43.63481
1178204843.75,-43.63322
1178205000.0,-43.64883
1178205156.25,-43.63725
1178205312.5,-43.63147
1178205468.75,-43.65283
1178205625.0,-43.64314
1178205781.25,-43.6537
1178205937.5,-43.62645
1178206093.75,-43.63922
1178206250.0,-43.61361
1178206406.25,-43.65155
1178206562.5,-43.62286
1178206718.75,-43.63744
1178206875.0,-43.65343
1178207031.25,-43.63752
1178207187.5,-43.63597
1178207343.75,-43.61337
1178207500.0,-43.626
1178207656.25,-43.63094
1178207812.5,-43.6328
1178207968.75,-43.61247
1178208125.0,-43.63175
1178208281.25,-43.62189
1178208437.5,-43.62456
1178208593.75,-43.63815
1178208750.0,-43.63829
1178208906.25,-43.64254
1178209062.5,-43.62497
1178209218.75,-43.61998
1178209375.0,-43.64221
1178209531.25,-43.61672
1178209687.5,-43.63202
1178209843.75,-43.62045
1178210000.0,-43.64208
1178210156.25,-43.64222
1178210312.5,-43.61462
1178210468.75,-43.63291
1178210625.0,-43.63178
1178210781.25,-43.62297
1178210937.5,-43.60431
1178211093.75,-43.60848
1178211250.0,-43.60302
1178211406.25,-43.61435
1178211562.5,-43.60218
1178211718.75,-43.62048
1178211875.0,-43.63693
1178212031.25,-43.59869
1178212187.5,-43.59993
1178212343.75,-43.61372
1178212500.0,-43.57574
1178212656.25,-43.60973
1178212812.5,-43.61451
1178212968.75,-43.60529
1178213125.0,-43.64612
1178213281.25,-43.65959
1178213437.5,-43.61288
1178213593.75,-43.62374
1178213750.0,-43.64576
1178213906.25,-43.6281
1178214062.5,-43.60811
1178214218.75,-43.60497
1178214375.0,-43.61853
1178214531.25,-43.61245
1178214687.5,-43.60342
1178214843.75,-43.6003
1178215000.0,-43.60911
1178215156.25,-43.61265
1178215312.5,-43.62927
1178215468.75,-43.61792
1178215625.0,-43.58944
1178215781.25,-43.60131
1178215937.5,-43.59996
1178216093.75,-43.61423
1178216250.0,-43.61001
1178216406.25,-43.60105
1178216562.5,-43.62952
1178216718.75,-43.61106
1178216875.0,-43.61583
1178217031.25,-43.59817
1178217187.5,-43.605
1178217343.75,-43.57823
1178217500.0,-43.59767
1178217656.25,-43.60228
1178217812.5,-43.61285
1178217968.75,-43.59027
1178218125.0,-43.60624
1178218281.25,-43.58435
1178218437.5,-43.60471
1178218593.75,-43.6054
1178218750.0,-43.60249
1178218906.25,-43.63998
1178219062.5,-43.5882
1178219218.75,-43.63272
1178219375.0,-43.62325
1178219531.25,-43.59161
1178219687.5,-43.60794
1178219843.75,-43.60849
1178220000.0,-43.62037
1178220156.25,-43.59475
1178220312.5,-43.6043
1178220468.75,-43.597
1178220625.0,-43.60399
1178220781.25,-43.5907
1178220937.5,-43.57476
1178221093.75,-43.59599
1178221250.0,-43.59609
1178221406.25,-43.57141
1178221562.5,-43.59943
1178221718.75,-43.59248
1178221875.0,-43.58109
1178222031.25,-43.59928
1178222187.5,-43.5845
1178222343.75,-43.59287
1178222500.0,-43.58872
1178222656.25,-43.60336
1178222812.5,-43.58192
1178222968.75,-43.60977
1178223125.0,-43.58397
1178223281.25,-43.57607
1178223437.5,-43.58311
1178223593.75,-43.58637
1178223750.0,-43.5969
1178223906.25,-43.59422
1178224062.5,-43.58204
1178224218.75,-43.59762
1178224375.0,-43.5937
1178224531.25,-43.58914
1178224687.5,-43.57098
1178224843.75,-43.58604
1178225000.0,-43.59408
1178225156.25,-43.57931
1178225312.5,-43.59726
1178225468.75,-43.59896
1178225625.0,-43.582
1178225781.25,-43.5896
1178225937.5,-43.61131
1178226093.75,-43.57915
1178226250.0,-43.55689
1178226406.25,-43.59684
1178226562.5,-43.58195
1178226718.75,-43.56085
1178226875.0,-43.5957
1178227031.25,-43.58236
1178227187.5,-43.54735
1178227343.75,-43.56233
1178227500.0,-43.57146
1178227656.25,-43.57449
1178227812.5,-43.56674
1178227968.75,-43.57966
1178228125.0,-43.56767
1178228281.25,-43.56372
1178228437.5,-43.57454
1178228593.75,-43.55258
1178228750.0,-43.58094
1178228906.25,-43.55231
1178229062.5,-43.56899
1178229218.75,-43.54102
1178229375.0,-43.5619
1178229531.25,-43.5708
1178229687.5,-43.57337
1178229843.75,-43.58629
1178230000.0,-43.58066
1178230156.25,-43.548
1178230312.5,-43.58469
1178230468.75,-43.56958
1178230625.0,-43.5565
1178230781.25,-43.58277
1178230937.5,-43.5682
1178231093.75,-43.57897
1178231250.0,-43.5432
1178231406.25,-43.55587
1178231562.5,-43.54957
1178231718.75,-43.56956
1178231875.0,-43.57011
1178232031.25,-43.55418
1178232187.5,-43.55993
1178232343.75,-43.54084
1178232500.0,-43.58433
1178232656.25,-43.57272
1178232812.5,-43.56279
1178232968.75,-43.54704
1178233125.0,-43.61345
1178233281.25,-43.53448
1178233437.5,-43.55812
1178233593.75,-43.57607
1178233750.0,-43.55982
1178233906.25,-43.56598
1178234062.5,-43.55103
1178234218.75,-43.58595
1178234375.0,-43.56796
1178234531.25,-43.58724
1178234687.5,-43.56945
1178234843.75,-43.54525
1178235000.0,-43.56726
1178235156.25,-43.54963
1178235312.5,-43.55626
1178235468.75,-43.58012
1178235625.0,-43.5439
1178235781.25,-43.53538
1178235937.5,-43.55392
1178236093.75,-43.52843
1178236250.0,-43.53171
1178236406.25,-43.55101
1178236562.5,-43.57932
1178236718.75,-43.5388
1178236875.0,-43.59098
1178237031.25,-43.5525
1178237187.5,-43.57389
1178237343.75,-43.54243
1178237500.0,-43.52931
1178237656.25,-43.56165
1178237812.5,-43.54491
1178237968.75,-43.5486
1178238125.0,-43.5424
1178238281.25,-43.52448
1178238437.5,-43.54494
1178238593.75,-43.54513
1178238750.0,-43.54116
1178238906.25,-43.54162
1178239062.5,-43.5368
1178239218.75,-43.55973
1178239375.0,-43.54848
1178239531.25,-43.53171
1178239687.5,-43.49861
1178239843.75,-43.54371
1178240000.0,-43.56009
1178240156.25,-43.53727
1178240312.5,-43.52588
1178240468.75,-43.52825
1178240625.0,-43.5414
1178240781.25,-43.52065
1178240937.5,-43.55316
1178241093.75,-43.5347
1178241250.0,-43.52116
1178241406.25,-43.54673
1178241562.5,-43.52744
1178241718.75,-43.528
1178241875.0,-43.5303
1178242031.25,-43.55416
1178242187.5,-43.53886
1178242343.75,-43.54134
1178242500.0,-43.5636
1178242656.25,-43.53252
1178242812.5,-43.54101
1178242968.75,-43.56182
1178243125.0,-43.52962
1178243281.25,-43.53331
1178243437.5,-43.53542
1178243593.75,-43.56623
1178243750.0,-43.53907
1178243906.25,-43.53781
1178244062.5,-43.52849
1178244218.75,-43.50559
1178244375.0,-43.5547
1178244531.25,-43.51334
1178244687.5,-43.52772
1178244843.75,-43.51876
1178245000.0,-43.52306
1178245156.25,-43.50416
1178245312.5,-43.53508
1178245468.75,-43.52614
1178245625.0,-43.51723
1178245781.25,-43.51548
1178245937.5,-43.55249
1178246093.75,-43.52353
1178246250.0,-43.52184
1178246406.25,-43.53477
1178246562.5,-43.53282
1178246718.75,-43.5019
1178246875.0,-43.51377
1178247031.25,-43.5313
1178247187.5,-43.52134
1178247343.75,-43.51763
1178247500.0,-43.52682
1178247656.25,-43.50769
1178247812.5,-43.51936
1178247968.75,-43.50837
1178248125.0,-43.49395
1178248281.25,-43.52283
1178248437.5,-43.55087
1178248593.75,-43.48894
1178248750.0,-43.52134
1178248906.25,-43.49941
1178249062.5,-43.50897
1178249218.75,-43.51117
1178249375.0,-43.51765
1178249531.25,-43.53964
1178249687.5,-43.50674
1178249843.75,-43.5399
1178250000.0,-43.504
1178250156.25,-43.52868
1178250312.5,-43.50803
1178250468.75,-43.49222
1178250625.0,-43.48617
1178250781.25,-43.50962
1178250937.5,-43.51703
1178251093.75,-43.46609
1178251250.0,-43.5083
1178251406.25,-43.48827
1178251562.5,-43.51842
1178251718.75,-43.51389
1178251875.0,-43.52878
1178252031.25,-43.50014
1178252187.5,-43.51377
1178252343.75,-43.49733
1178252500.0,-43.49339
1178252656.25,-43.49552
1178252812.5,-43.50622
1178252968.75,-43.49394
1178253125.0,-43.514
1178253281.25,-43.47618
1178253437.5,-43.49012
1178253593.75,-43.49125
1178253750.0,-43.49259
1178253906.25,-43.45396
1178254062.5,-43.511
1178254218.75,-43.50124
1178254375.0,-43.52478
1178254531.25,-43.49825
1178254687.5,-43.4908
1178254843.75,-43.50735
1178255000.0,-43.50538
1178255156.25,-43.49896
1178255312.5,-43.5284
1178255468.75,-43.4799
1178255625.0,-43.4894
1178255781.25,-43.49774
1178255937.5,-43.52248
1178256093.75,-43.52002
1178256250.0,-43.49212
1178256406.25,-43.48911
1178256562.5,-43.46484
1178256718.75,-43.49175
1178256875.0,-43.4919
1178257031.25,-43.49575
1178257187.5,-43.50996
1178257343.75,-43.4949
1178257500.0,-43.49343
1178257656.25,-43.51057
1178257812.5,-43.51416
1178257968.75,-43.49482
1178258125.0,-43.504
1178258281.25,-43.47805
1178258437.5,-43.46257
1178258593.75,-43.4659
1178258750.0,-43.46969
1178258906.25,-43.48575
1178259062.5,-43.46809
1178259218.75,-43.50314
1178259375.0,-43.52233
1178259531.25,-43.50349
1178259687.5,-43.48256
1178259843.75,-43.47856
1178260000.0,-43.48723
1178260156.25,-43.4853
1178260312.5,-43.48336
1178260468.75,-43.48169
1178260625.0,-43.50935
1178260781.25,-43.50373
1178260937.5,-43.4641
1178261093.75,-43.48719
1178261250.0,-43.46011
1178261406.25,-43.44907
1178261562.5,-43.46321
1178261718.75,-43.48436
1178261875.0,-43.47166
1178262031.25,-43.45434
1178262187.5,-43.46855
1178262343.75,-43.47028
1178262500.0,-43.46943
1178262656.25,-43.45562
1178262812.5,-43.47844
1178262968.75,-43.4782
1178263125.0,-43.4755
1178263281.25,-43.46883
1178263437.5,-43.45203
1178263593.75,-43.49475
1178263750.0,-43.49702
1178263906.25,-43.46941
1178264062.5,-43.47106
1178264218.75,-43.49272
1178264375.0,-43.47512
1178264531.25,-43.45076
1178264687.5,-43.45815
1178264843.75,-43.48581
1178265000.0,-43.49702
1178265156.25,-43.4702
1178265312.5,-43.47859
1178265468.75,-43.45208
1178265625.0,-43.48184
1178265781.25,-43.45811
1178265937.5,-43.47688
1178266093.75,-43.46001
1178266250.0,-43.49726
1178266406.25,-43.47195
1178266562.5,-43.48928
1178266718.75,-43.47281
1178266875.0,-43.47815
1178267031.25,-43.48709
1178267187.5,-43.45623
1178267343.75,-43.46286
1178267500.0,-43.48284
1178267656.25,-43.4442
1178267812.5,-43.46651
1178267968.75,-43.44719
1178268125.0,-43.45458
1178268281.25,-43.4497
1178268437.5,-43.4715
1178268593.75,-43.45978
1178268750.0,-43.47158
1178268906.25,-43.44952
1178269062.5,-43.46884
1178269218.75,-43.43467
1178269375.0,-43.45317
1178269531.25,-43.46042
1178269687.5,-43.44739
1178269843.75,-43.4846
1178270000.0,-43.44202
1178270156.25,-43.46584
1178270312.5,-43.44039
1178270468.75,-43.44976
1178270625.0,-43.47118
1178270781.25,-43.45848
1178270937.5,-43.4423
1178271093.75,-43.45056
1178271250.0,-43.45972
1178271406.25,-43.45549
1178271562.5,-43.43884
1178271718.75,-43.4581
1178271875.0,-43.45562
1178272031.25,-43.45406
1178272187.5,-43.45333
1178272343.75,-43.43659
1178272500.0,-43.43402
1178272656.25,-43.49172
1178272812.5,-43.46411
1178272968.75,-43.46403
1178273125.0,-43.46622
1178273281.25,-43.45152
1178273437.5,-43.44199
1178273593.75,-43.4486
1178273750.0,-43.42351
1178273906.25,-43.4866
1178274062.5,-43.44431
1178274218.75,-43.4541
1178274375.0,-43.43703
1178274531.25,-43.4435
1178274687.5,-43.42582
1178274843.75,-43.47615
1178275000.0,-43.44046
1178275156.25,-43.42194
1178275312.5,-43.41169
1178275468.75,-43.44762
1178275625.0,-43.44536
1178275781.25,-43.41586
1178275937.5,-43.44293
1178276093.75,-43.44876
1178276250.0,-43.44861
1178276406.25,-43.44137
1178276562.5,-43.42982
1178276718.75,-43.4556
1178276875.0,-43.45765
1178277031.25,-43.4311
1178277187.5,-43.46215
1178277343.75,-43.43765
1178277500.0,-43.42491
1178277656.25,-43.45626
1178277812.5,-43.43634
1178277968.75,-43.42598
1178278125.0,-43.44833
1178278281.25,-43.42249
1178278437.5,-43.43291
1178278593.75,-43.42195
1178278750.0,-43.44159
1178278906.25,-43.45932
1178279062.5,-43.4306
1178279218.75,-43.39815
1178279375.0,-43.42975
1178279531.25,-43.41516
1178279687.5,-43.44736
1178279843.75,-43.4091
1178280000.0,-43.44249
1178280156.25,-43.43425
1178280312.5,-43.43513
1178280468.75,-43.4405
1178280625.0,-43.44525
1178280781.25,-43.44256
1178280937.5,-43.43827
1178281093.75,-43.41908
1178281250.0,-43.4314
1178281406.25,-43.41298
1178281562.5,-43.40956
1178281718.75,-43.41861
1178281875.0,-43.40949
1178282031.25,-43.44205
1178282187.5,-43.39909
1178282343.75,-43.43528
1178282500.0,-43.40591
1178282656.25,-43.44452
1178282812.5,-43.42184
1178282968.75,-43.41583
1178283125.0,-43.43635
1178283281.25,-43.40458
1178283437.5,-43.39348
1178283593.75,-43.41851
1178283750.0,-43.42929
1178283906.25,-43.42271
1178284062.5,-43.43444
1178284218.75,-43.40303
1178284375.0,-43.43406
1178284531.25,-43.37312
1178284687.5,-43.40457
1178284843.75,-43.40958
1178285000.0,-43.42342
1178285156.25,-43.42708
1178285312.5,-43.4015
1178285468.75,-43.43354
1178285625.0,-43.40511
1178285781.25,-43.4383
1178285937.5,-43.40845
1178286093.75,-43.42096
1178286250.0,-43.42036
1178286406.25,-43.40436
1178286562.5,-43.40597
1178286718.75,-43.40391
1178286875.0,-43.40482
1178287031.25,-43.40643
1178287187.5,-43.41199
1178287343.75,-43.40892
1178287500.0,-43.3737
1178287656.25,-43.41372
1178287812.5,-43.40335
1178287968.75,-43.39549
1178288125.0,-43.41722
1178288281.25,-43.40989
1178288437.5,-43.39606
1178288593.75,-43.39782
1178288750.0,-43.41883
1178288906.25,-43.38739
1178289062.5,-43.40889
1178289218.75,-43.38165
1178289375.0,-43.41681
1178289531.25,-43.39684
1178289687.5,-43.3938
1178289843.75,-43.39632
1178290000.0,-43.39695
1178290156.25,-43.40043
1178290312.5,-43.41
1178290468.75,-43.40463
1178290625.0,-43.41141
1178290781.25,-43.41781
1178290937.5,-43.39848
1178291093.75,-43.37709
1178291250.0,-43.42727
1178291406.25,-43.40843
1178291562.5,-43.39274
1178291718.75,-43.39045
1178291875.0,-43.36419
1178292031.25,-43.40186
1178292187.5,-43.39867
1178292343.75,-43.40076
1178292500.0,-43.39575
1178292656.25,-43.37824
1178292812.5,-43.40202
1178292968.75,-43.39606
1178293125.0,-43.39261
1178293281.25,-43.38506
1178293437.5,-43.39019
1178293593.75,-43.38427
1178293750.0,-43.40815
1178293906.25,-43.39975
1178294062.5,-43.36011
1178294218.75,-43.40512
1178294375.0,-43.39199
1178294531.25,-43.37843
1178294687.5,-43.37588
1178294843.75,-43.39277
1178295000.0,-43.40585
1178295156.25,-43.37455
1178295312.5,-43.37124
1178295468.75,-43.40333
1178295625.0,-43.37184
1178295781.25,-43.37521
1178295937.5,-43.4035
1178296093.75,-43.40244
1178296250.0,-43.37605
1178296406.25,-43.37299
1178296562.5,-43.39541
1178296718.75,-43.38982
1178296875.0,-43.37283
1178297031.25,-43.34014
1178297187.5,-43.37915
1178297343.75,-43.39726
1178297500.0,-43.4113
1178297656.25,-43.39481
1178297812.5,-43.35922
1178297968.75,-43.39465
1178298125.0,-43.3735
1178298281.25,-43.38153
1178298437.5,-43.37122
1178298593.75,-43.36726
1178298750.0,-43.38972
1178298906.25,-43.38924
1178299062.5,-43.39894
1178299218.75,-43.37719
1178299375.0,-43.39787
1178299531.25,-43.3934
1178299687.5,-43.35661
1178299843.75,-43.36904
1178300000.0,-43.38594
1178300156.25,-43.37342
1178300312.5,-43.34793
1178300468.75,-43.33455
1178300625.0,-43.39906
1178300781.25,-43.36025
1178300937.5,-43.35451
1178301093.75,-43.39698
1178301250.0,-43.39366
1178301406.25,-43.35386
1178301562.5,-43.36473
1178301718.75,-43.34098
1178301875.0,-43.3721
1178302031.25,-43.3364
1178302187.5,-43.37492
1178302343.75,-43.35715
1178302500.0,-43.37708
1178302656.25,-43.35373
1178302812.5,-43.36781
1178302968.75,-43.35661
1178303125.0,-43.36274
1178303281.25,-43.33971
1178303437.5,-43.35454
1178303593.75,-43.36493
1178303750.0,-43.36201
1178303906.25,-43.34784
1178304062.5,-43.36108
1178304218.75,-43.36183
1178304375.0,-43.36716
1178304531.25,-43.35364
1178304687.5,-43.36827
1178304843.75,-43.3693
1178305000.0,-43.36299
1178305156.25,-43.33011
1178305312.5,-43.35495
1178305468.75,-43.34785
1178305625.0,-43.34359
1178305781.25,-43.35377
1178305937.5,-43.3684
1178306093.75,-43.33737
1178306250.0,-43.34866
1178306406.25,-43.36079
1178306562.5,-43.34849
1178306718.75,-43.33782
1178306875.0,-43.32947
1178307031.25,-43.36502
1178307187.5,-43.35732
1178307343.75,-43.34163
1178307500.0,-43.36873
1178307656.25,-43.36413
1178307812.5,-43.34386
1178307968.75,-43.30785
1178308125.0,-43.36044
1178308281.25,-43.35443
1178308437.5,-43.3225
1178308593.75,-43.34316
1178308750.0,-43.34943
1178308906.25,-43.36395
1178309062.5,-43.35916
1178309218.75,-43.32926
1178309375.0,-43.33557
1178309531.25,-43.31538
1178309687.5,-43.32359
1178309843.75,-43.35535
1178310000.0,-43.34803
1178310156.25,-43.33736
1178310312.5,-43.31043
1178310468.75,-43.32784
1178310625.0,-43.34489
1178310781.25,-43.35555
1178310937.5,-43.33433
1178311093.75,-43.35911
1178311250.0,-43.33528
1178311406.25,-43.3399
1178311562.5,-43.33652
1178311718.75,-43.33825
1178311875.0,-43.34256
1178312031.25,-43.33489
1178312187.5,-43.36644
1178312343.75,-43.3246
1178312500.0,-43.31879
1178312656.25,-43.32897
1178312812.5,-43.33279
1178312968.75,-43.36049
1178313125.0,-43.33105
1178313281.25,-43.3274
1178313437.5,-43.32666
1178313593.75,-43.3037
1178313750.0,-43.34225
1178313906.25,-43.33591
1178314062.5,-43.35119
1178314218.75,-43.33652
1178314375.0,-43.35125
1178314531.25,-43.33022
1178314687.5,-43.33095
1178314843.75,-43.33441
1178315000.0,-43.32795
1178315156.25,-43.33847
1178315312.5,-43.33281
1178315468.75,-43.33538
1178315625.0,-43.31802
1178315781.25,-43.31658
1178315937.5,-43.33491
1178316093.75,-43.31691
1178316250.0,-43.33051
1178316406.25,-43.28952
1178316562.5,-43.32481
1178316718.75,-43.3182
1178316875.0,-43.32194
1178317031.25,-43.32169
1178317187.5,-43.32178
1178317343.75,-43.31834
1178317500.0,-43.3152
1178317656.25,-43.32764
1178317812.5,-43.30334
1178317968.75,-43.30577
1178318125.0,-43.35035
1178318281.25,-43.31536
1178318437.5,-43.31307
1178318593.75,-43.32608
1178318750.0,-43.31191
1178318906.25,-43.30973
1178319062.5,-43.32128
1178319218.75,-43.32882
1178319375.0,-43.33411
1178319531.25,-43.31199
1178319687.5,-43.30359
1178319843.75,-43.29803
1178320000.0,-43.2872
1178320156.25,-43.31389
1178320312.5,-43.28221
1178320468.75,-43.30505
1178320625.0,-43.31443
1178320781.25,-43.32364
1178320937.5,-43.31091
1178321093.75,-43.29401
1178321250.0,-43.3144
1178321406.25,-43.28718
1178321562.5,-43.31526
1178321718.75,-43.3103
1178321875.0,-43.31134
1178322031.25,-43.29293
1178322187.5,-43.32005
1178322343.75,-43.2719
1178322500.0,-43.28891
1178322656.25,-43.31147
1178322812.5,-43.29533
1178322968.75,-43.30567
1178323125.0,-43.32882
1178323281.25,-43.28421
1178323437.5,-43.31501
1178323593.75,-43.28152
1178323750.0,-43.30316
1178323906.25,-43.31675
1178324062.5,-43.29266
1178324218.75,-43.29172
1178324375.0,-43.30109
1178324531.25,-43.2999
1178324687.5,-43.29186
1178324843.75,-43.29819
1178325000.0,-43.30786
1178325156.25,-43.29803
1178325312.5,-43.27102
1178325468.75,-43.31865
1178325625.0,-43.2786
1178325781.25,-43.28516
1178325937.5,-43.27687
1178326093.75,-43.30408
1178326250.0,-43.29388
1178326406.25,-43.26087
1178326562.5,-43.30365
1178326718.75,-43.28872
1178326875.0,-43.28839
1178327031.25,-43.32207
1178327187.5,-43.2897
1178327343.75,-43.29376
1178327500.0,-43.28725
1178327656.25,-43.28639
1178327812.5,-43.28658
1178327968.75,-43.28371
1178328125.0,-43.30501
1178328281.25,-43.28566
1178328437.5,-43.28976
1178328593.75,-43.2771
1178328750.0,-43.3049
1178328906.25,-43.28066
1178329062.5,-43.32392
1178329218.75,-43.24591
1178329375.0,-43.314
1178329531.25,-43.30601
1178329687.5,-43.2763
1178329843.75,-43.29393
1178330000.0,-43.30313
1178330156.25,-43.28321
1178330312.5,-43.30929
1178330468.75,-43.28875
1178330625.0,-43.29638
1178330781.25,-43.29977
1178330937.5,-43.29139
1178331093.75,-43.29715
1178331250.0,-43.27507
1178331406.25,-43.27752
1178331562.5,-43.27377
1178331718.75,-43.2629
1178331875.0,-43.28238
1178332031.25,-43.28818
1178332187.5,-43.24841
1178332343.75,-43.25934
1178332500.0,-43.27158
1178332656.25,-43.29475
1178332812.5,-43.29273
1178332968.75,-43.2915
1178333125.0,-43.29153
1178333281.25,-43.30341
1178333437.5,-43.29216
1178333593.75,-43.28629
1178333750.0,-43.26389
1178333906.25,-43.30418
1178334062.5,-43.28608
1178334218.75,-43.28758
1178334375.0,-43.26239
1178334531.25,-43.2483
1178334687.5,-43.28064
1178334843.75,-43.27261
1178335000.0,-43.302
1178335156.25,-43.26252
1178335312.5,-43.28017
1178335468.75,-43.2979
1178335625.0,-43.24908
1178335781.25,-43.25745
1178335937.5,-43.2667
1178336093.75,-43.26244
1178336250.0,-43.26507
1178336406.25,-43.25909
1178336562.5,-43.25394
1178336718.75,-43.27763
1178336875.0,-43.25557
1178337031.25,-43.24516
1178337187.5,-43.23906
1178337343.75,-43.25573
1178337500.0,-43.2534
1178337656.25,-43.27414
1178337812.5,-43.26684
1178337968.75,-43.25546
1178338125.0,-43.25243
1178338281.25,-43.24706
1178338437.5,-43.25138
1178338593.75,-43.25648
1178338750.0,-43.25738
1178338906.25,-43.23645
1178339062.5,-43.26249
1178339218.75,-43.24862
1178339375.0,-43.24148
1178339531.25,-43.25946
1178339687.5,-43.26408
1178339843.75,-43.26161
1178340000.0,-43.27826
1178340156.25,-43.25383
1178340312.5,-43.27892
1178340468.75,-43.25221
1178340625.0,-43.24408
1178340781.25,-43.25022
1178340937.5,-43.22274
1178341093.75,-43.25003
1178341250.0,-43.24509
1178341406.25,-43.23576
1178341562.5,-43.25164
1178341718.75,-43.24765
1178341875.0,-43.23641
1178342031.25,-43.24152
1178342187.5,-43.24668
1178342343.75,-43.2689
1178342500.0,-43.26236
1178342656.25,-43.24577
1178342812.5,-43.25417
1178342968.75,-43.25003
1178343125.0,-43.26019
1178343281.25,-43.24087
1178343437.5,-43.23919
1178343593.75,-43.24707
1178343750.0,-43.26039
1178343906.25,-43.22087
1178344062.5,-43.22003
1178344218.75,-43.25048
1178344375.0,-43.22513
1178344531.25,-43.24596
1178344687.5,-43.23537
1178344843.75,-43.2492
1178345000.0,-43.24416
1178345156.25,-43.22604
1178345312.5,-43.23984
1178345468.75,-43.22134
1178345625.0,-43.22944
1178345781.25,-43.25337
1178345937.5,-43.24742
1178346093.75,-43.24402
1178346250.0,-43.24195
1178346406.25,-43.2163
1178346562.5,-43.23253
1178346718.75,-43.2431
1178346875.0,-43.26431
1178347031.25,-43.22465
1178347187.5,-43.24691
1178347343.75,-43.2415
1178347500.0,-43.20427
1178347656.25,-43.24156
1178347812.5,-43.21521
1178347968.75,-43.19688
1178348125.0,-43.22419
1178348281.25,-43.23348
1178348437.5,-43.23643
1178348593.75,-43.23355
1178348750.0,-43.25396
1178348906.25,-43.20124
1178349062.5,-43.21251
1178349218.75,-43.21633
1178349375.0,-43.22412
1178349531.25,-43.21095
1178349687.5,-43.2353
1178349843.75,-43.23684
1178350000.0,-43.22615
1178350156.25,-43.23708
1178350312.5,-43.20909
1178350468.75,-43.2501
1178350625.0,-43.24432
1178350781.25,-43.20764
1178350937.5,-43.22371
1178351093.75,-43.20317
1178351250.0,-43.22147
1178351406.25,-43.20711
1178351562.5,-43.20525
1178351718.75,-43.24393
1178351875.0,-43.20979
1178352031.25,-43.21993
1178352187.5,-43.21222
1178352343.75,-43.22116
1178352500.0,-43.23615
1178352656.25,-43.22337
1178352812.5,-43.22276
1178352968.75,-43.21532
1178353125.0,-43.22498
1178353281.25,-43.20683
1178353437.5,-43.2184
1178353593.75,-43.21573
1178353750.0,-43.22338
1178353906.25,-43.2028
1178354062.5,-43.21881
1178354218.75,-43.21415
1178354375.0,-43.21406
1178354531.25,-43.19489
1178354687.5,-43.20846
1178354843.75,-43.21124
1178355000.0,-43.23952
1178355156.25,-43.21618
1178355312.5,-43.21958
1178355468.75,-43.21514
1178355625.0,-43.21581
1178355781.25,-43.22129
1178355937.5,-43.2158
1178356093.75,-43.21565
1178356250.0,-43.19663
1178356406.25,-43.21721
1178356562.5,-43.19449
1178356718.75,-43.22606
1178356875.0,-43.21636
1178357031.25,-43.19913
1178357187.5,-43.19497
1178357343.75,-43.18623
1178357500.0,-43.202
1178357656.25,-43.18408
1178357812.5,-43.20751
1178357968.75,-43.20819
1178358125.0,-43.19964
1178358281.25,-43.17841
1178358437.5,-43.22176
1178358593.75,-43.20676
1178358750.0,-43.20112
1178358906.25,-43.20908
1178359062.5,-43.21527
1178359218.75,-43.19593
1178359375.0,-43.20458
1178359531.25,-43.19713
1178359687.5,-43.17178
1178359843.75,-43.17495
1178360000.0,-43.1795
1178360156.25,-43.19924
1178360312.5,-43.19809
1178360468.75,-43.21828
1178360625.0,-43.1917
1178360781.25,-43.18993
1178360937.5,-43.19043
1178361093.75,-43.17009
1178361250.0,-43.17041
1178361406.25,-43.18773
1178361562.5,-43.19509
1178361718.75,-43.21635
1178361875.0,-43.19081
1178362031.25,-43.20814
1178362187.5,-43.19025
1178362343.75,-43.18559
1178362500.0,-43.199
1178362656.25,-43.20881
1178362812.5,-43.17631
1178362968.75,-43.1909
1178363125.0,-43.16621
1178363281.25,-43.19455
1178363437.5,-43.19075
1178363593.75,-43.17798
1178363750.0,-43.1956
1178363906.25,-43.17704
1178364062.5,-43.19385
1178364218.75,-43.17665
1178364375.0,-43.20076
1178364531.25,-43.19435
1178364687.5,-43.20467
1178364843.75,-43.21307
1178365000.0,-43.16595
1178365156.25,-43.17072
1178365312.5,-43.17077
1178365468.75,-43.19576
1178365625.0,-43.17295
1178365781.25,-43.19653
1178365937.5,-43.19974
1178366093.75,-43.18884
1178366250.0,-43.1641
1178366406.25,-43.15771
1178366562.5,-43.17
1178366718.75,-43.20197
1178366875.0,-43.17635
1178367031.25,-43.17394
1178367187.5,-43.16695
1178367343.75,-43.17557
1178367500.0,-43.16923
1178367656.25,-43.19265
1178367812.5,-43.17487
1178367968.75,-43.16578
1178368125.0,-43.16307
1178368281.25,-43.19854
1178368437.5,-43.16056
1178368593.75,-43.17609
1178368750.0,-43.17071
1178368906.25,-43.15977
1178369062.5,-43.18419
1178369218.75,-43.17168
1178369375.0,-43.16543
1178369531.25,-43.17283
1178369687.5,-43.161
1178369843.75,-43.16513
1178370000.0,-43.16768
1178370156.25,-43.18159
1178370312.5,-43.17607
1178370468.75,-43.18107
1178370625.0,-43.15099
1178370781.25,-43.15085
1178370937.5,-43.18332
1178371093.75,-43.16999
1178371250.0,-43.17826
1178371406.25,-43.15043
1178371562.5,-43.16052
1178371718.75,-43.17385
1178371875.0,-43.1688
1178372031.25,-43.16737
1178372187.5,-43.15609
1178372343.75,-43.15497
1178372500.0,-43.16523
1178372656.25,-43.15919
1178372812.5,-43.15839
1178372968.75,-43.15938
1178373125.0,-43.17511
1178373281.25,-43.16474
1178373437.5,-43.1602
1178373593.75,-43.16651
1178373750.0,-43.1406
1178373906.25,-43.14964
1178374062.5,-43.14349
1178374218.75,-43.14585
1178374375.0,-43.12908
1178374531.25,-43.14693
1178374687.5,-43.15687
1178374843.75,-43.15636
1178375000.0,-43.16956
1178375156.25,-43.12769
1178375312.5,-43.15389
1178375468.75,-43.13227
1178375625.0,-43.16227
1178375781.25,-43.13971
1178375937.5,-43.1708
1178376093.75,-43.11774
1178376250.0,-43.16299
1178376406.25,-43.1297
1178376562.5,-43.14082
1178376718.75,-43.14777
1178376875.0,-43.16435
1178377031.25,-43.12688
1178377187.5,-43.1468
1178377343.75,-43.17156
1178377500.0,-43.1375
1178377656.25,-43.1211
1178377812.5,-43.11514
1178377968.75,-43.15406
1178378125.0,-43.1702
1178378281.25,-43.16562
1178378437.5,-43.16547
1178378593.75,-43.13213
1178378750.0,-43.16549
1178378906.25,-43.15003
1178379062.5,-43.15109
1178379218.75,-43.14895
1178379375.0,-43.10824
1178379531.25,-43.10123
1178379687.5,-43.14643
1178379843.75,-43.15051
1178380000.0,-43.13293
1178380156.25,-43.14187
1178380312.5,-43.14035
1178380468.75,-43.14255
1178380625.0,-43.15087
1178380781.25,-43.1284
1178380937.5,-43.151
1178381093.75,-43.14537
1178381250.0,-43.14458
1178381406.25,-43.15368
1178381562.5,-43.14199
1178381718.75,-43.12323
1178381875.0,-43.11464
1178382031.25,-43.13657
1178382187.5,-43.10947
1178382343.75,-43.1307
1178382500.0,-43.127
1178382656.25,-43.12176
1178382812.5,-43.13045
1178382968.75,-43.12161
1178383125.0,-43.13378
1178383281.25,-43.12872
1178383437.5,-43.12389
1178383593.75,-43.14478
1178383750.0,-43.08615
1178383906.25,-43.14027
1178384062.5,-43.1195
1178384218.75,-43.10946
1178384375.0,-43.11614
1178384531.25,-43.13256
1178384687.5,-43.1131
1178384843.75,-43.12409
1178385000.0,-43.1369
1178385156.25,-43.13792
1178385312.5,-43.12323
1178385468.75,-43.12006
1178385625.0,-43.11948
1178385781.25,-43.13869
1178385937.5,-43.12519
1178386093.75,-43.14455
1178386250.0,-43.10301
1178386406.25,-43.09183
1178386562.5,-43.11383
1178386718.75,-43.11415
1178386875.0,-43.13176
1178387031.25,-43.14074
1178387187.5,-43.11993
1178387343.75,-43.11128
1178387500.0,-43.11914
1178387656.25,-43.12209
1178387812.5,-43.10767
1178387968.75,-43.11965
1178388125.0,-43.10112
1178388281.25,-43.12408
1178388437.5,-43.10215
1178388593.75,-43.12867
1178388750.0,-43.1045
1178388906.25,-43.14491
1178389062.5,-43.10868
1178389218.75,-43.10574
1178389375.0,-43.10891
1178389531.25,-43.10742
1178389687.5,-43.12015
1178389843.75,-43.08894
1178390000.0,-43.08251
1178390156.25,-43.14753
1178390312.5,-43.11101
1178390468.75,-43.12959
1178390625.0,-43.11436
1178390781.25,-43.13666
1178390937.5,-43.12103
1178391093.75,-43.10164
1178391250.0,-43.09516
1178391406.25,-43.08807
1178391562.5,-43.10555
1178391718.75,-43.0929
1178391875.0,-43.13374
1178392031.25,-43.10464
1178392187.5,-43.1103
1178392343.75,-43.09081
1178392500.0,-43.10299
1178392656.25,-43.08785
1178392812.5,-43.09949
1178392968.75,-43.09598
1178393125.0,-43.08424
1178393281.25,-43.10637
1178393437.5,-43.11022
1178393593.75,-43.10452
1178393750.0,-43.10077
1178393906.25,-43.09291
1178394062.5,-43.09235
1178394218.75,-43.12947
1178394375.0,-43.10083
1178394531.25,-43.10902
1178394687.5,-43.0928
1178394843.75,-43.09668
1178395000.0,-43.08988
1178395156.25,-43.09719
1178395312.5,-43.0941
1178395468.75,-43.09139
1178395625.0,-43.1222
1178395781.25,-43.08138
1178395937.5,-43.08402
1178396093.75,-43.09864
1178396250.0,-43.10234
1178396406.25,-43.09237
1178396562.5,-43.07456
1178396718.75,-43.09359
1178396875.0,-43.10138
1178397031.25,-43.08913
1178397187.5,-43.09035
1178397343.75,-43.09204
1178397500.0,-43.08028
1178397656.25,-43.09694
1178397812.5,-43.07467
1178397968.75,-43.08825
1178398125.0,-43.07233
1178398281.25,-43.07627
1178398437.5,-43.09743
1178398593.75,-43.08938
1178398750.0,-43.07001
1178398906.25,-43.0717
1178399062.5,-43.08559
1178399218.75,-43.06626
1178399375.0,-43.06723
1178399531.25,-43.07703
1178399687.5,-43.0889
1178399843.75,-43.08815
1178400000.0,-43.08296
1178400156.25,-43.0915
1178400312.5,-43.06863
1178400468.75,-43.04833
1178400625.0,-43.0751
1178400781.25,-43.06445
1178400937.5,-43.06707
1178401093.75,-43.05483
1178401250.0,-43.05161
1178401406.25,-43.08273
1178401562.5,-43.06888
1178401718.75,-43.07463
1178401875.0,-43.08401
1178402031.25,-43.094
1178402187.5,-43.06567
1178402343.75,-43.07407
1178402500.0,-43.08295
1178402656.25,-43.08521
1178402812.5,-43.08926
1178402968.75,-43.07736
1178403125.0,-43.0538
1178403281.25,-43.0701
1178403437.5,-43.08747
1178403593.75,-43.07345
1178403750.0,-43.09235
1178403906.25,-43.10657
1178404062.5,-43.06678
1178404218.75,-43.04396
1178404375.0,-43.05813
1178404531.25,-43.08829
1178404687.5,-43.05371
1178404843.75,-43.07147
1178405000.0,-43.06583
1178405156.25,-43.07425
1178405312.5,-43.06536
1178405468.75,-43.05399
1178405625.0,-43.07475
1178405781.25,-43.0673
1178405937.5,-43.06171
1178406093.75,-43.08733
1178406250.0,-43.06107
1178406406.25,-43.07127
1178406562.5,-43.05159
1178406718.75,-43.04829
1178406875.0,-43.0468
1178407031.25,-43.06741
1178407187.5,-43.07616
1178407343.75,-43.05833
1178407500.0,-43.04863
1178407656.25,-43.05809
1178407812.5,-43.08264
1178407968.75,-43.04199
1178408125.0,-43.06587
1178408281.25,-43.04226
1178408437.5,-43.06788
1178408593.75,-43.05563
1178408750.0,-43.02888
1178408906.25,-43.04452
1178409062.5,-43.03743
1178409218.75,-43.07467
1178409375.0,-43.06306
1178409531.25,-43.05294
1178409687.5,-43.0511
1178409843.75,-43.06696
1178410000.0,-43.04385
1178410156.25,-43.03454
1178410312.5,-43.07756
1178410468.75,-43.0497
1178410625.0,-43.0246
1178410781.25,-43.06183
1178410937.5,-43.06134
1178411093.75,-43.04337
1178411250.0,-43.03967
1178411406.25,-43.03202
1178411562.5,-43.04057
1178411718.75,-43.05316
1178411875.0,-43.05261
1178412031.25,-43.03033
1178412187.5,-43.05285
1178412343.75,-43.03485
1178412500.0,-43.05091
1178412656.25,-43.02658
1178412812.5,-43.03662
1178412968.75,-43.05364
1178413125.0,-43.03518
1178413281.25,-43.03508
1178413437.5,-43.04888
1178413593.75,-43.02819
1178413750.0,-43.0286
1178413906.25,-43.06079
1178414062.5,-43.05154
1178414218.75,-43.03196
1178414375.0,-43.00546
1178414531.25,-43.01037
1178414687.5,-43.04943
1178414843.75,-43.0603
1178415000.0,-43.04988
1178415156.25,-43.02355
1178415312.5,-43.03685
1178415468.75,-43.03268
1178415625.0,-43.0204
1178415781.25,-43.02996
1178415937.5,-43.00441
1178416093.75,-43.01713
1178416250.0,-43.00517
1178416406.25,-43.03115
1178416562.5,-43.02951
1178416718.75,-43.02856
1178416875.0,-43.04503
1178417031.25,-43.02926
1178417187.5,-43.02504
1178417343.75,-43.01635
1178417500.0,-43.02607
1178417656.25,-43.05673
1178417812.5,-43.02066
1178417968.75,-43.04754
1178418125.0,-43.03123
1178418281.25,-43.03519
1178418437.5,-43.01883
1178418593.75,-43.0162
1178418750.0,-43.00248
1178418906.25,-43.01576
1178419062.5,-43.02064
1178419218.75,-43.03007
1178419375.0,-43.02754
1178419531.25,-43.02381
1178419687.5,-43.02346
1178419843.75,-43.04083
1178420000.0,-43.00372
1178420156.25,-43.0121
1178420312.5,-43.01654
1178420468.75,-43.01508
1178420625.0,-43.00381
1178420781.25,-43.04301
1178420937.5,-43.00925
1178421093.75,-43.00991
1178421250.0,-43.03917
1178421406.25,-43.02321
1178421562.5,-43.0314
1178421718.75,-43.02635
1178421875.0,-43.01761
1178422031.25,-43.02315
1178422187.5,-43.02586
1178422343.75,-43.01177
1178422500.0,-43.00714
1178422656.25,-43.02431
1178422812.5,-42.98915
1178422968.75,-43.01413
1178423125.0,-42.98529
1178423281.25,-42.98771
1178423437.5,-43.02313
1178423593.75,-43.01349
1178423750.0,-42.98737
1178423906.25,-43.0213
1178424062.5,-43.0192
1178424218.75,-42.98511
1178424375.0,-43.01224
1178424531.25,-42.98087
1178424687.5,-43.00149
1178424843.75,-43.00691
1178425000.0,-42.98461
1178425156.25,-43.0116
1178425312.5,-43.00701
1178425468.75,-43.00349
1178425625.0,-43.01264
1178425781.25,-43.00196
1178425937.5,-43.02139
1178426093.75,-43.01735
1178426250.0,-43.01886
1178426406.25,-42.96919
1178426562.5,-43.0155
1178426718.75,-43.01807
1178426875.0,-42.98634
1178427031.25,-42.97605
1178427187.5,-43.00128
1178427343.75,-42.99493
1178427500.0,-42.99081
1178427656.25,-42.98813
1178427812.5,-43.01046
1178427968.75,-42.9999
1178428125.0,-42.99174
1178428281.25,-42.99588
1178428437.5,-43.0181
1178428593.75,-42.98293
1178428750.0,-43.01979
1178428906.25,-43.02832
1178429062.5,-43.00623
1178429218.75,-42.98486
1178429375.0,-42.98523
1178429531.25,-42.99189
1178429687.5,-43.00398
1178429843.75,-43.01168
1178430000.0,-42.98208
1178430156.25,-42.99513
1178430312.5,-42.98062
1178430468.75,-42.99694
1178430625.0,-42.97258
1178430781.25,-43.00738
1178430937.5,-42.97533
1178431093.75,-42.9902
1178431250.0,-42.98088
1178431406.25,-43.00167
1178431562.5,-42.97537
1178431718.75,-42.98419
1178431875.0,-42.9701
1178432031.25,-42.97601
1178432187.5,-42.97058
1178432343.75,-42.98975
1178432500.0,-42.9851
1178432656.25,-43.00085
1178432812.5,-42.97667
1178432968.75,-42.97888
1178433125.0,-42.99038
1178433281.25,-42.98509
1178433437.5,-42.95266
1178433593.75,-42.9862
1178433750.0,-42.97653
1178433906.25,-42.97586
1178434062.5,-42.97913
1178434218.75,-42.98284
1178434375.0,-42.98491
1178434531.25,-42.98523
1178434687.5,-42.99631
1178434843.75,-42.96689
1178435000.0,-42.9721
1178435156.25,-42.97948
1178435312.5,-42.98134
1178435468.75,-42.94826
1178435625.0,-42.95281
1178435781.25,-42.96947
1178435937.5,-43.00634
1178436093.75,-42.97593
1178436250.0,-42.9668
1178436406.25,-42.95127
1178436562.5,-42.98071
1178436718.75,-42.98956
1178436875.0,-42.96214
1178437031.25,-42.9649
1178437187.5,-42.96299
1178437343.75,-42.98914
1178437500.0,-42.95712
1178437656.25,-42.97283
1178437812.5,-42.97667
1178437968.75,-42.95494
1178438125.0,-42.98439
1178438281.25,-42.96408
1178438437.5,-42.96778
1178438593.75,-42.98512
1178438750.0,-42.94529
1178438906.25,-42.96317
1178439062.5,-42.96695
1178439218.75,-42.95323
1178439375.0,-42.9629
1178439531.25,-42.96509
1178439687.5,-42.95219
1178439843.75,-42.97042
1178440000.0,-42.9719
1178440156.25,-42.96522
1178440312.5,-42.95448
1178440468.75,-42.96817
1178440625.0,-42.95684
1178440781.25,-42.94828
1178440937.5,-42.94583
1178441093.75,-42.95919
1178441250.0,-42.93257
1178441406.25,-42.96095
1178441562.5,-42.95827
1178441718.75,-42.98192
1178441875.0,-42.97576
1178442031.25,-42.94551
1178442187.5,-42.96796
1178442343.75,-42.93494
1178442500.0,-42.94036
1178442656.25,-42.94795
1178442812.5,-42.9644
1178442968.75,-42.94306
1178443125.0,-42.95122
1178443281.25,-42.95924
1178443437.5,-42.9605
1178443593.75,-42.95816
1178443750.0,-42.95589
1178443906.25,-42.9657
1178444062.5,-42.97292
1178444218.75,-42.98237
1178444375.0,-42.95148
1178444531.25,-42.9623
1178444687.5,-42.96545
1178444843.75,-42.95628
1178445000.0,-42.92855
1178445156.25,-42.94069
1178445312.5,-42.95975
1178445468.75,-42.92793
1178445625.0,-42.92809
1178445781.25,-42.93565
1178445937.5,-42.95248
1178446093.75,-42.94799
1178446250.0,-42.91706
1178446406.25,-42.93021
1178446562.5,-42.94084
1178446718.75,-42.96462
1178446875.0,-42.9367
1178447031.25,-42.94115
1178447187.5,-42.94817
1178447343.75,-42.948
1178447500.0,-42.92173
1178447656.25,-42.94964
1178447812.5,-42.92514
1178447968.75,-42.92012
1178448125.0,-42.92868
1178448281.25,-42.93659
1178448437.5,-42.92071
1178448593.75,-42.95279
1178448750.0,-42.94291
1178448906.25,-42.93127
1178449062.5,-42.93955
1178449218.75,-42.9377
1178449375.0,-42.91856
1178449531.25,-42.94447
1178449687.5,-42.93225
1178449843.75,-42.94271
1178450000.0,-42.92545
1178450156.25,-42.92636
1178450312.5,-42.95722
1178450468.75,-42.91733
1178450625.0,-42.94686
1178450781.25,-42.93264
1178450937.5,-42.91441
1178451093.75,-42.93735
1178451250.0,-42.93269
1178451406.25,-42.91165
1178451562.5,-42.90911
1178451718.75,-42.92768
1178451875.0,-42.92167
1178452031.25,-42.93964
1178452187.5,-42.92778
1178452343.75,-42.93122
1178452500.0,-42.93251
1178452656.25,-42.93397
1178452812.5,-42.94023
1178452968.75,-42.92131
1178453125.0,-42.92205
1178453281.25,-42.90598
1178453437.5,-42.92777
1178453593.75,-42.91686
1178453750.0,-42.93338
1178453906.25,-42.93854
1178454062.5,-42.93419
1178454218.75,-42.90149
1178454375.0,-42.92212
1178454531.25,-42.91336
1178454687.5,-42.91042
1178454843.75,-42.9177
1178455000.0,-42.91566
1178455156.25,-42.91295
1178455312.5,-42.93199
1178455468.75,-42.91524
1178455625.0,-42.93216
1178455781.25,-42.91193
1178455937.5,-42.91649
1178456093.75,-42.916
1178456250.0,-42.92473
1178456406.25,-42.90619
1178456562.5,-42.90249
1178456718.75,-42.90516
1178456875.0,-42.92453
1178457031.25,-42.92034
1178457187.5,-42.91148
1178457343.75,-42.90327
1178457500.0,-42.9235
1178457656.25,-42.88499
1178457812.5,-42.8968
1178457968.75,-42.91234
1178458125.0,-42.87924
1178458281.25,-42.92079
1178458437.5,-42.90063
1178458593.75,-42.90904
1178458750.0,-42.88263
1178458906.25,-42.90572
1178459062.5,-42.91285
1178459218.75,-42.88795
1178459375.0,-42.89237
1178459531.25,-42.90104
1178459687.5,-42.90962
1178459843.75,-42.87205
1178460000.0,-42.89848
1178460156.25,-42.91467
1178460312.5,-42.8742
1178460468.75,-42.91116
1178460625.0,-42.88274
1178460781.25,-42.91441
1178460937.5,-42.90988
1178461093.75,-42.89671
1178461250.0,-42.88949
1178461406.25,-42.85966
1178461562.5,-42.91253
1178461718.75,-42.89642
1178461875.0,-42.89644
1178462031.25,-42.88951
1178462187.5,-42.89936
1178462343.75,-42.89975
1178462500.0,-42.89415
1178462656.25,-42.88247
1178462812.5,-42.89965
1178462968.75,-42.90892
1178463125.0,-42.89573
1178463281.25,-42.89312
1178463437.5,-42.91241
1178463593.75,-42.90522
1178463750.0,-42.9063
1178463906.25,-42.90913
1178464062.5,-42.88198
1178464218.75,-42.89215
1178464375.0,-42.92082
1178464531.25,-42.87188
1178464687.5,-42.8738
1178464843.75,-42.86219
1178465000.0,-42.90487
1178465156.25,-42.87533
1178465312.5,-42.89754
1178465468.75,-42.90485
1178465625.0,-42.9073
1178465781.25,-42.89555
1178465937.5,-42.87516
1178466093.75,-42.87331
1178466250.0,-42.86864
1178466406.25,-42.87073
1178466562.5,-42.87377
1178466718.75,-42.8811
1178466875.0,-42.86092
1178467031.25,-42.88949
1178467187.5,-42.87326
1178467343.75,-42.88163
1178467500.0,-42.88042
1178467656.25,-42.89083
1178467812.5,-42.87504
1178467968.75,-42.87059
1178468125.0,-42.87564
1178468281.25,-42.89681
1178468437.5,-42.84782
1178468593.75,-42.90512
1178468750.0,-42.87952
1178468906.25,-42.87024
1178469062.5,-42.8721
1178469218.75,-42.89204
1178469375.0,-42.85287
1178469531.25,-42.88799
1178469687.5,-42.87486
1178469843.75,-42.87343
1178470000.0,-42.88032
1178470156.25,-42.87798
1178470312.5,-42.87389
1178470468.75,-42.87901
1178470625.0,-42.88718
1178470781.25,-42.88681
1178470937.5,-42.85279
1178471093.75,-42.85845
1178471250.0,-42.84965
1178471406.25,-42.8631
1178471562.5,-42.86163
1178471718.75,-42.87239
1178471875.0,-42.87166
1178472031.25,-42.85943
1178472187.5,-42.86163
1178472343.75,-42.8582
1178472500.0,-42.85194
1178472656.25,-42.87469
1178472812.5,-42.8571
1178472968.75,-42.83637
1178473125.0,-42.84598
1178473281.25,-42.84994
1178473437.5,-42.86321
1178473593.75,-42.85107
1178473750.0,-42.86407
1178473906.25,-42.85477
1178474062.5,-42.86872
1178474218.75,-42.84609
1178474375.0,-42.85144
1178474531.25,-42.87434
1178474687.5,-42.85302
1178474843.75,-42.86713
1178475000.0,-42.85369
1178475156.25,-42.86378
1178475312.5,-42.85614
1178475468.75,-42.84175
1178475625.0,-42.84084
1178475781.25,-42.83993
1178475937.5,-42.8426
1178476093.75,-42.88634
1178476250.0,-42.84186
1178476406.25,-42.85076
1178476562.5,-42.85017
1178476718.75,-42.83342
1178476875.0,-42.83506
1178477031.25,-42.8527
1178477187.5,-42.84908
1178477343.75,-42.84626
1178477500.0,-42.83228
1178477656.25,-42.82911
1178477812.5,-42.84745
1178477968.75,-42.83893
1178478125.0,-42.85677
1178478281.25,-42.82838
1178478437.5,-42.84653
1178478593.75,-42.83303
1178478750.0,-42.85578
1178478906.25,-42.8461
1178479062.5,-42.84999
1178479218.75,-42.85554
1178479375.0,-42.82483
1178479531.25,-42.84723
1178479687.5,-42.82583
1178479843.75,-42.85439
1178480000.0,-42.83424
1178480156.25,-42.85896
1178480312.5,-42.83704
1178480468.75,-42.85754
1178480625.0,-42.82714
1178480781.25,-42.85071
1178480937.5,-42.84773
1178481093.75,-42.83866
1178481250.0,-42.85776
1178481406.25,-42.84077
1178481562.5,-42.84169
1178481718.75,-42.83884
1178481875.0,-42.81831
1178482031.25,-42.81792
1178482187.5,-42.84636
1178482343.75,-42.83602
1178482500.0,-42.82753
1178482656.25,-42.8398
1178482812.5,-42.83365
1178482968.75,-42.80977
1178483125.0,-42.77721
1178483281.25,-42.83123
1178483437.5,-42.82944
1178483593.75,-42.84003
1178483750.0,-42.81952
1178483906.25,-42.83049
1178484062.5,-42.82798
1178484218.75,-42.82894
1178484375.0,-42.81336
1178484531.25,-42.81634
1178484687.5,-42.82102
1178484843.75,-42.82238
1178485000.0,-42.83024
1178485156.25,-42.83402
1178485312.5,-42.84126
1178485468.75,-42.80898
1178485625.0,-42.81621
1178485781.25,-42.81675
1178485937.5,-42.8219
1178486093.75,-42.80173
1178486250.0,-42.80822
1178486406.25,-42.8433
1178486562.5,-42.8106
1178486718.75,-42.80629
1178486875.0,-42.82895
1178487031.25,-42.83408
1178487187.5,-42.827
1178487343.75,-42.81148
1178487500.0,-42.82058
1178487656.25,-42.82489
1178487812.5,-42.82475
1178487968.75,-42.8116
1178488125.0,-42.81432
1178488281.25,-42.82389
1178488437.5,-42.81658
1178488593.75,-42.7952
1178488750.0,-42.8026
1178488906.25,-42.7989
1178489062.5,-42.82867
1178489218.75,-42.82381
1178489375.0,-42.80534
1178489531.25,-42.79889
1178489687.5,-42.7967
1178489843.75,-42.82212
1178490000.0,-42.82161
1178490156.25,-42.79817
1178490312.5,-42.81233
1178490468.75,-42.77857
1178490625.0,-42.79476
1178490781.25,-42.78449
1178490937.5,-42.81736
1178491093.75,-42.79871
1178491250.0,-42.79984
1178491406.25,-42.80051
1178491562.5,-42.82598
1178491718.75,-42.81144
1178491875.0,-42.79918
1178492031.25,-42.79877
1178492187.5,-42.7879
1178492343.75,-42.79877
1178492500.0,-42.8112
1178492656.25,-42.78153
1178492812.5,-42.78516
1178492968.75,-42.76984
1178493125.0,-42.77973
1178493281.25,-42.80368
1178493437.5,-42.82029
1178493593.75,-42.80584
1178493750.0,-42.77918
1178493906.25,-42.79807
1178494062.5,-42.78905
1178494218.75,-42.79055
1178494375.0,-42.79454
1178494531.25,-42.80511
1178494687.5,-42.81169
1178494843.75,-42.78848
1178495000.0,-42.77934
1178495156.25,-42.78029
1178495312.5,-42.78669
1178495468.75,-42.77352
1178495625.0,-42.78563
1178495781.25,-42.77906
1178495937.5,-42.79073
1178496093.75,-42.77588
1178496250.0,-42.81276
1178496406.25,-42.77684
1178496562.5,-42.80599
1178496718.75,-42.77083
1178496875.0,-42.78249
1178497031.25,-42.80536
1178497187.5,-42.79173
1178497343.75,-42.7878
1178497500.0,-42.8021
1178497656.25,-42.78814
1178497812.5,-42.77044
1178497968.75,-42.78269
1178498125.0,-42.78241
1178498281.25,-42.77392
1178498437.5,-42.75063
1178498593.75,-42.77204
1178498750.0,-42.77705
1178498906.25,-42.77646
1178499062.5,-42.78176
1178499218.75,-42.77858
1178499375.0,-42.78091
1178499531.25,-42.75617
1178499687.5,-42.77379
1178499843.75,-42.79582
1178500000.0,-42.78023
1178500156.25,-42.77557
1178500312.5,-42.7919
1178500468.75,-42.76212
1178500625.0,-42.78255
1178500781.25,-42.77559
1178500937.5,-42.76732
1178501093.75,-42.75636
1178501250.0,-42.76245
1178501406.25,-42.78476
1178501562.5,-42.75932
1178501718.75,-42.78744
1178501875.0,-42.78479
1178502031.25,-42.77722
1178502187.5,-42.76255
1178502343.75,-42.76061
1178502500.0,-42.77325
1178502656.25,-42.77637
1178502812.5,-42.77094
1178502968.75,-42.77456
1178503125.0,-42.77289
1178503281.25,-42.77592
1178503437.5,-42.78063
1178503593.75,-42.75978
1178503750.0,-42.76585
1178503906.25,-42.76523
1178504062.5,-42.77618
1178504218.75,-42.75617
1178504375.0,-42.75114
1178504531.25,-42.78467
1178504687.5,-42.75155
1178504843.75,-42.75654
1178505000.0,-42.75243
1178505156.25,-42.75649
1178505312.5,-42.78523
1178505468.75,-42.76559
1178505625.0,-42.74268
1178505781.25,-42.77823
1178505937.5,-42.77363
1178506093.75,-42.76712
1178506250.0,-42.76383
1178506406.25,-42.76513
1178506562.5,-42.73407
1178506718.75,-42.75789
1178506875.0,-42.77328
1178507031.25,-42.74702
1178507187.5,-42.78873
1178507343.75,-42.74038
1178507500.0,-42.76951
1178507656.25,-42.74222
1178507812.5,-42.74821
1178507968.75,-42.73839
1178508125.0,-42.7424
1178508281.25,-42.76503
1178508437.5,-42.74038
1178508593.75,-42.74248
1178508750.0,-42.77131
1178508906.25,-42.76494
1178509062.5,-42.75084
1178509218.75,-42.75944
1178509375.0,-42.72967
1178509531.25,-42.74975
1178509687.5,-42.76477
1178509843.75,-42.74269
1178510000.0,-42.73365
1178510156.25,-42.73381
1178510312.5,-42.74934
1178510468.75,-42.73469
1178510625.0,-42.74736
1178510781.25,-42.73579
1178510937.5,-42.74068
1178511093.75,-42.72454
1178511250.0,-42.74923
1178511406.25,-42.73468
1178511562.5,-42.74478
1178511718.75,-42.72547
1178511875.0,-42.73881
1178512031.25,-42.73471
1178512187.5,-42.75763
1178512343.75,-42.73357
1178512500.0,-42.75513
1178512656.25,-42.74978
1178512812.5,-42.75149
1178512968.75,-42.71738
1178513125.0,-42.73246
1178513281.25,-42.73043
1178513437.5,-42.73226
1178513593.75,-42.73239
1178513750.0,-42.75449
1178513906.25,-42.72282
1178514062.5,-42.75757
1178514218.75,-42.73821
1178514375.0,-42.73965
1178514531.25,-42.70217
1178514687.5,-42.73048
1178514843.75,-42.71292
1178515000.0,-42.7248
1178515156.25,-42.7478
1178515312.5,-42.74461
1178515468.75,-42.72535
1178515625.0,-42.75518
1178515781.25,-42.71471
1178515937.5,-42.72327
1178516093.75,-42.71893
1178516250.0,-42.73925
1178516406.25,-42.72655
1178516562.5,-42.72806
1178516718.75,-42.71629
1178516875.0,-42.73192
1178517031.25,-42.7103
1178517187.5,-42.71135
1178517343.75,-42.73123
1178517500.0,-42.71359
1178517656.25,-42.72989
1178517812.5,-42.72673
1178517968.75,-42.72608
1178518125.0,-42.71974
1178518281.25,-42.72905
1178518437.5,-42.7104
1178518593.75,-42.69274
1178518750.0,-42.69601
1178518906.25,-42.74013
1178519062.5,-42.73816
1178519218.75,-42.72303
1178519375.0,-42.71743
1178519531.25,-42.70773
1178519687.5,-42.71143
1178519843.75,-42.73235
1178520000.0,-42.70587
1178520156.25,-42.70649
1178520312.5,-42.7056
1178520468.75,-42.72852
1178520625.0,-42.71551
1178520781.25,-42.71455
1178520937.5,-42.70267
1178521093.75,-42.71957
1178521250.0,-42.70562
1178521406.25,-42.73662
1178521562.5,-42.73565
1178521718.75,-42.69185
1178521875.0,-42.72131
1178522031.25,-42.71189
1178522187.5,-42.70627
1178522343.75,-42.70663
1178522500.0,-42.71495
1178522656.25,-42.70106
1178522812.5,-42.72166
1178522968.75,-42.70842
1178523125.0,-42.7281
1178523281.25,-42.70352
1178523437.5,-42.71518
1178523593.75,-42.67895
1178523750.0,-42.69201
1178523906.25,-42.7075
1178524062.5,-42.70755
1178524218.75,-42.72246
1178524375.0,-42.7155
1178524531.25,-42.71281
1178524687.5,-42.73127
1178524843.75,-42.68577
1178525000.0,-42.71381
1178525156.25,-42.69545
1178525312.5,-42.69697
1178525468.75,-42.68318
1178525625.0,-42.68496
1178525781.25,-42.69901
1178525937.5,-42.72519
1178526093.75,-42.69587
1178526250.0,-42.67445
1178526406.25,-42.68772
1178526562.5,-42.69975
1178526718.75,-42.68702
1178526875.0,-42.68523
1178527031.25,-42.69767
1178527187.5,-42.72428
1178527343.75,-42.69178
1178527500.0,-42.67752
1178527656.25,-42.68405
1178527812.5,-42.68622
1178527968.75,-42.71643
1178528125.0,-42.69963
1178528281.25,-42.70779
1178528437.5,-42.69554
1178528593.75,-42.67494
1178528750.0,-42.68936
1178528906.25,-42.70407
1178529062.5,-42.64973
1178529218.75,-42.6869
1178529375.0,-42.67488
1178529531.25,-42.71501
1178529687.5,-42.70393
1178529843.75,-42.69455
1178530000.0,-42.69019
1178530156.25,-42.67518
1178530312.5,-42.69641
1178530468.75,-42.69008
1178530625.0,-42.67894
1178530781.25,-42.71653
1178530937.5,-42.67398
1178531093.75,-42.688
1178531250.0,-42.6558
1178531406.25,-42.66518
1178531562.5,-42.66511
1178531718.75,-42.6656
1178531875.0,-42.66941
1178532031.25,-42.68946
1178532187.5,-42.67812
1178532343.75,-42.69724
1178532500.0,-42.66901
1178532656.25,-42.65989
1178532812.5,-42.67868
1178532968.75,-42.67268
1178533125.0,-42.6605
1178533281.25,-42.67651
1178533437.5,-42.69307
1178533593.75,-42.69582
1178533750.0,-42.70583
1178533906.25,-42.68113
1178534062.5,-42.67247
1178534218.75,-42.65469
1178534375.0,-42.64709
1178534531.25,-42.65149
1178534687.5,-42.67977
1178534843.75,-42.69082
1178535000.0,-42.67972
1178535156.25,-42.6749
1178535312.5,-42.65574
1178535468.75,-42.675
1178535625.0,-42.67856
1178535781.25,-42.66802
1178535937.5,-42.65715
1178536093.75,-42.68144
1178536250.0,-42.66068
1178536406.25,-42.66981
1178536562.5,-42.6726
1178536718.75,-42.65885
1178536875.0,-42.65601
1178537031.25,-42.65617
1178537187.5,-42.66656
1178537343.75,-42.66148
1178537500.0,-42.65319
1178537656.25,-42.65477
1178537812.5,-42.65569
1178537968.75,-42.65388
1178538125.0,-42.66061
1178538281.25,-42.68169
1178538437.5,-42.65331
1178538593.75,-42.67615
1178538750.0,-42.65518
1178538906.25,-42.63171
1178539062.5,-42.64879
1178539218.75,-42.66272
1178539375.0,-42.6505
1178539531.25,-42.67217
1178539687.5,-42.63355
1178539843.75,-42.65066
1178540000.0,-42.67621
1178540156.25,-42.66275
1178540312.5,-42.63837
1178540468.75,-42.64051
1178540625.0,-42.67313
1178540781.25,-42.66769
1178540937.5,-42.66867
1178541093.75,-42.65184
1178541250.0,-42.6743
1178541406.25,-42.64677
1178541562.5,-42.61684
1178541718.75,-42.62606
1178541875.0,-42.63966
1178542031.25,-42.62973
1178542187.5,-42.66178
1178542343.75,-42.62275
1178542500.0,-42.65187
1178542656.25,-42.64736
1178542812.5,-42.63686
1178542968.75,-42.65579
1178543125.0,-42.66908
1178543281.25,-42.6368
1178543437.5,-42.6249
1178543593.75,-42.63352
1178543750.0,-42.65127
1178543906.25,-42.61562
1178544062.5,-42.66586
1178544218.75,-42.64777
1178544375.0,-42.61742
1178544531.25,-42.62101
1178544687.5,-42.64447
1178544843.75,-42.62457
1178545000.0,-42.62836
1178545156.25,-42.63653
1178545312.5,-42.65556
1178545468.75,-42.63289
1178545625.0,-42.6128
1178545781.25,-42.64821
1178545937.5,-42.66312
1178546093.75,-42.61721
1178546250.0,-42.6385
1178546406.25,-42.63981
1178546562.5,-42.63742
1178546718.75,-42.64466
1178546875.0,-42.63227
1178547031.25,-42.65331
1178547187.5,-42.62068
1178547343.75,-42.6244
1178547500.0,-42.63104
1178547656.25,-42.60398
1178547812.5,-42.64277
1178547968.75,-42.63757
1178548125.0,-42.61689
1178548281.25,-42.64118
1178548437.5,-42.61398
1178548593.75,-42.6306
1178548750.0,-42.61731
1178548906.25,-42.65001
1178549062.5,-42.63634
1178549218.75,-42.60515
1178549375.0,-42.64113
1178549531.25,-42.64252
1178549687.5,-42.60487
1178549843.75,-42.62469
1178550000.0,-42.63671
1178550156.25,-42.62333
1178550312.5,-42.61333
1178550468.75,-42.61746
1178550625.0,-42.6307
1178550781.25,-42.63709
1178550937.5,-42.61992
1178551093.75,-42.62484
1178551250.0,-42.61503
1178551406.25,-42.63525
1178551562.5,-42.58201
1178551718.75,-42.62472
1178551875.0,-42.5917
1178552031.25,-42.62837
1178552187.5,-42.62503
1178552343.75,-42.6181
1178552500.0,-42.62453
1178552656.25,-42.61018
1178552812.5,-42.6004
1178552968.75,-42.60658
1178553125.0,-42.62601
1178553281.25,-42.62048
1178553437.5,-42.58575
1178553593.75,-42.60544
1178553750.0,-42.59855
1178553906.25,-42.6278
1178554062.5,-42.62266
1178554218.75,-42.59586
1178554375.0,-42.61993
1178554531.25,-42.61688
1178554687.5,-42.59143
1178554843.75,-42.59095
1178555000.0,-42.60544
1178555156.25,-42.63305
1178555312.5,-42.58745
1178555468.75,-42.61226
1178555625.0,-42.59402
1178555781.25,-42.63541
1178555937.5,-42.60078
1178556093.75,-42.59244
1178556250.0,-42.59039
1178556406.25,-42.59043
1178556562.5,-42.62434
1178556718.75,-42.60158
1178556875.0,-42.59087
1178557031.25,-42.60663
1178557187.5,-42.62914
1178557343.75,-42.59339
1178557500.0,-42.59586
1178557656.25,-42.5922
1178557812.5,-42.60761
1178557968.75,-42.5802
1178558125.0,-42.58341
1178558281.25,-42.61906
1178558437.5,-42.58789
1178558593.75,-42.60053
1178558750.0,-42.59417
1178558906.25,-42.5905
1178559062.5,-42.60753
1178559218.75,-42.59663
1178559375.0,-42.61087
1178559531.25,-42.59047
1178559687.5,-42.57552
1178559843.75,-42.61293
1178560000.0,-42.57924
1178560156.25,-42.59462
1178560312.5,-42.57716
1178560468.75,-42.59818
1178560625.0,-42.58705
1178560781.25,-42.58363
1178560937.5,-42.57602
1178561093.75,-42.54623
1178561250.0,-42.58085
1178561406.25,-42.58146
1178561562.5,-42.59487
1178561718.75,-42.59168
1178561875.0,-42.59506
1178562031.25,-42.59524
1178562187.5,-42.58574
1178562343.75,-42.59986
1178562500.0,-42.5878
1178562656.25,-42.59566
1178562812.5,-42.59341
1178562968.75,-42.58793
1178563125.0,-42.56475
1178563281.25,-42.58195
1178563437.5,-42.6109
1178563593.75,-42.57513
1178563750.0,-42.58274
1178563906.25,-42.56822
1178564062.5,-42.57868
1178564218.75,-42.58553
1178564375.0,-42.59825
1178564531.25,-42.56801
1178564687.5,-42.58919
1178564843.75,-42.58579
1178565000.0,-42.59851
1178565156.25,-42.59514
1178565312.5,-42.59403
1178565468.75,-42.56964
1178565625.0,-42.57497
1178565781.25,-42.54831
1178565937.5,-42.58647
1178566093.75,-42.58455
1178566250.0,-42.57283
1178566406.25,-42.58701
1178566562.5,-42.56107
1178566718.75,-42.54301
1178566875.0,-42.57787
1178567031.25,-42.56428
1178567187.5,-42.59115
1178567343.75,-42.54861
1178567500.0,-42.55787
1178567656.25,-42.56611
1178567812.5,-42.55817
1178567968.75,-42.56418
1178568125.0,-42.56879
1178568281.25,-42.59104
1178568437.5,-42.54255
1178568593.75,-42.56411
1178568750.0,-42.57779
1178568906.25,-42.54627
1178569062.5,-42.55132
1178569218.75,-42.57301
1178569375.0,-42.59833
1178569531.25,-42.55466
1178569687.5,-42.59577
1178569843.75,-42.54142
1178570000.0,-42.55391
1178570156.25,-42.58556
1178570312.5,-42.57624
1178570468.75,-42.57184
1178570625.0,-42.56683
1178570781.25,-42.55447
1178570937.5,-42.57326
1178571093.75,-42.56286
1178571250.0,-42.58584
1178571406.25,-42.56097
1178571562.5,-42.53875
1178571718.75,-42.54284
1178571875.0,-42.58798
1178572031.25,-42.57676
1178572187.5,-42.57459
1178572343.75,-42.55616
1178572500.0,-42.53776
1178572656.25,-42.55448
1178572812.5,-42.55915
1178572968.75,-42.56424
1178573125.0,-42.5483
1178573281.25,-42.54698
1178573437.5,-42.53656
1178573593.75,-42.53312
1178573750.0,-42.5457
1178573906.25,-42.5549
1178574062.5,-42.53622
1178574218.75,-42.54462
1178574375.0,-42.54755
1178574531.25,-42.52809
1178574687.5,-42.529
1178574843.75,-42.56684
1178575000.0,-42.53697
1178575156.25,-42.54681
1178575312.5,-42.55875
1178575468.75,-42.52555
1178575625.0,-42.54526
1178575781.25,-42.53534
1178575937.5,-42.53516
1178576093.75,-42.54782
1178576250.0,-42.53188
1178576406.25,-42.53694
1178576562.5,-42.5647
1178576718.75,-42.54173
1178576875.0,-42.55824
1178577031.25,-42.55171
1178577187.5,-42.5482
1178577343.75,-42.52925
1178577500.0,-42.53708
1178577656.25,-42.54029
1178577812.5,-42.54647
1178577968.75,-42.52843
1178578125.0,-42.54554
1178578281.25,-42.54081
1178578437.5,-42.53119
1178578593.75,-42.53994
1178578750.0,-42.54976
1178578906.25,-42.54205
1178579062.5,-42.5488
1178579218.75,-42.53345
1178579375.0,-42.5351
1178579531.25,-42.51645
1178579687.5,-42.52614
1178579843.75,-42.52377
1178580000.0,-42.51371
1178580156.25,-42.53222
1178580312.5,-42.49981
1178580468.75,-42.52287
1178580625.0,-42.51928
1178580781.25,-42.5218
1178580937.5,-42.52515
1178581093.75,-42.54052
1178581250.0,-42.49566
1178581406.25,-42.5263
1178581562.5,-42.54219
1178581718.75,-42.50829
1178581875.0,-42.53255
1178582031.25,-42.50513
1178582187.5,-42.51059
1178582343.75,-42.54361
1178582500.0,-42.53921
1178582656.25,-42.51868
1178582812.5,-42.53571
1178582968.75,-42.49403
1178583125.0,-42.52315
1178583281.25,-42.52401
1178583437.5,-42.5024
1178583593.75,-42.52935
1178583750.0,-42.51664
1178583906.25,-42.53964
1178584062.5,-42.51649
1178584218.75,-42.51072
1178584375.0,-42.536
1178584531.25,-42.52101
1178584687.5,-42.50712
1178584843.75,-42.51088
1178585000.0,-42.50458
1178585156.25,-42.5364
1178585312.5,-42.51733
1178585468.75,-42.53145
1178585625.0,-42.50793
1178585781.25,-42.50487
1178585937.5,-42.49685
1178586093.75,-42.50962
1178586250.0,-42.53711
1178586406.25,-42.49083
1178586562.5,-42.51823
1178586718.75,-42.52092
1178586875.0,-42.50815
1178587031.25,-42.52955
1178587187.5,-42.49908
1178587343.75,-42.4983
1178587500.0,-42.51923
1178587656.25,-42.51062
1178587812.5,-42.52131
1178587968.75,-42.50204
1178588125.0,-42.49854
1178588281.25,-42.51469
1178588437.5,-42.52254
1178588593.75,-42.50401
1178588750.0,-42.53614
1178588906.25,-42.50573
1178589062.5,-42.51659
1178589218.75,-42.49966
1178589375.0,-42.48497
1178589531.25,-42.52537
1178589687.5,-42.51531
1178589843.75,-42.49745
1178590000.0,-42.48394
1178590156.25,-42.47498
1178590312.5,-42.48962
1178590468.75,-42.49385
1178590625.0,-42.50266
1178590781.25,-42.50949
1178590937.5,-42.51847
1178591093.75,-42.48719
1178591250.0,-42.48968
1178591406.25,-42.51685
1178591562.5,-42.47475
1178591718.75,-42.50117
1178591875.0,-42.48586
1178592031.25,-42.49372
1178592187.5,-42.4622
1178592343.75,-42.51308
1178592500.0,-42.48077
1178592656.25,-42.4699
1178592812.5,-42.48673
1178592968.75,-42.50095
1178593125.0,-42.50158
1178593281.25,-42.48224
1178593437.5,-42.49635
1178593593.75,-42.47576
1178593750.0,-42.48907
1178593906.25,-42.48841
1178594062.5,-42.50775
1178594218.75,-42.47624
1178594375.0,-42.48297
1178594531.25,-42.48656
1178594687.5,-42.49585
1178594843.75,-42.47594
1178595000.0,-42.46933
1178595156.25,-42.47683
1178595312.5,-42.473
1178595468.75,-42.51051
1178595625.0,-42.4879
1178595781.25,-42.45427
1178595937.5,-42.47649
1178596093.75,-42.47627
1178596250.0,-42.46792
1178596406.25,-42.50492
1178596562.5,-42.46273
1178596718.75,-42.4506
1178596875.0,-42.4882
1178597031.25,-42.48146
1178597187.5,-42.4535
1178597343.75,-42.46965
1178597500.0,-42.47561
1178597656.25,-42.46698
1178597812.5,-42.46319
1178597968.75,-42.48493
1178598125.0,-42.46516
1178598281.25,-42.45916
1178598437.5,-42.48447
1178598593.75,-42.46349
1178598750.0,-42.47553
1178598906.25,-42.4594
1178599062.5,-42.47118
1178599218.75,-42.46616
1178599375.0,-42.45948
1178599531.25,-42.45431
1178599687.5,-42.48248
1178599843.75,-42.46775
1178600000.0,-42.44521
1178600156.25,-42.46201
1178600312.5,-42.4862
1178600468.75,-42.47077
1178600625.0,-42.46749
1178600781.25,-42.44582
1178600937.5,-42.47264
1178601093.75,-42.46894
1178601250.0,-42.4668
1178601406.25,-42.47615
1178601562.5,-42.45039
1178601718.75,-42.46646
1178601875.0,-42.42348
1178602031.25,-42.4606
1178602187.5,-42.4662
1178602343.75,-42.4564
1178602500.0,-42.45486
1178602656.25,-42.44225
1178602812.5,-42.4626
1178602968.75,-42.46286
1178603125.0,-42.45687
1178603281.25,-42.45188
1178603437.5,-42.46875
1178603593.75,-42.47103
1178603750.0,-42.4541
1178603906.25,-42.44953
1178604062.5,-42.47198
1178604218.75,-42.44374
1178604375.0,-42.45051
1178604531.25,-42.46146
1178604687.5,-42.44126
1178604843.75,-42.44648
1178605000.0,-42.43466
1178605156.25,-42.45656
1178605312.5,-42.44333
1178605468.75,-42.45331
1178605625.0,-42.45019
1178605781.25,-42.44114
1178605937.5,-42.46996
1178606093.75,-42.465
1178606250.0,-42.45995
1178606406.25,-42.45848
1178606562.5,-42.45884
1178606718.75,-42.44973
1178606875.0,-42.46366
1178607031.25,-42.45219
1178607187.5,-42.44162
1178607343.75,-42.44282
1178607500.0,-42.43357
1178607656.25,-42.45979
1178607812.5,-42.42204
1178607968.75,-42.44205
1178608125.0,-42.43726
1178608281.25,-42.44192
1178608437.5,-42.43019
1178608593.75,-42.43935
1178608750.0,-42.43222
1178608906.25,-42.42967
1178609062.5,-42.46516
1178609218.75,-42.42548
1178609375.0,-42.41166
1178609531.25,-42.44842
1178609687.5,-42.43298
1178609843.75,-42.43134
1178610000.0,-42.43785
1178610156.25,-42.44355
1178610312.5,-42.41964
1178610468.75,-42.43998
1178610625.0,-42.43317
1178610781.25,-42.45427
1178610937.5,-42.44334
1178611093.75,-42.43977
1178611250.0,-42.4046
1178611406.25,-42.42982
1178611562.5,-42.43638
1178611718.75,-42.41634
1178611875.0,-42.40051
1178612031.25,-42.44922
1178612187.5,-42.40707
1178612343.75,-42.4251
1178612500.0,-42.42319
1178612656.25,-42.41033
1178612812.5,-42.42756
1178612968.75,-42.41283
1178613125.0,-42.42472
1178613281.25,-42.43174
1178613437.5,-42.42876
1178613593.75,-42.4114
1178613750.0,-42.41193
1178613906.25,-42.43023
1178614062.5,-42.41386
1178614218.75,-42.42981
1178614375.0,-42.42602
1178614531.25,-42.41874
1178614687.5,-42.42011
1178614843.75,-42.41825
1178615000.0,-42.43102
1178615156.25,-42.43
1178615312.5,-42.40612
1178615468.75,-42.40929
1178615625.0,-42.40903
1178615781.25,-42.42369
1178615937.5,-42.40712
1178616093.75,-42.41465
1178616250.0,-42.42378
1178616406.25,-42.41305
1178616562.5,-42.43925
1178616718.75,-42.42304
1178616875.0,-42.41694
1178617031.25,-42.42216
1178617187.5,-42.40434
1178617343.75,-42.36272
1178617500.0,-42.41319
1178617656.25,-42.39244
1178617812.5,-42.41894
1178617968.75,-42.43099
1178618125.0,-42.4038
1178618281.25,-42.41035
1178618437.5,-42.39914
1178618593.75,-42.4016
1178618750.0,-42.38467
1178618906.25,-42.38546
1178619062.5,-42.39505
1178619218.75,-42.38197
1178619375.0,-42.41793
1178619531.25,-42.40707
1178619687.5,-42.39806
1178619843.75,-42.39732
1178620000.0,-42.40699
1178620156.25,-42.39232
1178620312.5,-42.38211
1178620468.75,-42.39677
1178620625.0,-42.40573
1178620781.25,-42.38945
1178620937.5,-42.39069
1178621093.75,-42.38008
1178621250.0,-42.39097
1178621406.25,-42.43496
1178621562.5,-42.38457
1178621718.75,-42.41244
1178621875.0,-42.40309
1178622031.25,-42.40542
1178622187.5,-42.40633
1178622343.75,-42.39833
1178622500.0,-42.41006
1178622656.25,-42.39591
1178622812.5,-42.37881
1178622968.75,-42.41615
1178623125.0,-42.39205
1178623281.25,-42.40805
1178623437.5,-42.40459
1178623593.75,-42.38798
1178623750.0,-42.40578
1178623906.25,-42.4087
1178624062.5,-42.36644
1178624218.75,-42.37237
1178624375.0,-42.37753
1178624531.25,-42.39596
1178624687.5,-42.38892
1178624843.75,-42.37041
1178625000.0,-42.37514
1178625156.25,-42.37336
1178625312.5,-42.37266
1178625468.75,-42.40483
1178625625.0,-42.39484
1178625781.25,-42.38774
1178625937.5,-42.38177
1178626093.75,-42.39416
1178626250.0,-42.37193
1178626406.25,-42.38356
1178626562.5,-42.36002
1178626718.75,-42.38424
1178626875.0,-42.40665
1178627031.25,-42.38718
1178627187.5,-42.38935
1178627343.75,-42.37847
1178627500.0,-42.38976
1178627656.25,-42.39864
1178627812.5,-42.37351
1178627968.75,-42.3571
1178628125.0,-42.37115
1178628281.25,-42.37785
1178628437.5,-42.3828
1178628593.75,-42.37985
1178628750.0,-42.37123
1178628906.25,-42.3421
1178629062.5,-42.38951
1178629218.75,-42.39909
1178629375.0,-42.37474
1178629531.25,-42.37656
1178629687.5,-42.37203
1178629843.75,-42.37361
1178630000.0,-42.36286
1178630156.25,-42.37721
1178630312.5,-42.37626
1178630468.75,-42.37969
1178630625.0,-42.34989
1178630781.25,-42.36695
1178630937.5,-42.37897
1178631093.75,-42.36994
1178631250.0,-42.37691
1178631406.25,-42.33677
1178631562.5,-42.35983
1178631718.75,-42.36957
1178631875.0,-42.35283
1178632031.25,-42.34444
1178632187.5,-42.35588
1178632343.75,-42.35086
1178632500.0,-42.36086
1178632656.25,-42.36597
1178632812.5,-42.35874
1178632968.75,-42.36357
1178633125.0,-42.37294
1178633281.25,-42.36824
1178633437.5,-42.33899
1178633593.75,-42.35637
1178633750.0,-42.35952
1178633906.25,-42.34556
1178634062.5,-42.34439
1178634218.75,-42.36403
1178634375.0,-42.37525
1178634531.25,-42.35244
1178634687.5,-42.34589
1178634843.75,-42.35281
1178635000.0,-42.3502
1178635156.25,-42.34779
1178635312.5,-42.36656
1178635468.75,-42.3453
1178635625.0,-42.34977
1178635781.25,-42.34556
1178635937.5,-42.34866
1178636093.75,-42.339
1178636250.0,-42.35097
1178636406.25,-42.346
1178636562.5,-42.36771
1178636718.75,-42.34246
1178636875.0,-42.36976
1178637031.25,-42.33779
1178637187.5,-42.35415
1178637343.75,-42.35024
1178637500.0,-42.3402
1178637656.25,-42.33047
1178637812.5,-42.34574
1178637968.75,-42.34816
1178638125.0,-42.34308
1178638281.25,-42.32794
1178638437.5,-42.34826
1178638593.75,-42.32864
1178638750.0,-42.34775
1178638906.25,-42.33168
1178639062.5,-42.32985
1178639218.75,-42.34679
1178639375.0,-42.34912
1178639531.25,-42.34368
1178639687.5,-42.32655
1178639843.75,-42.31466
1178640000.0,-42.35402
1178640156.25,-42.31977
1178640312.5,-42.36579
1178640468.75,-42.33711
1178640625.0,-42.35744
1178640781.25,-42.31918
1178640937.5,-42.35453
1178641093.75,-42.33825
1178641250.0,-42.33117
1178641406.25,-42.33402
1178641562.5,-42.33578
1178641718.75,-42.36972
1178641875.0,-42.35836
1178642031.25,-42.32613
1178642187.5,-42.3552
1178642343.75,-42.34383
1178642500.0,-42.32747
1178642656.25,-42.34447
1178642812.5,-42.32563
1178642968.75,-42.36163
1178643125.0,-42.32866
1178643281.25,-42.33169
1178643437.5,-42.30943
1178643593.75,-42.30371
1178643750.0,-42.32214
1178643906.25,-42.32147
1178644062.5,-42.33895
1178644218.75,-42.31459
1178644375.0,-42.31454
1178644531.25,-42.3494
1178644687.5,-42.31034
1178644843.75,-42.31948
1178645000.0,-42.31734
1178645156.25,-42.30923
1178645312.5,-42.31761
1178645468.75,-42.30241
1178645625.0,-42.3145
1178645781.25,-42.32189
1178645937.5,-42.31554
1178646093.75,-42.32018
1178646250.0,-42.33001
1178646406.25,-42.31845
1178646562.5,-42.31944
1178646718.75,-42.31808
1178646875.0,-42.30398
1178647031.25,-42.31472
1178647187.5,-42.33037
1178647343.75,-42.32846
1178647500.0,-42.32333
1178647656.25,-42.31042
1178647812.5,-42.33382
1178647968.75,-42.30793
1178648125.0,-42.31745
1178648281.25,-42.31441
1178648437.5,-42.32116
1178648593.75,-42.30048
1178648750.0,-42.30519
1178648906.25,-42.28045
1178649062.5,-42.31026
1178649218.75,-42.29719
1178649375.0,-42.30494
1178649531.25,-42.32969
1178649687.5,-42.28697
1178649843.75,-42.28891
1178650000.0,-42.29412
1178650156.25,-42.29015
1178650312.5,-42.29291
1178650468.75,-42.31192
1178650625.0,-42.30946
1178650781.25,-42.29703
1178650937.5,-42.33531
1178651093.75,-42.29544
1178651250.0,-42.30822
1178651406.25,-42.30545
1178651562.5,-42.31874
1178651718.75,-42.29403
1178651875.0,-42.29414
1178652031.25,-42.29113
1178652187.5,-42.28452
1178652343.75,-42.29797
1178652500.0,-42.28861
1178652656.25,-42.31854
1178652812.5,-42.26943
1178652968.75,-42.29642
1178653125.0,-42.30614
1178653281.25,-42.31024
1178653437.5,-42.30735
1178653593.75,-42.25537
1178653750.0,-42.29087
1178653906.25,-42.30363
1178654062.5,-42.2726
1178654218.75,-42.31088
1178654375.0,-42.2987
1178654531.25,-42.28208
1178654687.5,-42.31819
1178654843.75,-42.30823
1178655000.0,-42.29908
1178655156.25,-42.28981
1178655312.5,-42.25976
1178655468.75,-42.28138
1178655625.0,-42.28754
1178655781.25,-42.27215
1178655937.5,-42.27922
1178656093.75,-42.28748
1178656250.0,-42.29173
1178656406.25,-42.29307
1178656562.5,-42.28279
1178656718.75,-42.28486
1178656875.0,-42.25994
1178657031.25,-42.27668
1178657187.5,-42.26958
1178657343.75,-42.295
1178657500.0,-42.27769
1178657656.25,-42.28898
1178657812.5,-42.30764
1178657968.75,-42.28398
1178658125.0,-42.27456
1178658281.25,-42.27703
1178658437.5,-42.27895
1178658593.75,-42.30169
1178658750.0,-42.27809
1178658906.25,-42.2732
1178659062.5,-42.28808
1178659218.75,-42.28453
1178659375.0,-42.26679
1178659531.25,-42.27231
1178659687.5,-42.26838
1178659843.75,-42.26878
1178660000.0,-42.2722
1178660156.25,-42.27591
1178660312.5,-42.28131
1178660468.75,-42.27095
1178660625.0,-42.25349
1178660781.25,-42.26369
1178660937.5,-42.25327
1178661093.75,-42.26622
1178661250.0,-42.25073
1178661406.25,-42.27088
1178661562.5,-42.26016
1178661718.75,-42.27274
1178661875.0,-42.26405
1178662031.25,-42.25956
1178662187.5,-42.27773
1178662343.75,-42.26368
1178662500.0,-42.23827
1178662656.25,-42.26365
1178662812.5,-42.24849
1178662968.75,-42.27727
1178663125.0,-42.24884
1178663281.25,-42.26307
1178663437.5,-42.2588
1178663593.75,-42.24612
1178663750.0,-42.23899
1178663906.25,-42.25296
1178664062.5,-42.26672
1178664218.75,-42.24997
1178664375.0,-42.24786
1178664531.25,-42.27171
1178664687.5,-42.26195
1178664843.75,-42.24639
1178665000.0,-42.24878
1178665156.25,-42.24454
1178665312.5,-42.265
1178665468.75,-42.24913
1178665625.0,-42.24724
1178665781.25,-42.26767
1178665937.5,-42.25916
1178666093.75,-42.26701
1178666250.0,-42.26062
1178666406.25,-42.24574
1178666562.5,-42.25779
1178666718.75,-42.24161
1178666875.0,-42.25346
1178667031.25,-42.25845
1178667187.5,-42.24127
1178667343.75,-42.23785
1178667500.0,-42.23235
1178667656.25,-42.26857
1178667812.5,-42.25624
1178667968.75,-42.25283
1178668125.0,-42.23986
1178668281.25,-42.25427
1178668437.5,-42.249
1178668593.75,-42.26271
1178668750.0,-42.2379
1178668906.25,-42.25086
1178669062.5,-42.23835
1178669218.75,-42.21632
1178669375.0,-42.24074
1178669531.25,-42.26363
1178669687.5,-42.24437
1178669843.75,-42.25692
1178670000.0,-42.23936
1178670156.25,-42.25927
1178670312.5,-42.23086
1178670468.75,-42.23606
1178670625.0,-42.23588
1178670781.25,-42.25187
1178670937.5,-42.22631
1178671093.75,-42.24414
1178671250.0,-42.24386
1178671406.25,-42.25816
1178671562.5,-42.23277
1178671718.75,-42.23677
1178671875.0,-42.22783
1178672031.25,-42.22248
1178672187.5,-42.24575
1178672343.75,-42.21543
1178672500.0,-42.24401
1178672656.25,-42.22187
1178672812.5,-42.24532
1178672968.75,-42.22902
1178673125.0,-42.22856
1178673281.25,-42.22654
1178673437.5,-42.22043
1178673593.75,-42.21713
1178673750.0,-42.23251
1178673906.25,-42.22926
1178674062.5,-42.21108
1178674218.75,-42.24812
1178674375.0,-42.21194
1178674531.25,-42.23459
1178674687.5,-42.21204
1178674843.75,-42.22282
1178675000.0,-42.23693
1178675156.25,-42.22231
1178675312.5,-42.21935
1178675468.75,-42.21482
1178675625.0,-42.21865
1178675781.25,-42.2325
1178675937.5,-42.21955
1178676093.75,-42.23019
1178676250.0,-42.22156
1178676406.25,-42.21906
1178676562.5,-42.21822
1178676718.75,-42.20953
1178676875.0,-42.21952
1178677031.25,-42.23547
1178677187.5,-42.2308
1178677343.75,-42.23177
1178677500.0,-42.21525
1178677656.25,-42.23327
1178677812.5,-42.19466
1178677968.75,-42.21666
1178678125.0,-42.21059
1178678281.25,-42.21572
1178678437.5,-42.23154
1178678593.75,-42.20874
1178678750.0,-42.19093
1178678906.25,-42.2073
1178679062.5,-42.22229
1178679218.75,-42.20894
1178679375.0,-42.19394
1178679531.25,-42.2017
1178679687.5,-42.23067
1178679843.75,-42.21106
1178680000.0,-42.20723
1178680156.25,-42.19891
1178680312.5,-42.21981
1178680468.75,-42.21958
1178680625.0,-42.19616
1178680781.25,-42.19305
1178680937.5,-42.19676
1178681093.75,-42.20897
1178681250.0,-42.21758
1178681406.25,-42.20902
1178681562.5,-42.19585
1178681718.75,-42.19553
1178681875.0,-42.20815
1178682031.25,-42.2063
1178682187.5,-42.22582
1178682343.75,-42.18365
1178682500.0,-42.21545
1178682656.25,-42.1719
1178682812.5,-42.19852
1178682968.75,-42.21792
1178683125.0,-42.21948
1178683281.25,-42.20226
1178683437.5,-42.18507
1178683593.75,-42.21136
1178683750.0,-42.19906
1178683906.25,-42.19668
1178684062.5,-42.20617
1178684218.75,-42.1881
1178684375.0,-42.17849
1178684531.25,-42.18983
1178684687.5,-42.15815
1178684843.75,-42.17908
1178685000.0,-42.19566
1178685156.25,-42.20736
1178685312.5,-42.20013
1178685468.75,-42.18456
1178685625.0,-42.17861
1178685781.25,-42.19122
1178685937.5,-42.18346
1178686093.75,-42.18016
1178686250.0,-42.17691
1178686406.25,-42.1919
1178686562.5,-42.18199
1178686718.75,-42.17236
1178686875.0,-42.19118
1178687031.25,-42.18663
1178687187.5,-42.19268
1178687343.75,-42.17942
1178687500.0,-42.20313
1178687656.25,-42.15859
1178687812.5,-42.16223
1178687968.75,-42.20586
1178688125.0,-42.20401
1178688281.25,-42.21699
1178688437.5,-42.17189
1178688593.75,-42.19696
1178688750.0,-42.1731
1178688906.25,-42.17443
1178689062.5,-42.18085
1178689218.75,-42.1898
1178689375.0,-42.17745
1178689531.25,-42.18401
1178689687.5,-42.19091
1178689843.75,-42.16823
1178690000.0,-42.17714
1178690156.25,-42.18758
1178690312.5,-42.14824
1178690468.75,-42.19543
1178690625.0,-42.16941
1178690781.25,-42.18603
1178690937.5,-42.15191
1178691093.75,-42.14529
1178691250.0,-42.18357
1178691406.25,-42.17917
1178691562.5,-42.17081
1178691718.75,-42.16159
1178691875.0,-42.17658
1178692031.25,-42.15306
1178692187.5,-42.16124
1178692343.75,-42.15258
1178692500.0,-42.15014
1178692656.25,-42.18487
1178692812.5,-42.16336
1178692968.75,-42.16505
1178693125.0,-42.16
1178693281.25,-42.17393
1178693437.5,-42.17811
1178693593.75,-42.15006
1178693750.0,-42.15938
1178693906.25,-42.15554
1178694062.5,-42.17884
1178694218.75,-42.15246
1178694375.0,-42.16553
1178694531.25,-42.1755
1178694687.5,-42.18161
1178694843.75,-42.17587
1178695000.0,-42.14529
1178695156.25,-42.15413
1178695312.5,-42.13597
1178695468.75,-42.14317
1178695625.0,-42.14225
1178695781.25,-42.16035
1178695937.5,-42.16434
1178696093.75,-42.17095
1178696250.0,-42.15332
1178696406.25,-42.15441
1178696562.5,-42.14892
1178696718.75,-42.14771
1178696875.0,-42.16695
1178697031.25,-42.15527
1178697187.5,-42.15736
1178697343.75,-42.14695
1178697500.0,-42.14088
1178697656.25,-42.1393
1178697812.5,-42.13686
1178697968.75,-42.15839
1178698125.0,-42.15344
1178698281.25,-42.13353
1178698437.5,-42.18227
1178698593.75,-42.14994
1178698750.0,-42.13973
1178698906.25,-42.1317
1178699062.5,-42.14852
1178699218.75,-42.13943
1178699375.0,-42.14325
1178699531.25,-42.12399
1178699687.5,-42.13341
1178699843.75,-42.12304
1178700000.0,-42.15279
1178700156.25,-42.12188
1178700312.5,-42.16485
1178700468.75,-42.1382
1178700625.0,-42.13507
1178700781.25,-42.14626
1178700937.5,-42.13968
1178701093.75,-42.12555
1178701250.0,-42.11356
1178701406.25,-42.13897
1178701562.5,-42.14314
1178701718.75,-42.1211
1178701875.0,-42.15207
1178702031.25,-42.13617
1178702187.5,-42.14678
1178702343.75,-42.14699
1178702500.0,-42.16314
1178702656.25,-42.13879
1178702812.5,-42.12982
1178702968.75,-42.13835
1178703125.0,-42.15215
1178703281.25,-42.13928
1178703437.5,-42.15056
1178703593.75,-42.13382
1178703750.0,-42.14997
1178703906.25,-42.1296
1178704062.5,-42.11943
1178704218.75,-42.15017
1178704375.0,-42.1217
1178704531.25,-42.12037
1178704687.5,-42.15093
1178704843.75,-42.12151
1178705000.0,-42.13995
1178705156.25,-42.12077
1178705312.5,-42.14058
1178705468.75,-42.12035
1178705625.0,-42.1267
1178705781.25,-42.11303
1178705937.5,-42.14113
1178706093.75,-42.12394
1178706250.0,-42.12276
1178706406.25,-42.11852
1178706562.5,-42.11404
1178706718.75,-42.12941
1178706875.0,-42.12358
1178707031.25,-42.13021
1178707187.5,-42.11484
1178707343.75,-42.11232
1178707500.0,-42.10426
1178707656.25,-42.11551
1178707812.5,-42.11828
1178707968.75,-42.11159
1178708125.0,-42.11011
1178708281.25,-42.10507
1178708437.5,-42.10623
1178708593.75,-42.10439
1178708750.0,-42.12894
1178708906.25,-42.11565
1178709062.5,-42.11325
1178709218.75,-42.12289
1178709375.0,-42.07714
1178709531.25,-42.08694
1178709687.5,-42.12384
1178709843.75,-42.09662
1178710000.0,-42.12663
1178710156.25,-42.09225
1178710312.5,-42.12205
1178710468.75,-42.11298
1178710625.0,-42.10025
1178710781.25,-42.10447
1178710937.5,-42.11959
1178711093.75,-42.10748
1178711250.0,-42.09418
1178711406.25,-42.11012
1178711562.5,-42.08096
1178711718.75,-42.117
1178711875.0,-42.11542
1178712031.25,-42.11616
1178712187.5,-42.12104
1178712343.75,-42.09301
1178712500.0,-42.09767
1178712656.25,-42.09671
1178712812.5,-42.06871
1178712968.75,-42.0845
1178713125.0,-42.07307
1178713281.25,-42.10427
1178713437.5,-42.08573
1178713593.75,-42.08881
1178713750.0,-42.08413
1178713906.25,-42.08765
1178714062.5,-42.09122
1178714218.75,-42.09493
1178714375.0,-42.09219
1178714531.25,-42.10776
1178714687.5,-42.09779
1178714843.75,-42.11234
1178715000.0,-42.0964
1178715156.25,-42.08789
1178715312.5,-42.10932
1178715468.75,-42.10023
1178715625.0,-42.09475
1178715781.25,-42.09354
1178715937.5,-42.07424
1178716093.75,-42.07798
1178716250.0,-42.07637
1178716406.25,-42.09193
1178716562.5,-42.07183
1178716718.75,-42.0831
1178716875.0,-42.06626
1178717031.25,-42.08319
1178717187.5,-42.08871
1178717343.75,-42.07838
1178717500.0,-42.07233
1178717656.25,-42.0965
1178717812.5,-42.11039
1178717968.75,-42.07788
1178718125.0,-42.09473
1178718281.25,-42.07895
1178718437.5,-42.10793
1178718593.75,-42.06821
1178718750.0,-42.08046
1178718906.25,-42.07979
1178719062.5,-42.08333
1178719218.75,-42.1026
1178719375.0,-42.06699
1178719531.25,-42.08371
1178719687.5,-42.08437
1178719843.75,-42.07027
1178720000.0,-42.08225
1178720156.25,-42.0944
1178720312.5,-42.04808
1178720468.75,-42.08295
1178720625.0,-42.0476
1178720781.25,-42.07452
1178720937.5,-42.07463
1178721093.75,-42.07952
1178721250.0,-42.07218
1178721406.25,-42.0706
1178721562.5,-42.06588
1178721718.75,-42.0797
1178721875.0,-42.06816
1178722031.25,-42.08012
1178722187.5,-42.10855
1178722343.75,-42.07652
1178722500.0,-42.05782
1178722656.25,-42.06798
1178722812.5,-42.07302
1178722968.75,-42.06422
1178723125.0,-42.06266
1178723281.25,-42.0776
1178723437.5,-42.09293
1178723593.75,-42.09449
1178723750.0,-42.07343
1178723906.25,-42.03708
1178724062.5,-42.06018
1178724218.75,-42.07844
1178724375.0,-42.08887
1178724531.25,-42.06726
1178724687.5,-42.05701
1178724843.75,-42.06827
1178725000.0,-42.08719
1178725156.25,-42.0592
1178725312.5,-42.06158
1178725468.75,-42.07067
1178725625.0,-42.06901
1178725781.25,-42.06149
1178725937.5,-42.06312
1178726093.75,-42.04729
1178726250.0,-42.06491
1178726406.25,-42.05106
1178726562.5,-42.05672
1178726718.75,-42.04789
1178726875.0,-42.06686
1178727031.25,-42.06113
1178727187.5,-42.05449
1178727343.75,-42.05877
1178727500.0,-42.03527
1178727656.25,-42.04559
1178727812.5,-42.06373
1178727968.75,-42.0672
1178728125.0,-42.06556
1178728281.25,-42.0518
1178728437.5,-42.05216
1178728593.75,-42.05529
1178728750.0,-42.06039
1178728906.25,-42.05233
1178729062.5,-42.05093
1178729218.75,-42.04327
1178729375.0,-42.02855
1178729531.25,-42.05453
1178729687.5,-42.03867
1178729843.75,-42.04174
1178730000.0,-42.04435
1178730156.25,-42.06375
1178730312.5,-42.06395
1178730468.75,-42.054
1178730625.0,-42.03615
1178730781.25,-42.05322
1178730937.5,-42.03745
1178731093.75,-42.04128
1178731250.0,-42.03482
1178731406.25,-42.04159
1178731562.5,-42.0349
1178731718.75,-42.02018
1178731875.0,-42.02715
1178732031.25,-42.03365
1178732187.5,-42.03596
1178732343.75,-42.04161
1178732500.0,-42.00596
1178732656.25,-42.03602
1178732812.5,-42.02953
1178732968.75,-42.03403
1178733125.0,-42.03195
1178733281.25,-42.01968
1178733437.5,-42.05632
1178733593.75,-42.0188
1178733750.0,-42.02246
1178733906.25,-42.01776
1178734062.5,-42.02568
1178734218.75,-42.01824
1178734375.0,-42.01616
1178734531.25,-42.02885
1178734687.5,-42.02286
1178734843.75,-42.03878
1178735000.0,-42.01666
1178735156.25,-42.00788
1178735312.5,-42.03909
1178735468.75,-41.99572
1178735625.0,-42.0434
1178735781.25,-42.02345
1178735937.5,-42.00333
1178736093.75,-42.00816
1178736250.0,-42.01652
1178736406.25,-42.02533
1178736562.5,-42.00166
1178736718.75,-42.02129
1178736875.0,-42.0142
1178737031.25,-42.00697
1178737187.5,-42.01935
1178737343.75,-41.99683
1178737500.0,-42.01581
1178737656.25,-42.00871
1178737812.5,-42.0379
1178737968.75,-42.0193
1178738125.0,-42.02013
1178738281.25,-41.99527
1178738437.5,-42.01413
1178738593.75,-42.00495
1178738750.0,-42.00949
1178738906.25,-42.00801
1178739062.5,-42.0089
1178739218.75,-42.01253
1178739375.0,-42.0324
1178739531.25,-42.02062
1178739687.5,-42.01817
1178739843.75,-42.02787
1178740000.0,-42.00326
1178740156.25,-42.01231
1178740312.5,-42.02074
1178740468.75,-41.99932
1178740625.0,-42.03305
1178740781.25,-41.99468
1178740937.5,-41.99183
1178741093.75,-42.02651
1178741250.0,-41.99469
1178741406.25,-42.01411
1178741562.5,-42.00651
1178741718.75,-42.02008
1178741875.0,-42.01612
1178742031.25,-42.01859
1178742187.5,-42.01059
1178742343.75,-42.02152
1178742500.0,-42.01046
1178742656.25,-42.02268
1178742812.5,-41.98398
1178742968.75,-42.00304
1178743125.0,-42.00418
1178743281.25,-42.00823
1178743437.5,-42.01591
1178743593.75,-41.99811
1178743750.0,-42.01646
1178743906.25,-41.99252
1178744062.5,-41.99433
1178744218.75,-42.01627
1178744375.0,-41.98944
1178744531.25,-42.00082
1178744687.5,-42.00143
1178744843.75,-41.97925
1178745000.0,-42.00191
1178745156.25,-42.00204
1178745312.5,-41.99522
1178745468.75,-41.969
1178745625.0,-42.00821
1178745781.25,-41.98338
1178745937.5,-41.97699
1178746093.75,-41.9688
1178746250.0,-41.94565
1178746406.25,-41.97211
1178746562.5,-41.99519
1178746718.75,-41.95656
1178746875.0,-41.99852
1178747031.25,-41.99038
1178747187.5,-41.97707
1178747343.75,-41.95712
1178747500.0,-41.98652
1178747656.25,-41.97533
1178747812.5,-42.00131
1178747968.75,-42.00554
1178748125.0,-41.9715
1178748281.25,-41.96794
1178748437.5,-41.9973
1178748593.75,-41.98803
1178748750.0,-41.98206
1178748906.25,-41.99633
1178749062.5,-41.98134
1178749218.75,-41.97734
1178749375.0,-41.9737
1178749531.25,-42.00117
1178749687.5,-41.97749
1178749843.75,-41.97065
1178750000.0,-41.97921
1178750156.25,-41.98032
1178750312.5,-41.97451
1178750468.75,-41.95993
1178750625.0,-41.96612
1178750781.25,-41.97997
1178750937.5,-41.96779
1178751093.75,-41.9981
1178751250.0,-41.97809
1178751406.25,-41.9742
1178751562.5,-41.98175
1178751718.75,-41.94182
1178751875.0,-41.95016
1178752031.25,-41.98445
1178752187.5,-41.97093
1178752343.75,-41.96489
1178752500.0,-41.98848
1178752656.25,-41.97218
1178752812.5,-41.97131
1178752968.75,-41.98275
1178753125.0,-41.95171
1178753281.25,-41.95953
1178753437.5,-41.9425
1178753593.75,-41.95691
1178753750.0,-41.9792
1178753906.25,-41.94421
1178754062.5,-41.96188
1178754218.75,-41.95024
1178754375.0,-41.95175
1178754531.25,-41.96201
1178754687.5,-41.95245
1178754843.75,-41.96388
1178755000.0,-41.95952
1178755156.25,-41.95063
1178755312.5,-41.96135
1178755468.75,-41.95162
1178755625.0,-41.95681
1178755781.25,-41.93896
1178755937.5,-41.95813
1178756093.75,-41.9473
1178756250.0,-41.97192
1178756406.25,-41.94911
1178756562.5,-41.94233
1178756718.75,-41.94424
1178756875.0,-41.94461
1178757031.25,-41.96468
1178757187.5,-41.94149
1178757343.75,-41.95993
1178757500.0,-41.9569
1178757656.25,-41.95646
1178757812.5,-41.94684
1178757968.75,-41.94897
1178758125.0,-41.94603
1178758281.25,-41.95654
1178758437.5,-41.93413
1178758593.75,-41.96917
1178758750.0,-41.94275
1178758906.25,-41.92747
1178759062.5,-41.94018
1178759218.75,-41.94417
1178759375.0,-41.93179
1178759531.25,-41.94107
1178759687.5,-41.9368
1178759843.75,-41.9717
1178760000.0,-41.95387
1178760156.25,-41.9324
1178760312.5,-41.95433
1178760468.75,-41.93742
1178760625.0,-41.92459
1178760781.25,-41.94428
1178760937.5,-41.94154
1178761093.75,-41.97023
1178761250.0,-41.93256
1178761406.25,-41.9478
1178761562.5,-41.95893
1178761718.75,-41.92536
1178761875.0,-41.93762
1178762031.25,-41.9535
1178762187.5,-41.92496
1178762343.75,-41.94189
1178762500.0,-41.93393
1178762656.25,-41.9375
1178762812.5,-41.93031
1178762968.75,-41.94481
1178763125.0,-41.94225
1178763281.25,-41.92841
1178763437.5,-41.92445
1178763593.75,-41.92212
1178763750.0,-41.94768
1178763906.25,-41.92667
1178764062.5,-41.93241
1178764218.75,-41.91896
1178764375.0,-41.90397
1178764531.25,-41.94238
1178764687.5,-41.94982
1178764843.75,-41.91569
1178765000.0,-41.927
1178765156.25,-41.92091
1178765312.5,-41.93585
1178765468.75,-41.93627
1178765625.0,-41.91521
1178765781.25,-41.90913
1178765937.5,-41.93897
1178766093.75,-41.92561
1178766250.0,-41.92652
1178766406.25,-41.90761
1178766562.5,-41.93416
1178766718.75,-41.92579
1178766875.0,-41.91847
1178767031.25,-41.92057
1178767187.5,-41.92846
1178767343.75,-41.90757
1178767500.0,-41.91329
1178767656.25,-41.91692
1178767812.5,-41.901
1178767968.75,-41.92573
1178768125.0,-41.9107
1178768281.25,-41.90757
1178768437.5,-41.9325
1178768593.75,-41.9405
1178768750.0,-41.92001
1178768906.25,-41.91335
1178769062.5,-41.89166
1178769218.75,-41.91728
1178769375.0,-41.90854
1178769531.25,-41.89816
1178769687.5,-41.9075
1178769843.75,-41.90667
1178770000.0,-41.91639
1178770156.25,-41.89573
1178770312.5,-41.89807
1178770468.75,-41.92428
1178770625.0,-41.91433
1178770781.25,-41.89582
1178770937.5,-41.88486
1178771093.75,-41.9063
1178771250.0,-41.88951
1178771406.25,-41.87918
1178771562.5,-41.91478
1178771718.75,-41.89459
1178771875.0,-41.88318
1178772031.25,-41.90478
1178772187.5,-41.88871
1178772343.75,-41.90848
1178772500.0,-41.90013
1178772656.25,-41.89326
1178772812.5,-41.90735
1178772968.75,-41.90184
1178773125.0,-41.92262
1178773281.25,-41.91158
1178773437.5,-41.90373
1178773593.75,-41.90123
1178773750.0,-41.90065
1178773906.25,-41.91088
1178774062.5,-41.87596
1178774218.75,-41.89065
1178774375.0,-41.89472
1178774531.25,-41.90128
1178774687.5,-41.89471
1178774843.75,-41.89488
1178775000.0,-41.89645
1178775156.25,-41.88417
1178775312.5,-41.88552
1178775468.75,-41.90513
1178775625.0,-41.87999
1178775781.25,-41.87794
1178775937.5,-41.88617
1178776093.75,-41.89571
1178776250.0,-41.88016
1178776406.25,-41.88693
1178776562.5,-41.89268
1178776718.75,-41.89861
1178776875.0,-41.88012
1178777031.25,-41.87411
1178777187.5,-41.89753
1178777343.75,-41.86222
1178777500.0,-41.89174
1178777656.25,-41.86005
1178777812.5,-41.86457
1178777968.75,-41.88322
1178778125.0,-41.8707
1178778281.25,-41.88712
1178778437.5,-41.86246
1178778593.75,-41.87722
1178778750.0,-41.87088
1178778906.25,-41.86668
1178779062.5,-41.88134
1178779218.75,-41.86626
1178779375.0,-41.88205
1178779531.25,-41.87558
1178779687.5,-41.87481
1178779843.75,-41.88298
1178780000.0,-41.89744
1178780156.25,-41.86139
1178780312.5,-41.87097
1178780468.75,-41.87001
1178780625.0,-41.88904
1178780781.25,-41.86313
1178780937.5,-41.868
1178781093.75,-41.86193
1178781250.0,-41.85611
1178781406.25,-41.87336
1178781562.5,-41.84855
1178781718.75,-41.85212
1178781875.0,-41.87807
1178782031.25,-41.86797
1178782187.5,-41.87078
1178782343.75,-41.85868
1178782500.0,-41.86953
1178782656.25,-41.84249
1178782812.5,-41.8677
1178782968.75,-41.85824
1178783125.0,-41.85687
1178783281.25,-41.86405
1178783437.5,-41.86312
1178783593.75,-41.85558
1178783750.0,-41.85642
1178783906.25,-41.8618
1178784062.5,-41.86812
1178784218.75,-41.86267
1178784375.0,-41.85796
1178784531.25,-41.84507
1178784687.5,-41.85118
1178784843.75,-41.84596
1178785000.0,-41.86124
1178785156.25,-41.8673
1178785312.5,-41.86239
1178785468.75,-41.86345
1178785625.0,-41.86361
1178785781.25,-41.84394
1178785937.5,-41.85144
1178786093.75,-41.86002
1178786250.0,-41.85723
1178786406.25,-41.83386
1178786562.5,-41.85956
1178786718.75,-41.86317
1178786875.0,-41.84575
1178787031.25,-41.8451
1178787187.5,-41.86435
1178787343.75,-41.8541
1178787500.0,-41.85352
1178787656.25,-41.84991
1178787812.5,-41.84824
1178787968.75,-41.83761
1178788125.0,-41.84036
1178788281.25,-41.84367
1178788437.5,-41.84512
1178788593.75,-41.83704
1178788750.0,-41.83591
1178788906.25,-41.85668
1178789062.5,-41.85543
1178789218.75,-41.8462
1178789375.0,-41.84574
1178789531.25,-41.83276
1178789687.5,-41.83825
1178789843.75,-41.86443
1178790000.0,-41.83923
1178790156.25,-41.83481
1178790312.5,-41.83534
1178790468.75,-41.83171
1178790625.0,-41.84175
1178790781.25,-41.8487
1178790937.5,-41.84586
1178791093.75,-41.84373
1178791250.0,-41.84222
1178791406.25,-41.82605
1178791562.5,-41.83289
1178791718.75,-41.83437
1178791875.0,-41.83802
1178792031.25,-41.82269
1178792187.5,-41.84226
1178792343.75,-41.8222
1178792500.0,-41.82122
1178792656.25,-41.82924
1178792812.5,-41.84324
1178792968.75,-41.82804
1178793125.0,-41.84145
1178793281.25,-41.8193
1178793437.5,-41.82165
1178793593.75,-41.82514
1178793750.0,-41.83111
1178793906.25,-41.81492
1178794062.5,-41.84127
1178794218.75,-41.82463
1178794375.0,-41.83532
1178794531.25,-41.80588
1178794687.5,-41.80641
1178794843.75,-41.83371
1178795000.0,-41.81555
1178795156.25,-41.79026
1178795312.5,-41.81853
1178795468.75,-41.79099
1178795625.0,-41.83387
1178795781.25,-41.79802
1178795937.5,-41.81264
1178796093.75,-41.81003
1178796250.0,-41.82079
1178796406.25,-41.81541
1178796562.5,-41.80012
1178796718.75,-41.81026
1178796875.0,-41.80413
1178797031.25,-41.81449
1178797187.5,-41.81467
1178797343.75,-41.81929
1178797500.0,-41.81663
1178797656.25,-41.80489
1178797812.5,-41.80684
1178797968.75,-41.80493
1178798125.0,-41.80836
1178798281.25,-41.78701
1178798437.5,-41.81276
1178798593.75,-41.80411
1178798750.0,-41.7995
1178798906.25,-41.8266
1178799062.5,-41.79531
1178799218.75,-41.8059
1178799375.0,-41.80813
1178799531.25,-41.79628
1178799687.5,-41.80978
1178799843.75,-41.82305
1178800000.0,-41.78896
1178800156.25,-41.80379
1178800312.5,-41.81445
1178800468.75,-41.79632
1178800625.0,-41.80439
1178800781.25,-41.81839
1178800937.5,-41.78389
1178801093.75,-41.81984
1178801250.0,-41.80549
1178801406.25,-41.80326
1178801562.5,-41.79862
1178801718.75,-41.81611
1178801875.0,-41.80749
1178802031.25,-41.79134
1178802187.5,-41.80322
1178802343.75,-41.83338
1178802500.0,-41.78845
1178802656.25,-41.7978
1178802812.5,-41.82737
1178802968.75,-41.78656
1178803125.0,-41.78001
1178803281.25,-41.78146
1178803437.5,-41.79769
1178803593.75,-41.8011
1178803750.0,-41.79335
1178803906.25,-41.79344
1178804062.5,-41.81232
1178804218.75,-41.8161
1178804375.0,-41.79871
1178804531.25,-41.79612
1178804687.5,-41.79576
1178804843.75,-41.77698
1178805000.0,-41.78296
1178805156.25,-41.77444
1178805312.5,-41.80526
1178805468.75,-41.76879
1178805625.0,-41.78626
1178805781.25,-41.77337
1178805937.5,-41.78678
1178806093.75,-41.77819
1178806250.0,-41.77415
1178806406.25,-41.8007
1178806562.5,-41.7963
1178806718.75,-41.77965
1178806875.0,-41.78175
1178807031.25,-41.76852
1178807187.5,-41.77473
1178807343.75,-41.80639
1178807500.0,-41.77164
1178807656.25,-41.76892
1178807812.5,-41.78232
1178807968.75,-41.77807
1178808125.0,-41.77987
1178808281.25,-41.79853
1178808437.5,-41.77912
1178808593.75,-41.76743
1178808750.0,-41.774
1178808906.25,-41.78138
1178809062.5,-41.7895
1178809218.75,-41.77733
1178809375.0,-41.78177
1178809531.25,-41.77406
1178809687.5,-41.77725
1178809843.75,-41.7784
1178810000.0,-41.77107
1178810156.25,-41.76834
1178810312.5,-41.78614
1178810468.75,-41.78054
1178810625.0,-41.79323
1178810781.25,-41.76753
1178810937.5,-41.76015
1178811093.75,-41.76114
1178811250.0,-41.76097
1178811406.25,-41.75461
1178811562.5,-41.77539
1178811718.75,-41.76583
1178811875.0,-41.7755
1178812031.25,-41.77269
1178812187.5,-41.76535
1178812343.75,-41.7626
1178812500.0,-41.77584
1178812656.25,-41.76783
1178812812.5,-41.76027
1178812968.75,-41.75675
1178813125.0,-41.74591
1178813281.25,-41.76856
1178813437.5,-41.74472
1178813593.75,-41.76154
1178813750.0,-41.76113
1178813906.25,-41.75593
1178814062.5,-41.76868
1178814218.75,-41.75254
1178814375.0,-41.74783
1178814531.25,-41.74663
1178814687.5,-41.74908
1178814843.75,-41.77566
1178815000.0,-41.73822
1178815156.25,-41.73839
1178815312.5,-41.76302
1178815468.75,-41.75967
1178815625.0,-41.74808
1178815781.25,-41.75149
1178815937.5,-41.73982
1178816093.75,-41.78513
1178816250.0,-41.73898
1178816406.25,-41.73188
1178816562.5,-41.73926
1178816718.75,-41.73164
1178816875.0,-41.7411
1178817031.25,-41.72696
1178817187.5,-41.76345
1178817343.75,-41.74006
1178817500.0,-41.74335
1178817656.25,-41.75689
1178817812.5,-41.77248
1178817968.75,-41.7605
1178818125.0,-41.76807
1178818281.25,-41.76195
1178818437.5,-41.72573
1178818593.75,-41.73719
1178818750.0,-41.73923
1178818906.25,-41.73855
1178819062.5,-41.7543
1178819218.75,-41.74189
1178819375.0,-41.74622
1178819531.25,-41.7346
1178819687.5,-41.73739
1178819843.75,-41.73943
1178820000.0,-41.71778
1178820156.25,-41.74923
1178820312.5,-41.73437
1178820468.75,-41.72552
1178820625.0,-41.73904
1178820781.25,-41.7447
1178820937.5,-41.73415
1178821093.75,-41.74518
1178821250.0,-41.71341
1178821406.25,-41.741
1178821562.5,-41.73193
1178821718.75,-41.72479
1178821875.0,-41.73625
1178822031.25,-41.7395
1178822187.5,-41.74131
1178822343.75,-41.74272
1178822500.0,-41.71537
1178822656.25,-41.72688
1178822812.5,-41.71513
1178822968.75,-41.71976
1178823125.0,-41.73013
1178823281.25,-41.73281
1178823437.5,-41.72532
1178823593.75,-41.72662
1178823750.0,-41.74004
1178823906.25,-41.71307
1178824062.5,-41.71338
1178824218.75,-41.72168
1178824375.0,-41.72303
1178824531.25,-41.72953
1178824687.5,-41.74029
1178824843.75,-41.71592
1178825000.0,-41.72443
1178825156.25,-41.72751
1178825312.5,-41.71774
1178825468.75,-41.72396
1178825625.0,-41.72254
1178825781.25,-41.70123
1178825937.5,-41.70751
1178826093.75,-41.71752
1178826250.0,-41.71315
1178826406.25,-41.70058
1178826562.5,-41.71349
1178826718.75,-41.72218
1178826875.0,-41.7155
1178827031.25,-41.72644
1178827187.5,-41.72863
1178827343.75,-41.74282
1178827500.0,-41.71705
1178827656.25,-41.7145
1178827812.5,-41.70075
1178827968.75,-41.71531
1178828125.0,-41.70788
1178828281.25,-41.72038
1178828437.5,-41.73483
1178828593.75,-41.72141
1178828750.0,-41.69333
1178828906.25,-41.69189
1178829062.5,-41.7001
1178829218.75,-41.70946
1178829375.0,-41.70335
1178829531.25,-41.7017
1178829687.5,-41.71888
1178829843.75,-41.70433
1178830000.0,-41.693
1178830156.25,-41.70265
1178830312.5,-41.70901
1178830468.75,-41.69581
1178830625.0,-41.70753
1178830781.25,-41.72636
1178830937.5,-41.68887
1178831093.75,-41.68258
1178831250.0,-41.68162
1178831406.25,-41.6859
1178831562.5,-41.70291
1178831718.75,-41.70177
1178831875.0,-41.66718
1178832031.25,-41.6988
1178832187.5,-41.69635
1178832343.75,-41.69852
1178832500.0,-41.69907
1178832656.25,-41.68921
1178832812.5,-41.68001
1178832968.75,-41.67616
1178833125.0,-41.70577
1178833281.25,-41.67099
1178833437.5,-41.6848
1178833593.75,-41.68612
1178833750.0,-41.66931
1178833906.25,-41.66748
1178834062.5,-41.69668
1178834218.75,-41.66419
1178834375.0,-41.68348
1178834531.25,-41.70195
1178834687.5,-41.67086
1178834843.75,-41.7066
1178835000.0,-41.67229
1178835156.25,-41.69942
1178835312.5,-41.7019
1178835468.75,-41.68465
1178835625.0,-41.67547
1178835781.25,-41.68265
1178835937.5,-41.67409
1178836093.75,-41.70282
1178836250.0,-41.69385
1178836406.25,-41.67678
1178836562.5,-41.65582
1178836718.75,-41.68587
1178836875.0,-41.69192
1178837031.25,-41.69474
1178837187.5,-41.69085
1178837343.75,-41.69144
1178837500.0,-41.67127
1178837656.25,-41.67493
1178837812.5,-41.67498
1178837968.75,-41.66274
1178838125.0,-41.66101
1178838281.25,-41.69323
1178838437.5,-41.68154
1178838593.75,-41.66472
1178838750.0,-41.68471
1178838906.25,-41.66901
1178839062.5,-41.693
1178839218.75,-41.66314
1178839375.0,-41.67578
1178839531.25,-41.67996
1178839687.5,-41.67294
1178839843.75,-41.68407
1178840000.0,-41.67373
1178840156.25,-41.64269
1178840312.5,-41.65393
1178840468.75,-41.64891
1178840625.0,-41.6778
1178840781.25,-41.6748
1178840937.5,-41.67416
1178841093.75,-41.63884
1178841250.0,-41.66537
1178841406.25,-41.68209
1178841562.5,-41.6719
1178841718.75,-41.6657
1178841875.0,-41.64512
1178842031.25,-41.6383
1178842187.5,-41.6601
1178842343.75,-41.645
1178842500.0,-41.66816
1178842656.25,-41.65795
1178842812.5,-41.64824
1178842968.75,-41.65825
1178843125.0,-41.64976
1178843281.25,-41.67533
1178843437.5,-41.63171
1178843593.75,-41.65274
1178843750.0,-41.67567
1178843906.25,-41.67799
1178844062.5,-41.62972
1178844218.75,-41.65475
1178844375.0,-41.63352
1178844531.25,-41.6548
1178844687.5,-41.65328
1178844843.75,-41.64936
1178845000.0,-41.64986
1178845156.25,-41.66462
1178845312.5,-41.66521
1178845468.75,-41.65991
1178845625.0,-41.6513
1178845781.25,-41.63738
1178845937.5,-41.66548
1178846093.75,-41.64305
1178846250.0,-41.63042
1178846406.25,-41.64719
1178846562.5,-41.64555
1178846718.75,-41.65978
1178846875.0,-41.65351
1178847031.25,-41.65676
1178847187.5,-41.63826
1178847343.75,-41.64232
1178847500.0,-41.65303
1178847656.25,-41.63859
1178847812.5,-41.63942
1178847968.75,-41.63977
1178848125.0,-41.65161
1178848281.25,-41.64311
1178848437.5,-41.64319
1178848593.75,-41.60985
1178848750.0,-41.6569
1178848906.25,-41.64191
1178849062.5,-41.6383
1178849218.75,-41.66582
1178849375.0,-41.63265
1178849531.25,-41.60809
1178849687.5,-41.62199
1178849843.75,-41.64679
1178850000.0,-41.62572
1178850156.25,-41.63268
1178850312.5,-41.64462
1178850468.75,-41.62187
1178850625.0,-41.62483
1178850781.25,-41.61976
1178850937.5,-41.63986
1178851093.75,-41.62069
1178851250.0,-41.62571
1178851406.25,-41.62852
1178851562.5,-41.62631
1178851718.75,-41.60304
1178851875.0,-41.62455
1178852031.25,-41.62871
1178852187.5,-41.61922
1178852343.75,-41.62866
1178852500.0,-41.62965
1178852656.25,-41.64063
1178852812.5,-41.60753
1178852968.75,-41.59323
1178853125.0,-41.62664
1178853281.25,-41.61768
1178853437.5,-41.61281
1178853593.75,-41.62458
1178853750.0,-41.61013
1178853906.25,-41.61428
1178854062.5,-41.61455
1178854218.75,-41.62009
1178854375.0,-41.60063
1178854531.25,-41.62905
1178854687.5,-41.63468
1178854843.75,-41.60571
1178855000.0,-41.60738
1178855156.25,-41.61497
1178855312.5,-41.59092
1178855468.75,-41.60096
1178855625.0,-41.61812
1178855781.25,-41.60511
1178855937.5,-41.60625
1178856093.75,-41.61978
1178856250.0,-41.5993
1178856406.25,-41.61355
1178856562.5,-41.62097
1178856718.75,-41.61686
1178856875.0,-41.60231
1178857031.25,-41.61456
1178857187.5,-41.6331
1178857343.75,-41.61954
1178857500.0,-41.589
1178857656.25,-41.60196
1178857812.5,-41.61337
1178857968.75,-41.61531
1178858125.0,-41.62207
1178858281.25,-41.60878
1178858437.5,-41.59421
1178858593.75,-41.58592
1178858750.0,-41.58908
1178858906.25,-41.616
1178859062.5,-41.62915
1178859218.75,-41.60281
1178859375.0,-41.6101
1178859531.25,-41.5839
1178859687.5,-41.58623
1178859843.75,-41.61055
1178860000.0,-41.60407
1178860156.25,-41.59813
1178860312.5,-41.62701
1178860468.75,-41.60195
1178860625.0,-41.58516
1178860781.25,-41.60337
1178860937.5,-41.58804
1178861093.75,-41.58263
1178861250.0,-41.58966
1178861406.25,-41.58786
1178861562.5,-41.59645
1178861718.75,-41.60044
1178861875.0,-41.58362
1178862031.25,-41.59968
1178862187.5,-41.57606
1178862343.75,-41.58941
1178862500.0,-41.60152
1178862656.25,-41.59886
1178862812.5,-41.5935
1178862968.75,-41.57491
1178863125.0,-41.59045
1178863281.25,-41.57203
1178863437.5,-41.58061
1178863593.75,-41.58945
1178863750.0,-41.58665
1178863906.25,-41.58805
1178864062.5,-41.58818
1178864218.75,-41.60406
1178864375.0,-41.58615
1178864531.25,-41.57882
1178864687.5,-41.57839
1178864843.75,-41.58676
1178865000.0,-41.58725
1178865156.25,-41.59721
1178865312.5,-41.58154
1178865468.75,-41.60396
1178865625.0,-41.58859
1178865781.25,-41.57272
1178865937.5,-41.57432
1178866093.75,-41.5595
1178866250.0,-41.57735
1178866406.25,-41.56368
1178866562.5,-41.57767
1178866718.75,-41.56587
1178866875.0,-41.57315
1178867031.25,-41.57026
1178867187.5,-41.5681
1178867343.75,-41.58535
1178867500.0,-41.57137
1178867656.25,-41.56509
1178867812.5,-41.54876
1178867968.75,-41.55642
1178868125.0,-41.54
1178868281.25,-41.56752
1178868437.5,-41.57686
1178868593.75,-41.55919
1178868750.0,-41.58157
1178868906.25,-41.56084
1178869062.5,-41.58195
1178869218.75,-41.57865
1178869375.0,-41.56763
1178869531.25,-41.56146
1178869687.5,-41.55422
1178869843.75,-41.56765
1178870000.0,-41.57263
1178870156.25,-41.55593
1178870312.5,-41.54655
1178870468.75,-41.58452
1178870625.0,-41.54037
1178870781.25,-41.56211
1178870937.5,-41.55145
1178871093.75,-41.5491
1178871250.0,-41.55894
1178871406.25,-41.56173
1178871562.5,-41.56161
1178871718.75,-41.54755
1178871875.0,-41.56915
1178872031.25,-41.55281
1178872187.5,-41.54175
1178872343.75,-41.55882
1178872500.0,-41.55733
1178872656.25,-41.55686
1178872812.5,-41.55141
1178872968.75,-41.55356
1178873125.0,-41.56577
1178873281.25,-41.55977
1178873437.5,-41.55965
1178873593.75,-41.57755
1178873750.0,-41.55666
1178873906.25,-41.56496
1178874062.5,-41.54267
1178874218.75,-41.5623
1178874375.0,-41.54841
1178874531.25,-41.53617
1178874687.5,-41.56124
1178874843.75,-41.54533
1178875000.0,-41.52554
1178875156.25,-41.55998
1178875312.5,-41.54364
1178875468.75,-41.52436
1178875625.0,-41.5302
1178875781.25,-41.54726
1178875937.5,-41.55712
1178876093.75,-41.54837
1178876250.0,-41.51906
1178876406.25,-41.55696
1178876562.5,-41.52465
1178876718.75,-41.5279
1178876875.0,-41.54179
1178877031.25,-41.53375
1178877187.5,-41.54274
1178877343.75,-41.51809
1178877500.0,-41.54313
1178877656.25,-41.55384
1178877812.5,-41.53548
1178877968.75,-41.53466
1178878125.0,-41.54223
1178878281.25,-41.52361
1178878437.5,-41.53059
1178878593.75,-41.53381
1178878750.0,-41.51695
1178878906.25,-41.50902
1178879062.5,-41.52402
1178879218.75,-41.51649
1178879375.0,-41.52219
1178879531.25,-41.53704
1178879687.5,-41.53479
1178879843.75,-41.53522
1178880000.0,-41.53887
1178880156.25,-41.5303
1178880312.5,-41.52027
1178880468.75,-41.50562
1178880625.0,-41.51294
1178880781.25,-41.5205
1178880937.5,-41.51714
1178881093.75,-41.50645
1178881250.0,-41.51665
1178881406.25,-41.52361
1178881562.5,-41.53283
1178881718.75,-41.50758
1178881875.0,-41.5251
1178882031.25,-41.51648
1178882187.5,-41.49948
1178882343.75,-41.52886
1178882500.0,-41.51026
1178882656.25,-41.51907
1178882812.5,-41.52291
1178882968.75,-41.51104
1178883125.0,-41.51766
1178883281.25,-41.4982
1178883437.5,-41.49515
1178883593.75,-41.51139
1178883750.0,-41.52215
1178883906.25,-41.51002
1178884062.5,-41.53093
1178884218.75,-41.5127
1178884375.0,-41.5041
1178884531.25,-41.50274
1178884687.5,-41.51
1178884843.75,-41.50898
1178885000.0,-41.5019
1178885156.25,-41.51133
1178885312.5,-41.49607
1178885468.75,-41.50405
1178885625.0,-41.50289
1178885781.25,-41.50983
1178885937.5,-41.4939
1178886093.75,-41.4794
1178886250.0,-41.47756
1178886406.25,-41.50366
1178886562.5,-41.5066
1178886718.75,-41.50771
1178886875.0,-41.51389
1178887031.25,-41.51233
1178887187.5,-41.48869
1178887343.75,-41.5107
1178887500.0,-41.50088
1178887656.25,-41.49465
1178887812.5,-41.49597
1178887968.75,-41.50336
1178888125.0,-41.48838
1178888281.25,-41.50646
1178888437.5,-41.49297
1178888593.75,-41.50499
1178888750.0,-41.50053
1178888906.25,-41.48702
1178889062.5,-41.4925
1178889218.75,-41.49109
1178889375.0,-41.49577
1178889531.25,-41.48787
1178889687.5,-41.4863
1178889843.75,-41.48743
1178890000.0,-41.47083
1178890156.25,-41.49169
1178890312.5,-41.50586
1178890468.75,-41.48758
1178890625.0,-41.52156
1178890781.25,-41.47941
1178890937.5,-41.4868
1178891093.75,-41.47985
1178891250.0,-41.47966
1178891406.25,-41.4808
1178891562.5,-41.49076
1178891718.75,-41.49182
1178891875.0,-41.47983
1178892031.25,-41.49303
1178892187.5,-41.47209
1178892343.75,-41.46863
1178892500.0,-41.47311
1178892656.25,-41.48304
1178892812.5,-41.47483
1178892968.75,-41.48304
1178893125.0,-41.4756
1178893281.25,-41.4834
1178893437.5,-41.48513
1178893593.75,-41.49859
1178893750.0,-41.46357
1178893906.25,-41.4764
1178894062.5,-41.47715
1178894218.75,-41.46638
1178894375.0,-41.47722
1178894531.25,-41.46996
1178894687.5,-41.47284
1178894843.75,-41.48456
1178895000.0,-41.47987
1178895156.25,-41.47163
1178895312.5,-41.47642
1178895468.75,-41.47201
1178895625.0,-41.48259
1178895781.25,-41.47616
1178895937.5,-41.45739
1178896093.75,-41.47912
1178896250.0,-41.48479
1178896406.25,-41.49158
1178896562.5,-41.48193
1178896718.75,-41.46901
1178896875.0,-41.47908
1178897031.25,-41.4704
1178897187.5,-41.48881
1178897343.75,-41.44398
1178897500.0,-41.45293
1178897656.25,-41.47416
1178897812.5,-41.46043
1178897968.75,-41.44106
1178898125.0,-41.45745
1178898281.25,-41.46154
1178898437.5,-41.47078
1178898593.75,-41.44787
1178898750.0,-41.45646
1178898906.25,-41.45053
1178899062.5,-41.46846
1178899218.75,-41.45597
1178899375.0,-41.48213
1178899531.25,-41.46684
1178899687.5,-41.46948
1178899843.75,-41.47638
1178900000.0,-41.44879
1178900156.25,-41.42821
1178900312.5,-41.4372
1178900468.75,-41.43942
1178900625.0,-41.46183
1178900781.25,-41.47231
1178900937.5,-41.44997
1178901093.75,-41.4514
1178901250.0,-41.45735
1178901406.25,-41.45227
1178901562.5,-41.45033
1178901718.75,-41.4323
1178901875.0,-41.4568
1178902031.25,-41.43224
1178902187.5,-41.42518
1178902343.75,-41.47232
1178902500.0,-41.44563
1178902656.25,-41.44957
1178902812.5,-41.44648
1178902968.75,-41.44045
1178903125.0,-41.45726
1178903281.25,-41.43345
1178903437.5,-41.44062
1178903593.75,-41.43694
1178903750.0,-41.45451
1178903906.25,-41.43969
1178904062.5,-41.44497
1178904218.75,-41.44567
1178904375.0,-41.4466
1178904531.25,-41.43787
1178904687.5,-41.44773
1178904843.75,-41.45456
1178905000.0,-41.43714
1178905156.25,-41.42585
1178905312.5,-41.45445
1178905468.75,-41.44662
1178905625.0,-41.44327
1178905781.25,-41.41591
1178905937.5,-41.45205
1178906093.75,-41.45029
1178906250.0,-41.44134
1178906406.25,-41.42397
1178906562.5,-41.41516
1178906718.75,-41.42414
1178906875.0,-41.41806
1178907031.25,-41.43712
1178907187.5,-41.4252
1178907343.75,-41.44884
1178907500.0,-41.42155
1178907656.25,-41.41141
1178907812.5,-41.43569
1178907968.75,-41.42397
1178908125.0,-41.42414
1178908281.25,-41.41616
1178908437.5,-41.42833
1178908593.75,-41.43362
1178908750.0,-41.44076
1178908906.25,-41.42552
1178909062.5,-41.41857
1178909218.75,-41.43254
1178909375.0,-41.43377
1178909531.25,-41.40876
1178909687.5,-41.42601
1178909843.75,-41.42747
1178910000.0,-41.44205
1178910156.25,-41.41955
1178910312.5,-41.40427
1178910468.75,-41.39692
1178910625.0,-41.42062
1178910781.25,-41.41655
1178910937.5,-41.40422
1178911093.75,-41.41168
1178911250.0,-41.4264
1178911406.25,-41.41305
1178911562.5,-41.41484
1178911718.75,-41.42385
1178911875.0,-41.42502
1178912031.25,-41.41658
1178912187.5,-41.41844
1178912343.75,-41.41184
1178912500.0,-41.43613
1178912656.25,-41.40859
1178912812.5,-41.41227
1178912968.75,-41.42295
1178913125.0,-41.40987
1178913281.25,-41.383
1178913437.5,-41.39099
1178913593.75,-41.40693
1178913750.0,-41.40127
1178913906.25,-41.40284
1178914062.5,-41.39996
1178914218.75,-41.41215
1178914375.0,-41.40281
1178914531.25,-41.41805
1178914687.5,-41.40825
1178914843.75,-41.39117
1178915000.0,-41.39257
1178915156.25,-41.38831
1178915312.5,-41.39537
1178915468.75,-41.39932
1178915625.0,-41.41186
1178915781.25,-41.39416
1178915937.5,-41.40921
1178916093.75,-41.37777
1178916250.0,-41.37477
1178916406.25,-41.40316
1178916562.5,-41.40895
1178916718.75,-41.37358
1178916875.0,-41.40707
1178917031.25,-41.384
1178917187.5,-41.39086
1178917343.75,-41.38558
1178917500.0,-41.39503
1178917656.25,-41.39182
1178917812.5,-41.42249
1178917968.75,-41.38113
1178918125.0,-41.3961
1178918281.25,-41.40395
1178918437.5,-41.39109
1178918593.75,-41.38028
1178918750.0,-41.37971
1178918906.25,-41.38115
1178919062.5,-41.38892
1178919218.75,-41.38003
1178919375.0,-41.37104
1178919531.25,-41.37846
1178919687.5,-41.36217
1178919843.75,-41.39085
1178920000.0,-41.37291
1178920156.25,-41.40052
1178920312.5,-41.38911
1178920468.75,-41.39983
1178920625.0,-41.38566
1178920781.25,-41.37794
1178920937.5,-41.37012
1178921093.75,-41.38451
1178921250.0,-41.38506
1178921406.25,-41.38348
1178921562.5,-41.38469
1178921718.75,-41.38067
1178921875.0,-41.37231
1178922031.25,-41.37238
1178922187.5,-41.36322
1178922343.75,-41.36774
1178922500.0,-41.37461
1178922656.25,-41.36389
1178922812.5,-41.3784
1178922968.75,-41.37887
1178923125.0,-41.36198
1178923281.25,-41.3749
1178923437.5,-41.35983
1178923593.75,-41.36784
1178923750.0,-41.38352
1178923906.25,-41.36142
1178924062.5,-41.36962
1178924218.75,-41.36814
1178924375.0,-41.35561
1178924531.25,-41.3782
1178924687.5,-41.36731
1178924843.75,-41.35614
1178925000.0,-41.37743
1178925156.25,-41.37187
1178925312.5,-41.36871
1178925468.75,-41.37414
1178925625.0,-41.37022
1178925781.25,-41.33869
1178925937.5,-41.35365
1178926093.75,-41.37038
1178926250.0,-41.34018
1178926406.25,-41.37517
1178926562.5,-41.38451
1178926718.75,-41.34966
1178926875.0,-41.36246
1178927031.25,-41.34483
1178927187.5,-41.36244
1178927343.75,-41.35253
1178927500.0,-41.35208
1178927656.25,-41.35377
1178927812.5,-41.361
1178927968.75,-41.32789
1178928125.0,-41.36372
1178928281.25,-41.35529
1178928437.5,-41.36062
1178928593.75,-41.34306
1178928750.0,-41.35461
1178928906.25,-41.33684
1178929062.5,-41.35732
1178929218.75,-41.32786
1178929375.0,-41.34489
1178929531.25,-41.33918
1178929687.5,-41.36648
1178929843.75,-41.35486
1178930000.0,-41.341
1178930156.25,-41.37937
1178930312.5,-41.35559
1178930468.75,-41.33277
1178930625.0,-41.35178
1178930781.25,-41.34084
1178930937.5,-41.32159
1178931093.75,-41.3555
1178931250.0,-41.36087
1178931406.25,-41.3572
1178931562.5,-41.35125
1178931718.75,-41.33986
1178931875.0,-41.34813
1178932031.25,-41.34972
1178932187.5,-41.34383
1178932343.75,-41.35064
1178932500.0,-41.34621
1178932656.25,-41.36345
1178932812.5,-41.32478
1178932968.75,-41.33859
1178933125.0,-41.31154
1178933281.25,-41.33607
1178933437.5,-41.32494
1178933593.75,-41.33529
1178933750.0,-41.34465
1178933906.25,-41.33312
1178934062.5,-41.33215
1178934218.75,-41.32483
1178934375.0,-41.32018
1178934531.25,-41.33738
1178934687.5,-41.32334
1178934843.75,-41.33855
1178935000.0,-41.3267
1178935156.25,-41.32969
1178935312.5,-41.34824
1178935468.75,-41.31852
1178935625.0,-41.31898
1178935781.25,-41.30577
1178935937.5,-41.34143
1178936093.75,-41.31587
1178936250.0,-41.35087
1178936406.25,-41.32587
1178936562.5,-41.33575
1178936718.75,-41.33596
1178936875.0,-41.31609
1178937031.25,-41.32835
1178937187.5,-41.30737
1178937343.75,-41.30931
1178937500.0,-41.31466
1178937656.25,-41.34219
1178937812.5,-41.30354
1178937968.75,-41.32892
1178938125.0,-41.33804
1178938281.25,-41.31889
1178938437.5,-41.32701
1178938593.75,-41.30835
1178938750.0,-41.32035
1178938906.25,-41.3076
1178939062.5,-41.31242
1178939218.75,-41.30027
1178939375.0,-41.32402
1178939531.25,-41.31467
1178939687.5,-41.32335
1178939843.75,-41.29778
1178940000.0,-41.306
1178940156.25,-41.30828
1178940312.5,-41.32842
1178940468.75,-41.30402
1178940625.0,-41.32172
1178940781.25,-41.30022
1178940937.5,-41.30131
1178941093.75,-41.3203
1178941250.0,-41.31021
1178941406.25,-41.31133
1178941562.5,-41.31582
1178941718.75,-41.31871
1178941875.0,-41.30356
1178942031.25,-41.30286
1178942187.5,-41.32243
1178942343.75,-41.30952
1178942500.0,-41.30658
1178942656.25,-41.32093
1178942812.5,-41.30301
1178942968.75,-41.28933
1178943125.0,-41.30666
1178943281.25,-41.30591
1178943437.5,-41.30244
1178943593.75,-41.30851
1178943750.0,-41.28968
1178943906.25,-41.30022
1178944062.5,-41.3008
1178944218.75,-41.29982
1178944375.0,-41.30324
1178944531.25,-41.30076
1178944687.5,-41.27071
1178944843.75,-41.27804
1178945000.0,-41.2962
1178945156.25,-41.28427
1178945312.5,-41.27794
1178945468.75,-41.29813
1178945625.0,-41.2903
1178945781.25,-41.29562
1178945937.5,-41.28551
1178946093.75,-41.30007
1178946250.0,-41.26692
1178946406.25,-41.29618
1178946562.5,-41.27825
1178946718.75,-41.27303
1178946875.0,-41.29929
1178947031.25,-41.27825
1178947187.5,-41.30021
1178947343.75,-41.29595
1178947500.0,-41.27434
1178947656.25,-41.2723
1178947812.5,-41.26993
1178947968.75,-41.30302
1178948125.0,-41.30086
1178948281.25,-41.28632
1178948437.5,-41.30155
1178948593.75,-41.28801
1178948750.0,-41.28951
1178948906.25,-41.28335
1178949062.5,-41.26492
1178949218.75,-41.2975
1178949375.0,-41.28584
1178949531.25,-41.28244
1178949687.5,-41.28252
1178949843.75,-41.28156
1178950000.0,-41.28112
1178950156.25,-41.27793
1178950312.5,-41.26685
1178950468.75,-41.28239
1178950625.0,-41.29363
1178950781.25,-41.27255
1178950937.5,-41.27728
1178951093.75,-41.26276
1178951250.0,-41.28922
1178951406.25,-41.28322
1178951562.5,-41.27178
1178951718.75,-41.26759
1178951875.0,-41.27734
1178952031.25,-41.25964
1178952187.5,-41.26929
1178952343.75,-41.26423
1178952500.0,-41.2768
1178952656.25,-41.25515
1178952812.5,-41.27462
1178952968.75,-41.26799
1178953125.0,-41.23828
1178953281.25,-41.2688
1178953437.5,-41.26167
1178953593.75,-41.25407
1178953750.0,-41.25935
1178953906.25,-41.25711
1178954062.5,-41.26025
1178954218.75,-41.27712
1178954375.0,-41.26547
1178954531.25,-41.26151
1178954687.5,-41.24475
1178954843.75,-41.23776
1178955000.0,-41.22793
1178955156.25,-41.24687
1178955312.5,-41.27076
1178955468.75,-41.26444
1178955625.0,-41.24796
1178955781.25,-41.25678
1178955937.5,-41.28249
1178956093.75,-41.25713
1178956250.0,-41.22517
1178956406.25,-41.23286
1178956562.5,-41.25468
1178956718.75,-41.2403
1178956875.0,-41.2616
1178957031.25,-41.2549
1178957187.5,-41.25594
1178957343.75,-41.2608
1178957500.0,-41.25421
1178957656.25,-41.24104
1178957812.5,-41.24804
1178957968.75,-41.24218
1178958125.0,-41.2486
1178958281.25,-41.2429
1178958437.5,-41.25179
1178958593.75,-41.23383
1178958750.0,-41.25808
1178958906.25,-41.23985
1178959062.5,-41.25289
1178959218.75,-41.23244
1178959375.0,-41.22662
1178959531.25,-41.24389
1178959687.5,-41.24199
1178959843.75,-41.24783
1178960000.0,-41.23086
1178960156.25,-41.23215
1178960312.5,-41.23782
1178960468.75,-41.22978
1178960625.0,-41.23638
1178960781.25,-41.22786
1178960937.5,-41.22418
1178961093.75,-41.25702
1178961250.0,-41.21923
1178961406.25,-41.23631
1178961562.5,-41.20243
1178961718.75,-41.22276
1178961875.0,-41.22612
1178962031.25,-41.22901
1178962187.5,-41.21505
1178962343.75,-41.23855
1178962500.0,-41.23819
1178962656.25,-41.23583
1178962812.5,-41.22127
1178962968.75,-41.22364
1178963125.0,-41.21636
1178963281.25,-41.20961
1178963437.5,-41.23234
1178963593.75,-41.22254
1178963750.0,-41.22654
1178963906.25,-41.22124
1178964062.5,-41.23182
1178964218.75,-41.22039
1178964375.0,-41.20745
1178964531.25,-41.23478
1178964687.5,-41.21968
1178964843.75,-41.22566
1178965000.0,-41.21249
1178965156.25,-41.23717
1178965312.5,-41.21611
1178965468.75,-41.21424
1178965625.0,-41.22176
1178965781.25,-41.2301
1178965937.5,-41.21936
1178966093.75,-41.21204
1178966250.0,-41.21255
1178966406.25,-41.21167
1178966562.5,-41.20032
1178966718.75,-41.20192
1178966875.0,-41.20494
1178967031.25,-41.20778
1178967187.5,-41.2053
1178967343.75,-41.209
1178967500.0,-41.20193
1178967656.25,-41.19758
1178967812.5,-41.20767
1178967968.75,-41.20155
1178968125.0,-41.21135
1178968281.25,-41.21055
1178968437.5,-41.2219
1178968593.75,-41.21394
1178968750.0,-41.21413
1178968906.25,-41.20383
1178969062.5,-41.21216
1178969218.75,-41.20304
1178969375.0,-41.21066
1178969531.25,-41.20958
1178969687.5,-41.19602
1178969843.75,-41.20659
1178970000.0,-41.20553
1178970156.25,-41.19907
1178970312.5,-41.21111
1178970468.75,-41.20737
1178970625.0,-41.20382
1178970781.25,-41.19798
1178970937.5,-41.20961
1178971093.75,-41.2024
1178971250.0,-41.1855
1178971406.25,-41.20894
1178971562.5,-41.18644
1178971718.75,-41.18811
1178971875.0,-41.17921
1178972031.25,-41.20202
1178972187.5,-41.20889
1178972343.75,-41.18018
1178972500.0,-41.20083
1178972656.25,-41.18829
1178972812.5,-41.20435
1178972968.75,-41.20564
1178973125.0,-41.17696
1178973281.25,-41.18861
1178973437.5,-41.17033
1178973593.75,-41.18872
1178973750.0,-41.20942
1178973906.25,-41.17543
1178974062.5,-41.19716
1178974218.75,-41.16756
1178974375.0,-41.18279
1178974531.25,-41.19087
1178974687.5,-41.18997
1178974843.75,-41.1983
1178975000.0,-41.18336
1178975156.25,-41.17223
1178975312.5,-41.20319
1178975468.75,-41.17041
1178975625.0,-41.20702
1178975781.25,-41.18515
1178975937.5,-41.18979
1178976093.75,-41.16903
1178976250.0,-41.18624
1178976406.25,-41.17202
1178976562.5,-41.17041
1178976718.75,-41.18542
1178976875.0,-41.16988
1178977031.25,-41.18505
1178977187.5,-41.16936
1178977343.75,-41.18133
1178977500.0,-41.17619
1178977656.25,-41.17411
1178977812.5,-41.20058
1178977968.75,-41.16601
1178978125.0,-41.16997
1178978281.25,-41.17053
1178978437.5,-41.18285
1178978593.75,-41.17627
1178978750.0,-41.18505
1178978906.25,-41.17397
1178979062.5,-41.17292
1178979218.75,-41.18294
1178979375.0,-41.1632
1178979531.25,-41.16691
1178979687.5,-41.15148
1178979843.75,-41.16599
1178980000.0,-41.16537
1178980156.25,-41.16866
1178980312.5,-41.15886
1178980468.75,-41.17552
1178980625.0,-41.16351
1178980781.25,-41.16496
1178980937.5,-41.18076
1178981093.75,-41.15157
1178981250.0,-41.17073
1178981406.25,-41.17225
1178981562.5,-41.15879
1178981718.75,-41.16302
1178981875.0,-41.1671
1178982031.25,-41.15706
1178982187.5,-41.16821
1178982343.75,-41.15284
1178982500.0,-41.14259
1178982656.25,-41.16523
1178982812.5,-41.15563
1178982968.75,-41.15414
1178983125.0,-41.15893
1178983281.25,-41.18215
1178983437.5,-41.17086
1178983593.75,-41.13871
1178983750.0,-41.13546
1178983906.25,-41.13616
1178984062.5,-41.16007
1178984218.75,-41.14328
1178984375.0,-41.13261
1178984531.25,-41.15322
1178984687.5,-41.1492
1178984843.75,-41.15311
1178985000.0,-41.15234
1178985156.25,-41.16148
1178985312.5,-41.15692
1178985468.75,-41.12745
1178985625.0,-41.14087
1178985781.25,-41.1532
1178985937.5,-41.1563
1178986093.75,-41.13808
1178986250.0,-41.12263
1178986406.25,-41.13631
1178986562.5,-41.15958
1178986718.75,-41.1288
1178986875.0,-41.1431
1178987031.25,-41.11935
1178987187.5,-41.13401
1178987343.75,-41.14624
1178987500.0,-41.15462
1178987656.25,-41.13481
1178987812.5,-41.12782
1178987968.75,-41.14892
1178988125.0,-41.12669
1178988281.25,-41.11882
1178988437.5,-41.12936
1178988593.75,-41.13625
1178988750.0,-41.14407
1178988906.25,-41.13662
1178989062.5,-41.10562
1178989218.75,-41.12064
1178989375.0,-41.1363
1178989531.25,-41.12204
1178989687.5,-41.12451
1178989843.75,-41.1298
1178990000.0,-41.12341
1178990156.25,-41.11985
1178990312.5,-41.13767
1178990468.75,-41.1466
1178990625.0,-41.13562
1178990781.25,-41.12323
1178990937.5,-41.12335
1178991093.75,-41.13085
1178991250.0,-41.14373
1178991406.25,-41.12252
1178991562.5,-41.1144
1178991718.75,-41.11551
1178991875.0,-41.1155
1178992031.25,-41.11669
1178992187.5,-41.13631
1178992343.75,-41.12049
1178992500.0,-41.10648
1178992656.25,-41.12854
1178992812.5,-41.11079
1178992968.75,-41.10678
1178993125.0,-41.1258
1178993281.25,-41.10708
1178993437.5,-41.09967
1178993593.75,-41.09198
1178993750.0,-41.11258
1178993906.25,-41.10156
1178994062.5,-41.10075
1178994218.75,-41.11062
1178994375.0,-41.09982
1178994531.25,-41.12363
1178994687.5,-41.10926
1178994843.75,-41.10192
1178995000.0,-41.11004
1178995156.25,-41.12094
1178995312.5,-41.10765
1178995468.75,-41.10812
1178995625.0,-41.10861
1178995781.25,-41.11068
1178995937.5,-41.10548
1178996093.75,-41.10843
1178996250.0,-41.09995
1178996406.25,-41.10613
1178996562.5,-41.10224
1178996718.75,-41.10145
1178996875.0,-41.112
1178997031.25,-41.10136
1178997187.5,-41.09626
1178997343.75,-41.10392
1178997500.0,-41.10357
1178997656.25,-41.11157
1178997812.5,-41.0833
1178997968.75,-41.09395
1178998125.0,-41.1003
1178998281.25,-41.0921
1178998437.5,-41.12033
1178998593.75,-41.09003
1178998750.0,-41.11213
1178998906.25,-41.08534
1178999062.5,-41.10521
1178999218.75,-41.10183
1178999375.0,-41.08173
1178999531.25,-41.08863
1178999687.5,-41.10874
1178999843.75,-41.09052
1179000000.0,-41.0869
1179000156.25,-41.0569
1179000312.5,-41.09383
1179000468.75,-41.09026
1179000625.0,-41.09658
1179000781.25,-41.08144
1179000937.5,-41.09195
1179001093.75,-41.08694
1179001250.0,-41.07348
1179001406.25,-41.10012
1179001562.5,-41.06618
1179001718.75,-41.08126
1179001875.0,-41.06441
1179002031.25,-41.07788
1179002187.5,-41.08102
1179002343.75,-41.07406
1179002500.0,-41.07217
1179002656.25,-41.08013
1179002812.5,-41.08139
1179002968.75,-41.0863
1179003125.0,-41.0914
1179003281.25,-41.06668
1179003437.5,-41.07847
1179003593.75,-41.05675
1179003750.0,-41.0745
1179003906.25,-41.07669
1179004062.5,-41.0771
1179004218.75,-41.08032
1179004375.0,-41.05961
1179004531.25,-41.068
1179004687.5,-41.08278
1179004843.75,-41.08029
1179005000.0,-41.08118
1179005156.25,-41.05221
1179005312.5,-41.06921
1179005468.75,-41.06495
1179005625.0,-41.05926
1179005781.25,-41.05559
1179005937.5,-41.0606
1179006093.75,-41.07898
1179006250.0,-41.04921
1179006406.25,-41.06126
1179006562.5,-41.08691
1179006718.75,-41.0615
1179006875.0,-41.06644
1179007031.25,-41.05204
1179007187.5,-41.06431
1179007343.75,-41.06023
1179007500.0,-41.0495
1179007656.25,-41.0721
1179007812.5,-41.05325
1179007968.75,-41.07729
1179008125.0,-41.0697
1179008281.25,-41.04483
1179008437.5,-41.07928
1179008593.75,-41.05401
1179008750.0,-41.05783
1179008906.25,-41.05765
1179009062.5,-41.04977
1179009218.75,-41.06174
1179009375.0,-41.07737
1179009531.25,-41.05663
1179009687.5,-41.07141
1179009843.75,-41.03722
1179010000.0,-41.06132
1179010156.25,-41.05375
1179010312.5,-41.04695
1179010468.75,-41.04832
1179010625.0,-41.05209
1179010781.25,-41.05265
1179010937.5,-41.03829
1179011093.75,-41.04643
1179011250.0,-41.06588
1179011406.25,-41.05895
1179011562.5,-41.04148
1179011718.75,-41.04304
1179011875.0,-41.04062
1179012031.25,-41.05857
1179012187.5,-41.03015
1179012343.75,-41.02037
1179012500.0,-41.06263
1179012656.25,-41.03049
1179012812.5,-41.03154
1179012968.75,-41.02205
1179013125.0,-41.04827
1179013281.25,-41.04019
1179013437.5,-41.04374
1179013593.75,-41.03098
1179013750.0,-41.05465
1179013906.25,-41.06103
1179014062.5,-41.04679
1179014218.75,-41.04289
1179014375.0,-41.04602
1179014531.25,-41.03374
1179014687.5,-41.04007
1179014843.75,-41.02721
1179015000.0,-41.02958
1179015156.25,-41.03798
1179015312.5,-41.05838
1179015468.75,-41.0362
1179015625.0,-41.02779
1179015781.25,-41.0238
1179015937.5,-41.02229
1179016093.75,-41.02354
1179016250.0,-41.03556
1179016406.25,-41.05134
1179016562.5,-40.98848
1179016718.75,-41.03474
1179016875.0,-41.02459
1179017031.25,-41.01076
1179017187.5,-41.0296
1179017343.75,-41.01682
1179017500.0,-41.02519
1179017656.25,-41.01817
1179017812.5,-41.0143
1179017968.75,-41.02934
1179018125.0,-41.03072
1179018281.25,-41.01464
1179018437.5,-41.02486
1179018593.75,-41.00314
1179018750.0,-41.01708
1179018906.25,-41.01046
1179019062.5,-41.01008
1179019218.75,-41.01437
1179019375.0,-41.01252
1179019531.25,-41.02249
1179019687.5,-41.02513
1179019843.75,-41.01609
1179020000.0,-41.01509
1179020156.25,-41.04099
1179020312.5,-41.0324
1179020468.75,-40.9917
1179020625.0,-41.01096
1179020781.25,-41.00823
1179020937.5,-41.02377
1179021093.75,-40.99787
1179021250.0,-41.00637
1179021406.25,-41.01942
1179021562.5,-41.01586
1179021718.75,-41.01681
1179021875.0,-41.01231
1179022031.25,-41.0055
1179022187.5,-41.00613
1179022343.75,-41.00621
1179022500.0,-41.00467
1179022656.25,-40.99954
1179022812.5,-41.0075
1179022968.75,-41.00463
1179023125.0,-40.99903
1179023281.25,-40.99456
1179023437.5,-41.00678
1179023593.75,-41.00801
1179023750.0,-41.00816
1179023906.25,-41.00341
1179024062.5,-40.9959
1179024218.75,-41.00018
1179024375.0,-40.99042
1179024531.25,-41.01902
1179024687.5,-41.00664
1179024843.75,-40.99313
1179025000.0,-41.0047
1179025156.25,-40.99208
1179025312.5,-41.00381
1179025468.75,-41.0001
1179025625.0,-40.98572
1179025781.25,-40.98923
1179025937.5,-40.99503
1179026093.75,-40.99257
1179026250.0,-40.98222
1179026406.25,-41.00015
1179026562.5,-40.97579
1179026718.75,-40.98661
1179026875.0,-40.99435
1179027031.25,-40.97676
1179027187.5,-40.98508
1179027343.75,-40.97964
1179027500.0,-40.97435
1179027656.25,-41.00233
1179027812.5,-40.99037
1179027968.75,-40.98582
1179028125.0,-40.99933
1179028281.25,-40.98114
1179028437.5,-40.99123
1179028593.75,-40.96502
1179028750.0,-40.97811
1179028906.25,-40.97935
1179029062.5,-40.98202
1179029218.75,-40.98386
1179029375.0,-40.98201
1179029531.25,-40.97176
1179029687.5,-40.98508
1179029843.75,-40.96117
1179030000.0,-40.98565
1179030156.25,-40.98136
1179030312.5,-40.99072
1179030468.75,-40.99349
1179030625.0,-40.96631
1179030781.25,-40.97425
1179030937.5,-40.9943
1179031093.75,-40.97642
1179031250.0,-40.96703
1179031406.25,-40.9667
1179031562.5,-40.96424
1179031718.75,-40.9553
1179031875.0,-40.98188
1179032031.25,-40.96428
1179032187.5,-40.9758
1179032343.75,-40.96135
1179032500.0,-40.96685
1179032656.25,-40.95264
1179032812.5,-40.9603
1179032968.75,-40.96865
1179033125.0,-40.95022
1179033281.25,-40.9506
1179033437.5,-40.96741
1179033593.75,-40.96542
1179033750.0,-40.97139
1179033906.25,-40.96377
1179034062.5,-40.9622
1179034218.75,-40.95455
1179034375.0,-40.97583
1179034531.25,-40.96915
1179034687.5,-40.96982
1179034843.75,-40.95597
1179035000.0,-40.97191
1179035156.25,-40.95557
1179035312.5,-40.96106
1179035468.75,-40.97329
1179035625.0,-40.96908
1179035781.25,-40.95975
1179035937.5,-40.93429
1179036093.75,-40.94441
1179036250.0,-40.95054
1179036406.25,-40.95889
1179036562.5,-40.96249
1179036718.75,-40.96349
1179036875.0,-40.95007
1179037031.25,-40.95799
1179037187.5,-40.95309
1179037343.75,-40.9563
1179037500.0,-40.94629
1179037656.25,-40.95182
1179037812.5,-40.94518
1179037968.75,-40.9685
1179038125.0,-40.94736
1179038281.25,-40.96919
1179038437.5,-40.9432
1179038593.75,-40.93055
1179038750.0,-40.9496
1179038906.25,-40.92356
1179039062.5,-40.92582
1179039218.75,-40.94567
1179039375.0,-40.95107
1179039531.25,-40.95281
1179039687.5,-40.94123
1179039843.75,-40.94864
1179040000.0,-40.92845
1179040156.25,-40.95379
1179040312.5,-40.93686
1179040468.75,-40.94241
1179040625.0,-40.92738
1179040781.25,-40.95258
1179040937.5,-40.92639
1179041093.75,-40.92162
1179041250.0,-40.93454
1179041406.25,-40.94434
1179041562.5,-40.92788
1179041718.75,-40.96439
1179041875.0,-40.9527
1179042031.25,-40.92995
1179042187.5,-40.94537
1179042343.75,-40.92856
1179042500.0,-40.9181
1179042656.25,-40.93619
1179042812.5,-40.92841
1179042968.75,-40.90714
1179043125.0,-40.93662
1179043281.25,-40.94124
1179043437.5,-40.92603
1179043593.75,-40.93084
1179043750.0,-40.9269
1179043906.25,-40.9185
1179044062.5,-40.92974
1179044218.75,-40.90158
1179044375.0,-40.90774
1179044531.25,-40.91787
1179044687.5,-40.93775
1179044843.75,-40.91867
1179045000.0,-40.90039
1179045156.25,-40.93087
1179045312.5,-40.90952
1179045468.75,-40.92223
1179045625.0,-40.91601
1179045781.25,-40.90263
1179045937.5,-40.91877
1179046093.75,-40.9038
1179046250.0,-40.90962
1179046406.25,-40.91183
1179046562.5,-40.92377
1179046718.75,-40.92583
1179046875.0,-40.90354
1179047031.25,-40.90287
1179047187.5,-40.92242
1179047343.75,-40.90183
1179047500.0,-40.91673
1179047656.25,-40.90079
1179047812.5,-40.9095
1179047968.75,-40.90578
1179048125.0,-40.90121
1179048281.25,-40.91756
1179048437.5,-40.90728
1179048593.75,-40.90961
1179048750.0,-40.88856
1179048906.25,-40.91749
1179049062.5,-40.90881
1179049218.75,-40.90637
1179049375.0,-40.9114
1179049531.25,-40.91628
1179049687.5,-40.90547
1179049843.75,-40.91717
1179050000.0,-40.90144
1179050156.25,-40.88475
1179050312.5,-40.91668
1179050468.75,-40.89808
1179050625.0,-40.91219
1179050781.25,-40.91198
1179050937.5,-40.89889
1179051093.75,-40.89495
1179051250.0,-40.90281
1179051406.25,-40.91382
1179051562.5,-40.89423
1179051718.75,-40.89721
1179051875.0,-40.8956
1179052031.25,-40.89369
1179052187.5,-40.90302
1179052343.75,-40.89517
1179052500.0,-40.89934
1179052656.25,-40.89877
1179052812.5,-40.9071
1179052968.75,-40.87799
1179053125.0,-40.88332
1179053281.25,-40.91208
1179053437.5,-40.87002
1179053593.75,-40.88893
1179053750.0,-40.90059
1179053906.25,-40.89063
1179054062.5,-40.85872
1179054218.75,-40.88045
1179054375.0,-40.86879
1179054531.25,-40.86963
1179054687.5,-40.87812
1179054843.75,-40.89122
1179055000.0,-40.8853
1179055156.25,-40.88081
1179055312.5,-40.88064
1179055468.75,-40.9016
1179055625.0,-40.86756
1179055781.25,-40.88032
1179055937.5,-40.87591
1179056093.75,-40.88945
1179056250.0,-40.8661
1179056406.25,-40.86823
1179056562.5,-40.88914
1179056718.75,-40.8834
1179056875.0,-40.86585
1179057031.25,-40.88629
1179057187.5,-40.86364
1179057343.75,-40.87621
1179057500.0,-40.87747
1179057656.25,-40.88362
1179057812.5,-40.86742
1179057968.75,-40.88179
1179058125.0,-40.87846
1179058281.25,-40.87506
1179058437.5,-40.87231
1179058593.75,-40.87073
1179058750.0,-40.86634
1179058906.25,-40.86668
1179059062.5,-40.85895
1179059218.75,-40.86427
1179059375.0,-40.88176
1179059531.25,-40.86124
1179059687.5,-40.8652
1179059843.75,-40.86549
1179060000.0,-40.86091
1179060156.25,-40.86737
1179060312.5,-40.85076
1179060468.75,-40.86521
1179060625.0,-40.86309
1179060781.25,-40.85859
1179060937.5,-40.86135
1179061093.75,-40.86267
1179061250.0,-40.86861
1179061406.25,-40.85751
1179061562.5,-40.85797
1179061718.75,-40.8715
1179061875.0,-40.84331
1179062031.25,-40.85664
1179062187.5,-40.8704
1179062343.75,-40.84973
1179062500.0,-40.85784
1179062656.25,-40.85872
1179062812.5,-40.86037
1179062968.75,-40.85673
1179063125.0,-40.83854
1179063281.25,-40.83905
1179063437.5,-40.84604
1179063593.75,-40.84693
1179063750.0,-40.85346
1179063906.25,-40.85373
1179064062.5,-40.85364
1179064218.75,-40.83637
1179064375.0,-40.84706
1179064531.25,-40.87152
1179064687.5,-40.83607
1179064843.75,-40.84067
1179065000.0,-40.83505
1179065156.25,-40.83392
1179065312.5,-40.83334
1179065468.75,-40.82766
1179065625.0,-40.85738
1179065781.25,-40.84408
1179065937.5,-40.83137
1179066093.75,-40.85589
1179066250.0,-40.84854
1179066406.25,-40.85896
1179066562.5,-40.82128
1179066718.75,-40.84668
1179066875.0,-40.82359
1179067031.25,-40.85045
1179067187.5,-40.83468
1179067343.75,-40.82524
1179067500.0,-40.82234
1179067656.25,-40.8404
1179067812.5,-40.85075
1179067968.75,-40.82508
1179068125.0,-40.82695
1179068281.25,-40.84104
1179068437.5,-40.82642
1179068593.75,-40.82955
1179068750.0,-40.83023
1179068906.25,-40.84021
1179069062.5,-40.8266
1179069218.75,-40.83257
1179069375.0,-40.82829
1179069531.25,-40.81376
1179069687.5,-40.82004
1179069843.75,-40.80131
1179070000.0,-40.82914
1179070156.25,-40.81133
1179070312.5,-40.84557
1179070468.75,-40.81553
1179070625.0,-40.83916
1179070781.25,-40.81282
1179070937.5,-40.82263
1179071093.75,-40.83648
1179071250.0,-40.83371
1179071406.25,-40.82036
1179071562.5,-40.82562
1179071718.75,-40.8187
1179071875.0,-40.80751
1179072031.25,-40.79175
1179072187.5,-40.80917
1179072343.75,-40.80183
1179072500.0,-40.82468
1179072656.25,-40.81244
1179072812.5,-40.81079
1179072968.75,-40.81573
1179073125.0,-40.78704
1179073281.25,-40.81385
1179073437.5,-40.81313
1179073593.75,-40.81269
1179073750.0,-40.825
1179073906.25,-40.81974
1179074062.5,-40.80929
1179074218.75,-40.80414
1179074375.0,-40.82856
1179074531.25,-40.8286
1179074687.5,-40.80769
1179074843.75,-40.79913
1179075000.0,-40.81916
1179075156.25,-40.78321
1179075312.5,-40.81121
1179075468.75,-40.79264
1179075625.0,-40.80886
1179075781.25,-40.82467
1179075937.5,-40.80998
1179076093.75,-40.81171
1179076250.0,-40.80211
1179076406.25,-40.79116
1179076562.5,-40.80948
1179076718.75,-40.78497
1179076875.0,-40.80527
1179077031.25,-40.80482
1179077187.5,-40.79475
1179077343.75,-40.79936
1179077500.0,-40.78658
1179077656.25,-40.81668
1179077812.5,-40.78973
1179077968.75,-40.80777
1179078125.0,-40.80563
1179078281.25,-40.79309
1179078437.5,-40.79976
1179078593.75,-40.79457
1179078750.0,-40.78388
1179078906.25,-40.79863
1179079062.5,-40.78901
1179079218.75,-40.78896
1179079375.0,-40.78841
1179079531.25,-40.78749
1179079687.5,-40.80235
1179079843.75,-40.79888
1179080000.0,-40.79421
1179080156.25,-40.77551
1179080312.5,-40.79017
1179080468.75,-40.78926
1179080625.0,-40.78679
1179080781.25,-40.78049
1179080937.5,-40.79686
1179081093.75,-40.76982
1179081250.0,-40.78498
1179081406.25,-40.77508
1179081562.5,-40.77192
1179081718.75,-40.76617
1179081875.0,-40.79713
1179082031.25,-40.78894
1179082187.5,-40.7947
1179082343.75,-40.7711
1179082500.0,-40.7781
1179082656.25,-40.76904
1179082812.5,-40.78756
1179082968.75,-40.78911
1179083125.0,-40.78138
1179083281.25,-40.75961
1179083437.5,-40.78198
1179083593.75,-40.76941
1179083750.0,-40.76923
1179083906.25,-40.76624
1179084062.5,-40.76785
1179084218.75,-40.76933
1179084375.0,-40.77737
1179084531.25,-40.76979
1179084687.5,-40.7702
1179084843.75,-40.7603
1179085000.0,-40.75491
1179085156.25,-40.75706
1179085312.5,-40.75549
1179085468.75,-40.75751
1179085625.0,-40.75946
1179085781.25,-40.76863
1179085937.5,-40.76494
1179086093.75,-40.7807
1179086250.0,-40.78455
1179086406.25,-40.74882
1179086562.5,-40.76251
1179086718.75,-40.76214
1179086875.0,-40.77163
1179087031.25,-40.76817
1179087187.5,-40.75966
1179087343.75,-40.75527
1179087500.0,-40.75248
1179087656.25,-40.753
1179087812.5,-40.74686
1179087968.75,-40.74919
1179088125.0,-40.73908
1179088281.25,-40.755
1179088437.5,-40.75912
1179088593.75,-40.75912
1179088750.0,-40.76317
1179088906.25,-40.75639
1179089062.5,-40.75072
1179089218.75,-40.74738
1179089375.0,-40.75018
1179089531.25,-40.7342
1179089687.5,-40.74879
1179089843.75,-40.7297
1179090000.0,-40.75572
1179090156.25,-40.75675
1179090312.5,-40.73447
1179090468.75,-40.7496
1179090625.0,-40.74402
1179090781.25,-40.73509
1179090937.5,-40.73281
1179091093.75,-40.75697
1179091250.0,-40.74771
1179091406.25,-40.72305
1179091562.5,-40.73724
1179091718.75,-40.7267
1179091875.0,-40.74935
1179092031.25,-40.73311
1179092187.5,-40.73045
1179092343.75,-40.74026
1179092500.0,-40.74165
1179092656.25,-40.75077
1179092812.5,-40.73727
1179092968.75,-40.7402
1179093125.0,-40.74735
1179093281.25,-40.73303
1179093437.5,-40.70614
1179093593.75,-40.73418
1179093750.0,-40.73906
1179093906.25,-40.73808
1179094062.5,-40.72623
1179094218.75,-40.72669
1179094375.0,-40.74061
1179094531.25,-40.71192
1179094687.5,-40.731
1179094843.75,-40.7366
1179095000.0,-40.73092
1179095156.25,-40.72556
1179095312.5,-40.73445
1179095468.75,-40.72752
1179095625.0,-40.73447
1179095781.25,-40.71427
1179095937.5,-40.72743
1179096093.75,-40.7057
1179096250.0,-40.70527
1179096406.25,-40.72685
1179096562.5,-40.71011
1179096718.75,-40.7171
1179096875.0,-40.72557
1179097031.25,-40.72549
1179097187.5,-40.70822
1179097343.75,-40.73779
1179097500.0,-40.71608
1179097656.25,-40.73108
1179097812.5,-40.73093
1179097968.75,-40.71166
1179098125.0,-40.71828
1179098281.25,-40.71057
1179098437.5,-40.73071
1179098593.75,-40.7154
1179098750.0,-40.72794
1179098906.25,-40.71424
1179099062.5,-40.70547
1179099218.75,-40.71119
1179099375.0,-40.70491
1179099531.25,-40.70686
1179099687.5,-40.69735
1179099843.75,-40.70012
1179100000.0,-40.69709
1179100156.25,-40.70375
1179100312.5,-40.7062
1179100468.75,-40.70028
1179100625.0,-40.69501
1179100781.25,-40.72939
1179100937.5,-40.67593
1179101093.75,-40.69709
1179101250.0,-40.69575
1179101406.25,-40.70033
1179101562.5,-40.72722
1179101718.75,-40.6826
1179101875.0,-40.70861
1179102031.25,-40.691
1179102187.5,-40.70881
1179102343.75,-40.69997
1179102500.0,-40.71473
1179102656.25,-40.67257
1179102812.5,-40.67631
1179102968.75,-40.69379
1179103125.0,-40.69604
1179103281.25,-40.69141
1179103437.5,-40.7039
1179103593.75,-40.71241
1179103750.0,-40.68604
1179103906.25,-40.69056
1179104062.5,-40.68734
1179104218.75,-40.69044
1179104375.0,-40.69052
1179104531.25,-40.7016
1179104687.5,-40.68433
1179104843.75,-40.70597
1179105000.0,-40.70175
1179105156.25,-40.70399
1179105312.5,-40.685
1179105468.75,-40.67884
1179105625.0,-40.69543
1179105781.25,-40.68962
1179105937.5,-40.68052
1179106093.75,-40.6965
1179106250.0,-40.69542
1179106406.25,-40.6847
1179106562.5,-40.68332
1179106718.75,-40.67437
1179106875.0,-40.68365
1179107031.25,-40.69445
1179107187.5,-40.67923
1179107343.75,-40.67871
1179107500.0,-40.69389
1179107656.25,-40.68169
1179107812.5,-40.69516
1179107968.75,-40.68146
1179108125.0,-40.68234
1179108281.25,-40.67448
1179108437.5,-40.66666
1179108593.75,-40.67621
1179108750.0,-40.6713
1179108906.25,-40.66724
1179109062.5,-40.66375
1179109218.75,-40.67662
1179109375.0,-40.68071
1179109531.25,-40.68168
1179109687.5,-40.65264
1179109843.75,-40.66352
1179110000.0,-40.67622
1179110156.25,-40.65231
1179110312.5,-40.65385
1179110468.75,-40.67335
1179110625.0,-40.66367
1179110781.25,-40.64975
1179110937.5,-40.65821
1179111093.75,-40.66854
1179111250.0,-40.66592
1179111406.25,-40.66399
1179111562.5,-40.65926
1179111718.75,-40.65251
1179111875.0,-40.65819
1179112031.25,-40.64388
1179112187.5,-40.66274
1179112343.75,-40.65591
1179112500.0,-40.66933
1179112656.25,-40.6598
1179112812.5,-40.66138
1179112968.75,-40.64011
1179113125.0,-40.66439
1179113281.25,-40.65572
1179113437.5,-40.6409
1179113593.75,-40.65205
1179113750.0,-40.67673
1179113906.25,-40.66375
1179114062.5,-40.66005
1179114218.75,-40.64945
1179114375.0,-40.6442
1179114531.25,-40.65694
1179114687.5,-40.65934
1179114843.75,-40.65257
1179115000.0,-40.67218
1179115156.25,-40.65122
1179115312.5,-40.63927
1179115468.75,-40.64219
1179115625.0,-40.63185
1179115781.25,-40.66933
1179115937.5,-40.64746
1179116093.75,-40.63927
1179116250.0,-40.65503
1179116406.25,-40.64366
1179116562.5,-40.64075
1179116718.75,-40.64011
1179116875.0,-40.63947
1179117031.25,-40.65339
1179117187.5,-40.63664
1179117343.75,-40.63673
1179117500.0,-40.64681
1179117656.25,-40.63152
1179117812.5,-40.63851
1179117968.75,-40.64618
1179118125.0,-40.68124
1179118281.25,-40.6222
1179118437.5,-40.62955
1179118593.75,-40.63511
1179118750.0,-40.62524
1179118906.25,-40.63357
1179119062.5,-40.644
1179119218.75,-40.64695
1179119375.0,-40.63029
1179119531.25,-40.63636
1179119687.5,-40.63678
1179119843.75,-40.61129
1179120000.0,-40.63974
1179120156.25,-40.64176
1179120312.5,-40.62984
1179120468.75,-40.6331
1179120625.0,-40.62936
1179120781.25,-40.62823
1179120937.5,-40.63434
1179121093.75,-40.62679
1179121250.0,-40.6303
1179121406.25,-40.61237
1179121562.5,-40.62117
1179121718.75,-40.63522
1179121875.0,-40.62116
1179122031.25,-40.63221
1179122187.5,-40.60792
1179122343.75,-40.6282
1179122500.0,-40.61478
1179122656.25,-40.60583
1179122812.5,-40.61219
1179122968.75,-40.61507
1179123125.0,-40.63108
1179123281.25,-40.62926
1179123437.5,-40.61271
1179123593.75,-40.61319
1179123750.0,-40.6109
1179123906.25,-40.61187
1179124062.5,-40.61592
1179124218.75,-40.60117
1179124375.0,-40.62596
1179124531.25,-40.61998
1179124687.5,-40.61806
1179124843.75,-40.62693
1179125000.0,-40.6223
1179125156.25,-40.62916
1179125312.5,-40.60855
1179125468.75,-40.59283
1179125625.0,-40.61438
1179125781.25,-40.60335
1179125937.5,-40.6167
1179126093.75,-40.62188
1179126250.0,-40.60724
1179126406.25,-40.6124
1179126562.5,-40.60593
1179126718.75,-40.59362
1179126875.0,-40.6005
1179127031.25,-40.62048
1179127187.5,-40.59766
1179127343.75,-40.59267
1179127500.0,-40.60072
1179127656.25,-40.59734
1179127812.5,-40.62115
1179127968.75,-40.60324
1179128125.0,-40.59423
1179128281.25,-40.60918
1179128437.5,-40.58586
1179128593.75,-40.59169
1179128750.0,-40.6119
1179128906.25,-40.59652
1179129062.5,-40.60645
1179129218.75,-40.59612
1179129375.0,-40.56826
1179129531.25,-40.60034
1179129687.5,-40.59546
1179129843.75,-40.59969
1179130000.0,-40.58065
1179130156.25,-40.60178
1179130312.5,-40.59362
1179130468.75,-40.57222
1179130625.0,-40.60577
1179130781.25,-40.57741
1179130937.5,-40.56465
1179131093.75,-40.57536
1179131250.0,-40.58314
1179131406.25,-40.57406
1179131562.5,-40.5956
1179131718.75,-40.57894
1179131875.0,-40.59148
1179132031.25,-40.58025
1179132187.5,-40.60005
1179132343.75,-40.5886
1179132500.0,-40.59987
1179132656.25,-40.5674
1179132812.5,-40.58246
1179132968.75,-40.60191
1179133125.0,-40.56671
1179133281.25,-40.58701
1179133437.5,-40.59347
1179133593.75,-40.57567
1179133750.0,-40.58254
1179133906.25,-40.58113
1179134062.5,-40.57239
1179134218.75,-40.57224
1179134375.0,-40.56412
1179134531.25,-40.56319
1179134687.5,-40.55523
1179134843.75,-40.57349
1179135000.0,-40.57727
1179135156.25,-40.58444
1179135312.5,-40.58919
1179135468.75,-40.5726
1179135625.0,-40.55594
1179135781.25,-40.56329
1179135937.5,-40.57417
1179136093.75,-40.57646
1179136250.0,-40.55959
1179136406.25,-40.55602
1179136562.5,-40.59485
1179136718.75,-40.56215
1179136875.0,-40.55214
1179137031.25,-40.55779
1179137187.5,-40.55875
1179137343.75,-40.54947
1179137500.0,-40.55145
1179137656.25,-40.55426
1179137812.5,-40.57578
1179137968.75,-40.5646
1179138125.0,-40.54617
1179138281.25,-40.56984
1179138437.5,-40.55185
1179138593.75,-40.5461
1179138750.0,-40.56003
1179138906.25,-40.55835
1179139062.5,-40.55171
1179139218.75,-40.54108
1179139375.0,-40.56553
1179139531.25,-40.55396
1179139687.5,-40.55408
1179139843.75,-40.54638
1179140000.0,-40.54319
1179140156.25,-40.53184
1179140312.5,-40.56502
1179140468.75,-40.54041
1179140625.0,-40.53995
1179140781.25,-40.54783
1179140937.5,-40.54013
1179141093.75,-40.53742
1179141250.0,-40.55687
1179141406.25,-40.54056
1179141562.5,-40.55177
1179141718.75,-40.54479
1179141875.0,-40.55394
1179142031.25,-40.5365
1179142187.5,-40.5303
1179142343.75,-40.54738
1179142500.0,-40.54436
1179142656.25,-40.53843
1179142812.5,-40.53885
1179142968.75,-40.55623
1179143125.0,-40.54264
1179143281.25,-40.55482
1179143437.5,-40.55625
1179143593.75,-40.52906
1179143750.0,-40.52864
1179143906.25,-40.5125
1179144062.5,-40.53874
1179144218.75,-40.53669
1179144375.0,-40.52729
1179144531.25,-40.54516
1179144687.5,-40.5528
1179144843.75,-40.5487
1179145000.0,-40.53662
1179145156.25,-40.51615
1179145312.5,-40.52974
1179145468.75,-40.52366
1179145625.0,-40.53095
1179145781.25,-40.51917
1179145937.5,-40.53252
1179146093.75,-40.54088
1179146250.0,-40.51748
1179146406.25,-40.51393
1179146562.5,-40.51566
1179146718.75,-40.53865
1179146875.0,-40.52122
1179147031.25,-40.53867
1179147187.5,-40.51924
1179147343.75,-40.50816
1179147500.0,-40.50832
1179147656.25,-40.53368
1179147812.5,-40.51161
1179147968.75,-40.53081
1179148125.0,-40.53466
1179148281.25,-40.50835
1179148437.5,-40.51717
1179148593.75,-40.52391
1179148750.0,-40.52134
1179148906.25,-40.51331
1179149062.5,-40.51209
1179149218.75,-40.51376
1179149375.0,-40.51042
1179149531.25,-40.52502
1179149687.5,-40.52026
1179149843.75,-40.52261
1179150000.0,-40.50383
1179150156.25,-40.49829
1179150312.5,-40.51936
1179150468.75,-40.51549
1179150625.0,-40.50737
1179150781.25,-40.50369
1179150937.5,-40.53039
1179151093.75,-40.49637
1179151250.0,-40.51564
1179151406.25,-40.50499
1179151562.5,-40.52569
1179151718.75,-40.51036
1179151875.0,-40.51766
1179152031.25,-40.50654
1179152187.5,-40.52547
1179152343.75,-40.49605
1179152500.0,-40.50212
1179152656.25,-40.50481
1179152812.5,-40.49801
1179152968.75,-40.48991
1179153125.0,-40.49399
1179153281.25,-40.49882
1179153437.5,-40.49746
1179153593.75,-40.49495
1179153750.0,-40.49772
1179153906.25,-40.50792
1179154062.5,-40.50089
1179154218.75,-40.50645
1179154375.0,-40.50071
1179154531.25,-40.50452
1179154687.5,-40.48239
1179154843.75,-40.4919
1179155000.0,-40.48081
1179155156.25,-40.5088
1179155312.5,-40.49548
1179155468.75,-40.4889
1179155625.0,-40.49495
1179155781.25,-40.47953
1179155937.5,-40.47903
1179156093.75,-40.49305
1179156250.0,-40.49686
1179156406.25,-40.48573
1179156562.5,-40.46715
1179156718.75,-40.48922
1179156875.0,-40.49331
1179157031.25,-40.47552
1179157187.5,-40.51262
1179157343.75,-40.47385
1179157500.0,-40.45546
1179157656.25,-40.48027
1179157812.5,-40.45286
1179157968.75,-40.46914
1179158125.0,-40.49662
1179158281.25,-40.49052
1179158437.5,-40.46733
1179158593.75,-40.48125
1179158750.0,-40.47441
1179158906.25,-40.47745
1179159062.5,-40.49881
1179159218.75,-40.46461
1179159375.0,-40.47619
1179159531.25,-40.46529
1179159687.5,-40.45318
1179159843.75,-40.47367
1179160000.0,-40.48368
1179160156.25,-40.48587
1179160312.5,-40.46264
1179160468.75,-40.43776
1179160625.0,-40.47406
1179160781.25,-40.47853
1179160937.5,-40.4714
1179161093.75,-40.46678
1179161250.0,-40.46611
1179161406.25,-40.47014
1179161562.5,-40.4603
1179161718.75,-40.45479
1179161875.0,-40.45998
1179162031.25,-40.45363
1179162187.5,-40.4562
1179162343.75,-40.47159
1179162500.0,-40.47499
1179162656.25,-40.46293
1179162812.5,-40.47132
1179162968.75,-40.46742
1179163125.0,-40.45817
1179163281.25,-40.45815
1179163437.5,-40.45671
1179163593.75,-40.45739
1179163750.0,-40.46687
1179163906.25,-40.45253
1179164062.5,-40.44233
1179164218.75,-40.45602
1179164375.0,-40.45638
1179164531.25,-40.45666
1179164687.5,-40.44473
1179164843.75,-40.46231
1179165000.0,-40.4726
1179165156.25,-40.45663
1179165312.5,-40.45777
1179165468.75,-40.45712
1179165625.0,-40.44437
1179165781.25,-40.45663
1179165937.5,-40.4507
1179166093.75,-40.44937
1179166250.0,-40.4521
1179166406.25,-40.44664
1179166562.5,-40.45316
1179166718.75,-40.44415
1179166875.0,-40.4369
1179167031.25,-40.42815
1179167187.5,-40.43098
1179167343.75,-40.42727
1179167500.0,-40.45409
1179167656.25,-40.45136
1179167812.5,-40.45548
1179167968.75,-40.44582
1179168125.0,-40.45982
1179168281.25,-40.44501
1179168437.5,-40.40525
1179168593.75,-40.43314
1179168750.0,-40.43822
1179168906.25,-40.43197
1179169062.5,-40.43018
1179169218.75,-40.44428
1179169375.0,-40.43444
1179169531.25,-40.43158
1179169687.5,-40.44381
1179169843.75,-40.43059
1179170000.0,-40.43582
1179170156.25,-40.42124
1179170312.5,-40.42236
1179170468.75,-40.41934
1179170625.0,-40.42038
1179170781.25,-40.44942
1179170937.5,-40.44025
1179171093.75,-40.42309
1179171250.0,-40.43885
1179171406.25,-40.40863
1179171562.5,-40.41971
1179171718.75,-40.42595
1179171875.0,-40.42754
1179172031.25,-40.40252
1179172187.5,-40.42586
1179172343.75,-40.41562
1179172500.0,-40.41447
1179172656.25,-40.42315
1179172812.5,-40.40836
1179172968.75,-40.41118
1179173125.0,-40.41496
1179173281.25,-40.4135
1179173437.5,-40.39702
1179173593.75,-40.43461
1179173750.0,-40.39728
1179173906.25,-40.40778
1179174062.5,-40.41856
1179174218.75,-40.41998
1179174375.0,-40.41733
1179174531.25,-40.43076
1179174687.5,-40.42117
1179174843.75,-40.42393
1179175000.0,-40.41296
1179175156.25,-40.39009
1179175312.5,-40.41999
1179175468.75,-40.42447
1179175625.0,-40.41138
1179175781.25,-40.39217
1179175937.5,-40.42532
1179176093.75,-40.40968
1179176250.0,-40.414
1179176406.25,-40.39664
1179176562.5,-40.40403
1179176718.75,-40.41409
1179176875.0,-40.41057
1179177031.25,-40.3998
1179177187.5,-40.38959
1179177343.75,-40.40414
1179177500.0,-40.41407
1179177656.25,-40.39775
1179177812.5,-40.40099
1179177968.75,-40.39265
1179178125.0,-40.37722
1179178281.25,-40.38996
1179178437.5,-40.4043
1179178593.75,-40.41019
1179178750.0,-40.38881
1179178906.25,-40.40886
1179179062.5,-40.38636
1179179218.75,-40.38697
1179179375.0,-40.38966
1179179531.25,-40.40446
1179179687.5,-40.38549
1179179843.75,-40.39096
1179180000.0,-40.37068
1179180156.25,-40.39467
1179180312.5,-40.39278
1179180468.75,-40.38572
1179180625.0,-40.382
1179180781.25,-40.39318
1179180937.5,-40.38924
1179181093.75,-40.39248
1179181250.0,-40.38752
1179181406.25,-40.39398
1179181562.5,-40.40064
1179181718.75,-40.38246
1179181875.0,-40.36294
1179182031.25,-40.38298
1179182187.5,-40.369
1179182343.75,-40.38171
1179182500.0,-40.37018
1179182656.25,-40.37772
1179182812.5,-40.38241
1179182968.75,-40.37473
1179183125.0,-40.36999
1179183281.25,-40.38055
1179183437.5,-40.39611
1179183593.75,-40.37773
1179183750.0,-40.3655
1179183906.25,-40.39422
1179184062.5,-40.37934
1179184218.75,-40.38594
1179184375.0,-40.37286
1179184531.25,-40.37679
1179184687.5,-40.36641
1179184843.75,-40.39103
1179185000.0,-40.38153
1179185156.25,-40.3701
1179185312.5,-40.37193
1179185468.75,-40.36484
1179185625.0,-40.37085
1179185781.25,-40.37249
1179185937.5,-40.38432
1179186093.75,-40.3726
1179186250.0,-40.36305
1179186406.25,-40.37208
1179186562.5,-40.36045
1179186718.75,-40.34671
1179186875.0,-40.36482
1179187031.25,-40.35392
1179187187.5,-40.34091
1179187343.75,-40.34347
1179187500.0,-40.34391
1179187656.25,-40.35322
1179187812.5,-40.36003
1179187968.75,-40.35849
1179188125.0,-40.35459
1179188281.25,-40.35954
1179188437.5,-40.34997
1179188593.75,-40.3559
1179188750.0,-40.34135
1179188906.25,-40.35684
1179189062.5,-40.34853
1179189218.75,-40.35867
1179189375.0,-40.35345
1179189531.25,-40.33517
1179189687.5,-40.34861
1179189843.75,-40.35408
1179190000.0,-40.35306
1179190156.25,-40.3327
1179190312.5,-40.35189
1179190468.75,-40.35367
1179190625.0,-40.34382
1179190781.25,-40.35102
1179190937.5,-40.33313
1179191093.75,-40.34257
1179191250.0,-40.35534
1179191406.25,-40.35952
1179191562.5,-40.33393
1179191718.75,-40.35313
1179191875.0,-40.33685
1179192031.25,-40.36342
1179192187.5,-40.33802
1179192343.75,-40.33637
1179192500.0,-40.34061
1179192656.25,-40.34602
1179192812.5,-40.34883
1179192968.75,-40.33389
1179193125.0,-40.3373
1179193281.25,-40.34095
1179193437.5,-40.33177
1179193593.75,-40.33984
1179193750.0,-40.33295
1179193906.25,-40.34848
1179194062.5,-40.34566
1179194218.75,-40.34905
1179194375.0,-40.33935
1179194531.25,-40.33421
1179194687.5,-40.33658
1179194843.75,-40.30913
1179195000.0,-40.32817
1179195156.25,-40.33054
1179195312.5,-40.31988
1179195468.75,-40.3306
1179195625.0,-40.32225
1179195781.25,-40.32816
1179195937.5,-40.31823
1179196093.75,-40.33572
1179196250.0,-40.31632
1179196406.25,-40.34233
1179196562.5,-40.32276
1179196718.75,-40.33048
1179196875.0,-40.32804
1179197031.25,-40.322
1179197187.5,-40.30154
1179197343.75,-40.32351
1179197500.0,-40.31934
1179197656.25,-40.31246
1179197812.5,-40.32617
1179197968.75,-40.32436
1179198125.0,-40.3281
1179198281.25,-40.31963
1179198437.5,-40.32948
1179198593.75,-40.31091
1179198750.0,-40.32607
1179198906.25,-40.3144
1179199062.5,-40.32066
1179199218.75,-40.30361
1179199375.0,-40.28889
1179199531.25,-40.30481
1179199687.5,-40.31521
1179199843.75,-40.34443
1179200000.0,-40.3003
1179200156.25,-40.29115
1179200312.5,-40.29813
1179200468.75,-40.32832
1179200625.0,-40.2998
1179200781.25,-40.31697
1179200937.5,-40.29426
1179201093.75,-40.30874
1179201250.0,-40.30654
1179201406.25,-40.29948
1179201562.5,-40.30729
1179201718.75,-40.30788
1179201875.0,-40.28988
1179202031.25,-40.31865
1179202187.5,-40.30301
1179202343.75,-40.28926
1179202500.0,-40.29825
1179202656.25,-40.30249
1179202812.5,-40.31214
1179202968.75,-40.30582
1179203125.0,-40.28445
1179203281.25,-40.286
1179203437.5,-40.29042
1179203593.75,-40.29252
1179203750.0,-40.28586
1179203906.25,-40.31239
1179204062.5,-40.30856
1179204218.75,-40.27736
1179204375.0,-40.29824
1179204531.25,-40.29679
1179204687.5,-40.28878
1179204843.75,-40.31351
1179205000.0,-40.28209
1179205156.25,-40.28958
1179205312.5,-40.28662
1179205468.75,-40.28431
1179205625.0,-40.28455
1179205781.25,-40.30095
1179205937.5,-40.28259
1179206093.75,-40.27218
1179206250.0,-40.28467
1179206406.25,-40.28631
1179206562.5,-40.27364
1179206718.75,-40.2759
1179206875.0,-40.27439
1179207031.25,-40.28599
1179207187.5,-40.26349
1179207343.75,-40.30623
1179207500.0,-40.2824
1179207656.25,-40.27173
1179207812.5,-40.28062
1179207968.75,-40.25877
1179208125.0,-40.28807
1179208281.25,-40.26931
1179208437.5,-40.26734
1179208593.75,-40.25425
1179208750.0,-40.26477
1179208906.25,-40.27365
1179209062.5,-40.2697
1179209218.75,-40.269
1179209375.0,-40.26458
1179209531.25,-40.26962
1179209687.5,-40.26915
1179209843.75,-40.26107
1179210000.0,-40.26433
1179210156.25,-40.27343
1179210312.5,-40.25169
1179210468.75,-40.26589
1179210625.0,-40.27287
1179210781.25,-40.25483
1179210937.5,-40.2636
1179211093.75,-40.25373
1179211250.0,-40.27269
1179211406.25,-40.26171
1179211562.5,-40.27525
1179211718.75,-40.2836
1179211875.0,-40.25662
1179212031.25,-40.26289
1179212187.5,-40.25301
1179212343.75,-40.25188
1179212500.0,-40.26543
1179212656.25,-40.2519
1179212812.5,-40.24583
1179212968.75,-40.26548
1179213125.0,-40.26616
1179213281.25,-40.24197
1179213437.5,-40.25964
1179213593.75,-40.25797
1179213750.0,-40.24934
1179213906.25,-40.23827
1179214062.5,-40.25657
1179214218.75,-40.24436
1179214375.0,-40.24427
1179214531.25,-40.25725
1179214687.5,-40.24359
1179214843.75,-40.2538
1179215000.0,-40.23576
1179215156.25,-40.25304
1179215312.5,-40.23683
1179215468.75,-40.25912
1179215625.0,-40.25521
1179215781.25,-40.25095
1179215937.5,-40.23662
1179216093.75,-40.23604
1179216250.0,-40.25652
1179216406.25,-40.23893
1179216562.5,-40.24861
1179216718.75,-40.25172
1179216875.0,-40.23625
1179217031.25,-40.2586
1179217187.5,-40.22527
1179217343.75,-40.22549
1179217500.0,-40.2443
1179217656.25,-40.26429
1179217812.5,-40.22169
1179217968.75,-40.23763
1179218125.0,-40.23354
1179218281.25,-40.22161
1179218437.5,-40.24403
1179218593.75,-40.23159
1179218750.0,-40.22865
1179218906.25,-40.23271
1179219062.5,-40.22962
1179219218.75,-40.2517
1179219375.0,-40.22348
1179219531.25,-40.23947
1179219687.5,-40.24318
1179219843.75,-40.23159
1179220000.0,-40.22795
1179220156.25,-40.23177
1179220312.5,-40.21978
1179220468.75,-40.20756
1179220625.0,-40.22481
1179220781.25,-40.26006
1179220937.5,-40.21215
1179221093.75,-40.21853
1179221250.0,-40.20709
1179221406.25,-40.22412
1179221562.5,-40.21914
1179221718.75,-40.21289
1179221875.0,-40.22419
1179222031.25,-40.22585
1179222187.5,-40.21682
1179222343.75,-40.20821
1179222500.0,-40.21026
1179222656.25,-40.20675
1179222812.5,-40.23215
1179222968.75,-40.23221
1179223125.0,-40.22928
1179223281.25,-40.21197
1179223437.5,-40.20876
1179223593.75,-40.20455
1179223750.0,-40.21601
1179223906.25,-40.22313
1179224062.5,-40.20819
1179224218.75,-40.20511
1179224375.0,-40.20928
1179224531.25,-40.22339
1179224687.5,-40.20367
1179224843.75,-40.22005
1179225000.0,-40.21739
1179225156.25,-40.22207
1179225312.5,-40.20286
1179225468.75,-40.20444
1179225625.0,-40.23043
1179225781.25,-40.20019
1179225937.5,-40.21656
1179226093.75,-40.20837
1179226250.0,-40.20719
1179226406.25,-40.21362
1179226562.5,-40.20404
1179226718.75,-40.20823
1179226875.0,-40.20056
1179227031.25,-40.20691
1179227187.5,-40.19764
1179227343.75,-40.18343
1179227500.0,-40.20859
1179227656.25,-40.18147
1179227812.5,-40.20449
1179227968.75,-40.20106
1179228125.0,-40.18979
1179228281.25,-40.20362
1179228437.5,-40.17463
1179228593.75,-40.20128
1179228750.0,-40.19492
1179228906.25,-40.18621
1179229062.5,-40.17628
1179229218.75,-40.20031
1179229375.0,-40.19176
1179229531.25,-40.19243
1179229687.5,-40.18987
1179229843.75,-40.18455
1179230000.0,-40.16486
1179230156.25,-40.19939
1179230312.5,-40.18488
1179230468.75,-40.19994
1179230625.0,-40.18191
1179230781.25,-40.17767
1179230937.5,-40.18551
1179231093.75,-40.19016
1179231250.0,-40.1771
1179231406.25,-40.18673
1179231562.5,-40.16145
1179231718.75,-40.16957
1179231875.0,-40.17805
1179232031.25,-40.18318
1179232187.5,-40.16568
1179232343.75,-40.17429
1179232500.0,-40.18232
1179232656.25,-40.1988
1179232812.5,-40.17031
1179232968.75,-40.18141
1179233125.0,-40.17489
1179233281.25,-40.15987
1179233437.5,-40.16202
1179233593.75,-40.17706
1179233750.0,-40.17656
1179233906.25,-40.18351
1179234062.5,-40.1775
1179234218.75,-40.17948
1179234375.0,-40.18059
1179234531.25,-40.17727
1179234687.5,-40.16947
1179234843.75,-40.15408
1179235000.0,-40.17558
1179235156.25,-40.15607
1179235312.5,-40.15474
1179235468.75,-40.19024
1179235625.0,-40.17596
1179235781.25,-40.17513
1179235937.5,-40.16178
1179236093.75,-40.16119
1179236250.0,-40.15557
1179236406.25,-40.18148
1179236562.5,-40.16791
1179236718.75,-40.1689
1179236875.0,-40.16179
1179237031.25,-40.13793
1179237187.5,-40.14835
1179237343.75,-40.15563
1179237500.0,-40.16126
1179237656.25,-40.15644
1179237812.5,-40.15428
1179237968.75,-40.15696
1179238125.0,-40.13581
1179238281.25,-40.14943
1179238437.5,-40.15504
1179238593.75,-40.1548
1179238750.0,-40.13416
1179238906.25,-40.16385
1179239062.5,-40.1444
1179239218.75,-40.1635
1179239375.0,-40.13615
1179239531.25,-40.14262
1179239687.5,-40.15151
1179239843.75,-40.13844
1179240000.0,-40.15496
1179240156.25,-40.1502
1179240312.5,-40.1462
1179240468.75,-40.15518
1179240625.0,-40.1447
1179240781.25,-40.13682
1179240937.5,-40.14443
1179241093.75,-40.14619
1179241250.0,-40.13506
1179241406.25,-40.12443
1179241562.5,-40.13531
1179241718.75,-40.13267
1179241875.0,-40.14019
1179242031.25,-40.12974
1179242187.5,-40.14136
1179242343.75,-40.13097
1179242500.0,-40.13073
1179242656.25,-40.14387
1179242812.5,-40.13484
1179242968.75,-40.1389
1179243125.0,-40.1471
1179243281.25,-40.10829
1179243437.5,-40.13036
1179243593.75,-40.11543
1179243750.0,-40.14847
1179243906.25,-40.12856
1179244062.5,-40.12997
1179244218.75,-40.11718
1179244375.0,-40.11854
1179244531.25,-40.13185
1179244687.5,-40.11621
1179244843.75,-40.1338
1179245000.0,-40.1212
1179245156.25,-40.12931
1179245312.5,-40.13575
1179245468.75,-40.12103
1179245625.0,-40.11414
1179245781.25,-40.12357
1179245937.5,-40.11882
1179246093.75,-40.12403
1179246250.0,-40.09795
1179246406.25,-40.12173
1179246562.5,-40.1272
1179246718.75,-40.10844
1179246875.0,-40.11533
1179247031.25,-40.1312
1179247187.5,-40.09839
1179247343.75,-40.12045
1179247500.0,-40.10196
1179247656.25,-40.12638
1179247812.5,-40.10191
1179247968.75,-40.11477
1179248125.0,-40.11366
1179248281.25,-40.10541
1179248437.5,-40.10809
1179248593.75,-40.11773
1179248750.0,-40.10549
1179248906.25,-40.13342
1179249062.5,-40.10831
1179249218.75,-40.11275
1179249375.0,-40.11021
1179249531.25,-40.11449
1179249687.5,-40.11328
1179249843.75,-40.09424
1179250000.0,-40.10191
1179250156.25,-40.10444
1179250312.5,-40.12194
1179250468.75,-40.09566
1179250625.0,-40.09624
1179250781.25,-40.12259
1179250937.5,-40.10446
1179251093.75,-40.09673
1179251250.0,-40.09493
1179251406.25,-40.10884
1179251562.5,-40.10575
1179251718.75,-40.10181
1179251875.0,-40.09332
1179252031.25,-40.10422
1179252187.5,-40.08766
1179252343.75,-40.07509
1179252500.0,-40.09899
1179252656.25,-40.09545
1179252812.5,-40.09227
1179252968.75,-40.08567
1179253125.0,-40.10364
1179253281.25,-40.08213
1179253437.5,-40.0952
1179253593.75,-40.0912
1179253750.0,-40.08187
1179253906.25,-40.06694
1179254062.5,-40.09267
1179254218.75,-40.08484
1179254375.0,-40.08439
1179254531.25,-40.08
1179254687.5,-40.0782
1179254843.75,-40.08646
1179255000.0,-40.08197
1179255156.25,-40.06833
1179255312.5,-40.07942
1179255468.75,-40.06956
1179255625.0,-40.0994
1179255781.25,-40.08079
1179255937.5,-40.087
1179256093.75,-40.07786
1179256250.0,-40.08281
1179256406.25,-40.07119
1179256562.5,-40.07153
1179256718.75,-40.03697
1179256875.0,-40.08497
1179257031.25,-40.0671
1179257187.5,-40.08927
1179257343.75,-40.06308
1179257500.0,-40.09301
1179257656.25,-40.03944
1179257812.5,-40.0733
1179257968.75,-40.066
1179258125.0,-40.0807
1179258281.25,-40.08882
1179258437.5,-40.05319
1179258593.75,-40.0579
1179258750.0,-40.05925
1179258906.25,-40.0791
1179259062.5,-40.06808
1179259218.75,-40.06351
1179259375.0,-40.0653
1179259531.25,-40.06467
1179259687.5,-40.06339
1179259843.75,-40.04422
1179260000.0,-40.06987
1179260156.25,-40.06581
1179260312.5,-40.06531
1179260468.75,-40.06458
1179260625.0,-40.0671
1179260781.25,-40.06057
1179260937.5,-40.04871
1179261093.75,-40.06382
1179261250.0,-40.05283
1179261406.25,-40.04356
1179261562.5,-40.0684
1179261718.75,-40.0726
1179261875.0,-40.06032
1179262031.25,-40.04774
1179262187.5,-40.06784
1179262343.75,-40.03996
1179262500.0,-40.04572
1179262656.25,-40.05838
1179262812.5,-40.03322
1179262968.75,-40.05038
1179263125.0,-40.02911
1179263281.25,-40.05125
1179263437.5,-40.05517
1179263593.75,-40.04071
1179263750.0,-40.0328
1179263906.25,-40.03223
1179264062.5,-40.06036
1179264218.75,-40.04199
1179264375.0,-40.05848
1179264531.25,-40.05016
1179264687.5,-40.04882
1179264843.75,-40.0489
1179265000.0,-40.04488
1179265156.25,-40.0542
1179265312.5,-40.02766
1179265468.75,-40.0622
1179265625.0,-40.03203
1179265781.25,-40.0261
1179265937.5,-40.04781
1179266093.75,-40.04466
1179266250.0,-40.03889
1179266406.25,-40.02634
1179266562.5,-40.04201
1179266718.75,-40.03577
1179266875.0,-40.02378
1179267031.25,-40.02267
1179267187.5,-40.03871
1179267343.75,-40.03635
1179267500.0,-40.02365
1179267656.25,-40.03409
1179267812.5,-40.01674
1179267968.75,-40.02065
1179268125.0,-40.01436
1179268281.25,-40.02553
1179268437.5,-40.02297
1179268593.75,-40.02175
1179268750.0,-40.03148
1179268906.25,-40.03603
1179269062.5,-40.01356
1179269218.75,-39.99836
1179269375.0,-40.01011
1179269531.25,-40.00191
1179269687.5,-40.02895
1179269843.75,-40.04448
1179270000.0,-40.01846
1179270156.25,-40.01389
1179270312.5,-40.0122
1179270468.75,-40.01924
1179270625.0,-40.02305
1179270781.25,-40.02012
1179270937.5,-40.03812
1179271093.75,-40.01337
1179271250.0,-40.03053
1179271406.25,-40.0202
1179271562.5,-40.02031
1179271718.75,-40.0271
1179271875.0,-39.99486
1179272031.25,-40.02348
1179272187.5,-40.00803
1179272343.75,-40.0018
1179272500.0,-40.00892
1179272656.25,-40.01423
1179272812.5,-40.02444
1179272968.75,-40.0118
1179273125.0,-40.01149
1179273281.25,-39.99453
1179273437.5,-40.01885
1179273593.75,-40.00681
1179273750.0,-40.0056
1179273906.25,-40.01422
1179274062.5,-40.00401
1179274218.75,-39.9936
1179274375.0,-40.00789
1179274531.25,-39.99451
1179274687.5,-39.99591
1179274843.75,-40.00338
1179275000.0,-40.00785
1179275156.25,-39.99063
1179275312.5,-39.98903
1179275468.75,-39.99498
1179275625.0,-39.99189
1179275781.25,-39.99427
1179275937.5,-39.98834
1179276093.75,-39.97664
1179276250.0,-40.00038
1179276406.25,-39.99382
1179276562.5,-39.96825
1179276718.75,-39.98748
1179276875.0,-39.9917
1179277031.25,-39.9863
1179277187.5,-39.99296
1179277343.75,-39.97892
1179277500.0,-40.00071
1179277656.25,-39.98693
1179277812.5,-40.00183
1179277968.75,-39.993
1179278125.0,-39.98029
1179278281.25,-39.98551
1179278437.5,-39.98191
1179278593.75,-39.97337
1179278750.0,-39.98591
1179278906.25,-39.98305
1179279062.5,-39.97775
1179279218.75,-39.96563
1179279375.0,-39.9688
1179279531.25,-39.9861
1179279687.5,-39.98618
1179279843.75,-40.00504
1179280000.0,-39.98262
1179280156.25,-39.98507
1179280312.5,-39.97885
1179280468.75,-39.97607
1179280625.0,-39.96184
1179280781.25,-39.97082
1179280937.5,-39.96474
1179281093.75,-39.97386
1179281250.0,-39.97152
1179281406.25,-39.97348
1179281562.5,-39.98355
1179281718.75,-39.99675
1179281875.0,-39.96406
1179282031.25,-39.97763
1179282187.5,-39.96104
1179282343.75,-39.94972
1179282500.0,-39.95892
1179282656.25,-39.99053
1179282812.5,-39.97467
1179282968.75,-39.96466
1179283125.0,-39.94984
1179283281.25,-39.97522
1179283437.5,-39.98145
1179283593.75,-39.94627
1179283750.0,-39.968
1179283906.25,-39.96669
1179284062.5,-39.9682
1179284218.75,-39.94102
1179284375.0,-39.96314
1179284531.25,-39.96472
1179284687.5,-39.94796
1179284843.75,-39.9585
1179285000.0,-39.97541
1179285156.25,-39.95821
1179285312.5,-39.96591
1179285468.75,-39.95743
1179285625.0,-39.94899
1179285781.25,-39.951
1179285937.5,-39.94698
1179286093.75,-39.93876
1179286250.0,-39.94482
1179286406.25,-39.94688
1179286562.5,-39.9462
1179286718.75,-39.94838
1179286875.0,-39.95358
1179287031.25,-39.93526
1179287187.5,-39.96096
1179287343.75,-39.94039
1179287500.0,-39.94625
1179287656.25,-39.95451
1179287812.5,-39.92165
1179287968.75,-39.95124
1179288125.0,-39.92946
1179288281.25,-39.9534
1179288437.5,-39.93312
1179288593.75,-39.9554
1179288750.0,-39.94693
1179288906.25,-39.96038
1179289062.5,-39.94057
1179289218.75,-39.94584
1179289375.0,-39.92884
1179289531.25,-39.92989
1179289687.5,-39.91444
1179289843.75,-39.92484
1179290000.0,-39.91446
1179290156.25,-39.92814
1179290312.5,-39.93628
1179290468.75,-39.9259
1179290625.0,-39.94906
1179290781.25,-39.93061
1179290937.5,-39.92494
1179291093.75,-39.93981
1179291250.0,-39.92787
1179291406.25,-39.93312
1179291562.5,-39.92354
1179291718.75,-39.92548
1179291875.0,-39.94199
1179292031.25,-39.92893
1179292187.5,-39.93412
1179292343.75,-39.91045
1179292500.0,-39.91997
1179292656.25,-39.93392
1179292812.5,-39.92833
1179292968.75,-39.90768
1179293125.0,-39.91697
1179293281.25,-39.91739
1179293437.5,-39.92765
1179293593.75,-39.91031
1179293750.0,-39.92541
1179293906.25,-39.93525
1179294062.5,-39.91318
1179294218.75,-39.92112
1179294375.0,-39.91625
1179294531.25,-39.91105
1179294687.5,-39.93629
1179294843.75,-39.92099
1179295000.0,-39.91176
1179295156.25,-39.92274
1179295312.5,-39.91977
1179295468.75,-39.91981
1179295625.0,-39.8998
1179295781.25,-39.92277
1179295937.5,-39.90976
1179296093.75,-39.90557
1179296250.0,-39.90884
1179296406.25,-39.9054
1179296562.5,-39.9124
1179296718.75,-39.92118
1179296875.0,-39.90882
1179297031.25,-39.88943
1179297187.5,-39.90772
1179297343.75,-39.89971
1179297500.0,-39.89793
1179297656.25,-39.9148
1179297812.5,-39.89582
1179297968.75,-39.89595
1179298125.0,-39.90109
1179298281.25,-39.90131
1179298437.5,-39.8954
1179298593.75,-39.91069
1179298750.0,-39.88612
1179298906.25,-39.89257
1179299062.5,-39.90539
1179299218.75,-39.92086
1179299375.0,-39.88955
1179299531.25,-39.90396
1179299687.5,-39.89894
1179299843.75,-39.89835
1179300000.0,-39.88332
1179300156.25,-39.8979
1179300312.5,-39.8897
1179300468.75,-39.89687
1179300625.0,-39.88271
1179300781.25,-39.90647
1179300937.5,-39.88439
1179301093.75,-39.87335
1179301250.0,-39.89212
1179301406.25,-39.89976
1179301562.5,-39.89133
1179301718.75,-39.87884
1179301875.0,-39.87943
1179302031.25,-39.87125
1179302187.5,-39.87164
1179302343.75,-39.9001
1179302500.0,-39.86361
1179302656.25,-39.88071
1179302812.5,-39.87955
1179302968.75,-39.88325
1179303125.0,-39.88111
1179303281.25,-39.88167
1179303437.5,-39.88591
1179303593.75,-39.86958
1179303750.0,-39.86695
1179303906.25,-39.87929
1179304062.5,-39.87569
1179304218.75,-39.869
1179304375.0,-39.86735
1179304531.25,-39.8815
1179304687.5,-39.85967
1179304843.75,-39.88236
1179305000.0,-39.88113
1179305156.25,-39.86372
1179305312.5,-39.88169
1179305468.75,-39.88315
1179305625.0,-39.89135
1179305781.25,-39.85259
1179305937.5,-39.87821
1179306093.75,-39.86454
1179306250.0,-39.87066
1179306406.25,-39.88379
1179306562.5,-39.87345
1179306718.75,-39.85257
1179306875.0,-39.87329
1179307031.25,-39.86718
1179307187.5,-39.85806
1179307343.75,-39.85637
1179307500.0,-39.86119
1179307656.25,-39.86605
1179307812.5,-39.85456
1179307968.75,-39.84703
1179308125.0,-39.85752
1179308281.25,-39.84706
1179308437.5,-39.85718
1179308593.75,-39.85637
1179308750.0,-39.86285
1179308906.25,-39.85376
1179309062.5,-39.86601
1179309218.75,-39.84164
1179309375.0,-39.85896
1179309531.25,-39.85288
1179309687.5,-39.84959
1179309843.75,-39.83259
1179310000.0,-39.85517
1179310156.25,-39.85443
1179310312.5,-39.84379
1179310468.75,-39.84998
1179310625.0,-39.8329
1179310781.25,-39.82733
1179310937.5,-39.85897
1179311093.75,-39.83911
1179311250.0,-39.84781
1179311406.25,-39.84667
1179311562.5,-39.84168
1179311718.75,-39.85051
1179311875.0,-39.85366
1179312031.25,-39.83766
1179312187.5,-39.83836
1179312343.75,-39.84111
1179312500.0,-39.83532
1179312656.25,-39.85318
1179312812.5,-39.82116
1179312968.75,-39.84648
1179313125.0,-39.84687
1179313281.25,-39.82971
1179313437.5,-39.83763
1179313593.75,-39.83271
1179313750.0,-39.83638
1179313906.25,-39.82301
1179314062.5,-39.82347
1179314218.75,-39.8395
1179314375.0,-39.83498
1179314531.25,-39.82335
1179314687.5,-39.83821
1179314843.75,-39.82763
1179315000.0,-39.83963
1179315156.25,-39.82645
1179315312.5,-39.81844
1179315468.75,-39.84316
1179315625.0,-39.8293
1179315781.25,-39.82888
1179315937.5,-39.82341
1179316093.75,-39.82589
1179316250.0,-39.83701
1179316406.25,-39.82899
1179316562.5,-39.81663
1179316718.75,-39.80432
1179316875.0,-39.80673
1179317031.25,-39.82076
1179317187.5,-39.823
1179317343.75,-39.8113
1179317500.0,-39.82406
1179317656.25,-39.8296
1179317812.5,-39.82237
1179317968.75,-39.8098
1179318125.0,-39.81679
1179318281.25,-39.8064
1179318437.5,-39.81712
1179318593.75,-39.81016
1179318750.0,-39.82442
1179318906.25,-39.82784
1179319062.5,-39.81672
1179319218.75,-39.81871
1179319375.0,-39.80576
1179319531.25,-39.79081
1179319687.5,-39.80222
1179319843.75,-39.79498
1179320000.0,-39.80096
1179320156.25,-39.79807
1179320312.5,-39.82313
1179320468.75,-39.79836
1179320625.0,-39.80098
1179320781.25,-39.80893
1179320937.5,-39.79853
1179321093.75,-39.797
1179321250.0,-39.81345
1179321406.25,-39.80399
1179321562.5,-39.79745
1179321718.75,-39.8066
1179321875.0,-39.80389
1179322031.25,-39.7826
1179322187.5,-39.80101
1179322343.75,-39.8047
1179322500.0,-39.81068
1179322656.25,-39.78792
1179322812.5,-39.79384
1179322968.75,-39.8135
1179323125.0,-39.79035
1179323281.25,-39.79869
1179323437.5,-39.79383
1179323593.75,-39.79667
1179323750.0,-39.79419
1179323906.25,-39.78305
1179324062.5,-39.79842
1179324218.75,-39.77907
1179324375.0,-39.8059
1179324531.25,-39.77523
1179324687.5,-39.7674
1179324843.75,-39.79361
1179325000.0,-39.78816
1179325156.25,-39.78457
1179325312.5,-39.78904
1179325468.75,-39.78399
1179325625.0,-39.78199
1179325781.25,-39.77775
1179325937.5,-39.79324
1179326093.75,-39.79572
1179326250.0,-39.7839
1179326406.25,-39.77233
1179326562.5,-39.78123
1179326718.75,-39.7679
1179326875.0,-39.75773
1179327031.25,-39.74684
1179327187.5,-39.78153
1179327343.75,-39.77115
1179327500.0,-39.7638
1179327656.25,-39.77387
1179327812.5,-39.7678
1179327968.75,-39.76778
1179328125.0,-39.79494
1179328281.25,-39.76281
1179328437.5,-39.76393
1179328593.75,-39.76374
1179328750.0,-39.76756
1179328906.25,-39.76332
1179329062.5,-39.77465
1179329218.75,-39.76952
1179329375.0,-39.7575
1179329531.25,-39.76318
1179329687.5,-39.77083
1179329843.75,-39.75404
1179330000.0,-39.76856
1179330156.25,-39.76086
1179330312.5,-39.75599
1179330468.75,-39.75976
1179330625.0,-39.75175
1179330781.25,-39.76683
1179330937.5,-39.77668
1179331093.75,-39.74677
1179331250.0,-39.74684
1179331406.25,-39.76508
1179331562.5,-39.75414
1179331718.75,-39.75222
1179331875.0,-39.76077
1179332031.25,-39.75685
1179332187.5,-39.73531
1179332343.75,-39.75211
1179332500.0,-39.75944
1179332656.25,-39.75253
1179332812.5,-39.76301
1179332968.75,-39.75784
1179333125.0,-39.7526
1179333281.25,-39.74189
1179333437.5,-39.74939
1179333593.75,-39.73345
1179333750.0,-39.74398
1179333906.25,-39.75004
1179334062.5,-39.7395
1179334218.75,-39.74902
1179334375.0,-39.73686
1179334531.25,-39.73471
1179334687.5,-39.73205
1179334843.75,-39.73781
1179335000.0,-39.72376
1179335156.25,-39.74629
1179335312.5,-39.72881
1179335468.75,-39.73843
1179335625.0,-39.72081
1179335781.25,-39.72837
1179335937.5,-39.72697
1179336093.75,-39.73427
1179336250.0,-39.73192
1179336406.25,-39.72515
1179336562.5,-39.74089
1179336718.75,-39.74963
1179336875.0,-39.74588
1179337031.25,-39.73972
1179337187.5,-39.72522
1179337343.75,-39.72158
1179337500.0,-39.72666
1179337656.25,-39.72097
1179337812.5,-39.73675
1179337968.75,-39.72343
1179338125.0,-39.70599
1179338281.25,-39.73788
1179338437.5,-39.72818
1179338593.75,-39.71294
1179338750.0,-39.72476
1179338906.25,-39.71384
1179339062.5,-39.71686
1179339218.75,-39.71299
1179339375.0,-39.72594
1179339531.25,-39.73363
1179339687.5,-39.72943
1179339843.75,-39.72375
1179340000.0,-39.71104
1179340156.25,-39.71691
1179340312.5,-39.71392
1179340468.75,-39.71019
1179340625.0,-39.70708
1179340781.25,-39.71266
1179340937.5,-39.72212
1179341093.75,-39.72979
1179341250.0,-39.71399
1179341406.25,-39.71318
1179341562.5,-39.70882
1179341718.75,-39.72488
1179341875.0,-39.71323
1179342031.25,-39.71815
1179342187.5,-39.7252
1179342343.75,-39.70477
1179342500.0,-39.70566
1179342656.25,-39.6975
1179342812.5,-39.68687
1179342968.75,-39.69753
1179343125.0,-39.7008
1179343281.25,-39.71119
1179343437.5,-39.7024
1179343593.75,-39.68805
1179343750.0,-39.67739
1179343906.25,-39.69564
1179344062.5,-39.69807
1179344218.75,-39.68613
1179344375.0,-39.71043
1179344531.25,-39.69214
1179344687.5,-39.71023
1179344843.75,-39.70742
1179345000.0,-39.69947
1179345156.25,-39.69728
1179345312.5,-39.70002
1179345468.75,-39.68929
1179345625.0,-39.70095
1179345781.25,-39.68153
1179345937.5,-39.6908
1179346093.75,-39.67102
1179346250.0,-39.70075
1179346406.25,-39.69968
1179346562.5,-39.68246
1179346718.75,-39.68493
1179346875.0,-39.66792
1179347031.25,-39.68162
1179347187.5,-39.67683
1179347343.75,-39.68649
1179347500.0,-39.67469
1179347656.25,-39.68269
1179347812.5,-39.67739
1179347968.75,-39.69108
1179348125.0,-39.69035
1179348281.25,-39.69336
1179348437.5,-39.68253
1179348593.75,-39.67011
1179348750.0,-39.66686
1179348906.25,-39.68846
1179349062.5,-39.67353
1179349218.75,-39.70679
1179349375.0,-39.68688
1179349531.25,-39.67092
1179349687.5,-39.67199
1179349843.75,-39.68079
1179350000.0,-39.67052
1179350156.25,-39.66799
1179350312.5,-39.66024
1179350468.75,-39.67233
1179350625.0,-39.66624
1179350781.25,-39.67949
1179350937.5,-39.65486
1179351093.75,-39.66843
1179351250.0,-39.67467
1179351406.25,-39.66703
1179351562.5,-39.6613
1179351718.75,-39.6635
1179351875.0,-39.67781
1179352031.25,-39.67749
1179352187.5,-39.66063
1179352343.75,-39.66537
1179352500.0,-39.67782
1179352656.25,-39.66415
1179352812.5,-39.66816
1179352968.75,-39.66692
1179353125.0,-39.6725
1179353281.25,-39.66167
1179353437.5,-39.66178
1179353593.75,-39.66598
1179353750.0,-39.65569
1179353906.25,-39.65436
1179354062.5,-39.67302
1179354218.75,-39.66544
1179354375.0,-39.65248
1179354531.25,-39.65819
1179354687.5,-39.65168
1179354843.75,-39.6399
1179355000.0,-39.65543
1179355156.25,-39.66431
1179355312.5,-39.66594
1179355468.75,-39.6527
1179355625.0,-39.65923
1179355781.25,-39.6602
1179355937.5,-39.64314
1179356093.75,-39.63875
1179356250.0,-39.63894
1179356406.25,-39.6469
1179356562.5,-39.64902
1179356718.75,-39.63977
1179356875.0,-39.63972
1179357031.25,-39.632
1179357187.5,-39.6494
1179357343.75,-39.64752
1179357500.0,-39.64317
1179357656.25,-39.63386
1179357812.5,-39.63744
1179357968.75,-39.64008
1179358125.0,-39.63813
1179358281.25,-39.65573
1179358437.5,-39.63862
1179358593.75,-39.63027
1179358750.0,-39.63143
1179358906.25,-39.64734
1179359062.5,-39.63216
1179359218.75,-39.6202
1179359375.0,-39.62753
1179359531.25,-39.63817
1179359687.5,-39.63644
1179359843.75,-39.62896
1179360000.0,-39.63838
1179360156.25,-39.63629
1179360312.5,-39.61059
1179360468.75,-39.62331
1179360625.0,-39.63232
1179360781.25,-39.61327
1179360937.5,-39.62713
1179361093.75,-39.60754
1179361250.0,-39.61034
1179361406.25,-39.64647
1179361562.5,-39.62465
1179361718.75,-39.60863
1179361875.0,-39.62816
1179362031.25,-39.62077
1179362187.5,-39.61055
1179362343.75,-39.63935
1179362500.0,-39.61766
1179362656.25,-39.62825
1179362812.5,-39.61009
1179362968.75,-39.60237
1179363125.0,-39.6353
1179363281.25,-39.59185
1179363437.5,-39.62805
1179363593.75,-39.62932
1179363750.0,-39.61111
1179363906.25,-39.62661
1179364062.5,-39.61308
1179364218.75,-39.61706
1179364375.0,-39.61345
1179364531.25,-39.59725
1179364687.5,-39.61469
1179364843.75,-39.59275
1179365000.0,-39.61823
1179365156.25,-39.59874
1179365312.5,-39.61445
1179365468.75,-39.60548
1179365625.0,-39.60754
1179365781.25,-39.59622
1179365937.5,-39.61159
1179366093.75,-39.61008
1179366250.0,-39.61921
1179366406.25,-39.59876
1179366562.5,-39.60087
1179366718.75,-39.60781
1179366875.0,-39.59827
1179367031.25,-39.60641
1179367187.5,-39.59125
1179367343.75,-39.58997
1179367500.0,-39.58977
1179367656.25,-39.59966
1179367812.5,-39.58918
1179367968.75,-39.59485
1179368125.0,-39.58187
1179368281.25,-39.58698
1179368437.5,-39.59105
1179368593.75,-39.58964
1179368750.0,-39.59135
1179368906.25,-39.60058
1179369062.5,-39.62189
1179369218.75,-39.59098
1179369375.0,-39.59871
1179369531.25,-39.58723
1179369687.5,-39.58737
1179369843.75,-39.57774
1179370000.0,-39.59371
1179370156.25,-39.59796
1179370312.5,-39.59548
1179370468.75,-39.57335
1179370625.0,-39.60933
1179370781.25,-39.5677
1179370937.5,-39.58101
1179371093.75,-39.57781
1179371250.0,-39.58765
1179371406.25,-39.58526
1179371562.5,-39.57241
1179371718.75,-39.58162
1179371875.0,-39.57282
1179372031.25,-39.56522
1179372187.5,-39.58278
1179372343.75,-39.56858
1179372500.0,-39.56132
1179372656.25,-39.57251
1179372812.5,-39.58588
1179372968.75,-39.57439
1179373125.0,-39.57494
1179373281.25,-39.58073
1179373437.5,-39.57599
1179373593.75,-39.56943
1179373750.0,-39.57079
1179373906.25,-39.55317
1179374062.5,-39.55233
1179374218.75,-39.57367
1179374375.0,-39.55125
1179374531.25,-39.57127
1179374687.5,-39.5677
1179374843.75,-39.56265
1179375000.0,-39.55785
1179375156.25,-39.56585
1179375312.5,-39.55877
1179375468.75,-39.5714
1179375625.0,-39.5536
1179375781.25,-39.54832
1179375937.5,-39.55945
1179376093.75,-39.56157
1179376250.0,-39.56781
1179376406.25,-39.55074
1179376562.5,-39.57957
1179376718.75,-39.56047
1179376875.0,-39.55937
1179377031.25,-39.57627
1179377187.5,-39.54461
1179377343.75,-39.54493
1179377500.0,-39.55865
1179377656.25,-39.56591
1179377812.5,-39.54732
1179377968.75,-39.55185
1179378125.0,-39.55742
1179378281.25,-39.54079
1179378437.5,-39.55892
1179378593.75,-39.55475
1179378750.0,-39.56291
1179378906.25,-39.55266
1179379062.5,-39.55953
1179379218.75,-39.52688
1179379375.0,-39.54221
1179379531.25,-39.54243
1179379687.5,-39.52228
1179379843.75,-39.53918
1179380000.0,-39.55096
1179380156.25,-39.53389
1179380312.5,-39.54139
1179380468.75,-39.53506
1179380625.0,-39.53289
1179380781.25,-39.54658
1179380937.5,-39.52586
1179381093.75,-39.5331
1179381250.0,-39.53157
1179381406.25,-39.54836
1179381562.5,-39.52702
1179381718.75,-39.53698
1179381875.0,-39.53536
1179382031.25,-39.5208
1179382187.5,-39.52481
1179382343.75,-39.53447
1179382500.0,-39.53288
1179382656.25,-39.53114
1179382812.5,-39.53354
1179382968.75,-39.51909
1179383125.0,-39.54075
1179383281.25,-39.53238
1179383437.5,-39.5201
1179383593.75,-39.52462
1179383750.0,-39.52084
1179383906.25,-39.52402
1179384062.5,-39.51898
1179384218.75,-39.52646
1179384375.0,-39.51977
1179384531.25,-39.51678
1179384687.5,-39.51564
1179384843.75,-39.50113
1179385000.0,-39.52902
1179385156.25,-39.52343
1179385312.5,-39.52341
1179385468.75,-39.51735
1179385625.0,-39.52682
1179385781.25,-39.50252
1179385937.5,-39.52212
1179386093.75,-39.51531
1179386250.0,-39.50916
1179386406.25,-39.49192
1179386562.5,-39.51747
1179386718.75,-39.50602
1179386875.0,-39.51723
1179387031.25,-39.4922
1179387187.5,-39.51565
1179387343.75,-39.51814
1179387500.0,-39.50513
1179387656.25,-39.49868
1179387812.5,-39.51017
1179387968.75,-39.52912
1179388125.0,-39.49173
1179388281.25,-39.50273
1179388437.5,-39.49817
1179388593.75,-39.51496
1179388750.0,-39.4981
1179388906.25,-39.49657
1179389062.5,-39.5098
1179389218.75,-39.49188
1179389375.0,-39.48498
1179389531.25,-39.48135
1179389687.5,-39.50153
1179389843.75,-39.47804
1179390000.0,-39.50294
1179390156.25,-39.50589
1179390312.5,-39.49087
1179390468.75,-39.4845
1179390625.0,-39.51185
1179390781.25,-39.49007
1179390937.5,-39.51371
1179391093.75,-39.49467
1179391250.0,-39.48351
1179391406.25,-39.52076
1179391562.5,-39.47337
1179391718.75,-39.49569
1179391875.0,-39.49389
1179392031.25,-39.49267
1179392187.5,-39.48285
1179392343.75,-39.49634
1179392500.0,-39.4832
1179392656.25,-39.48681
1179392812.5,-39.49195
1179392968.75,-39.49239
1179393125.0,-39.50296
1179393281.25,-39.48232
1179393437.5,-39.47757
1179393593.75,-39.49183
1179393750.0,-39.48111
1179393906.25,-39.47796
1179394062.5,-39.48978
1179394218.75,-39.47462
1179394375.0,-39.48259
1179394531.25,-39.48222
1179394687.5,-39.47532
1179394843.75,-39.47187
1179395000.0,-39.45872
1179395156.25,-39.48888
1179395312.5,-39.47369
1179395468.75,-39.47539
1179395625.0,-39.47124
1179395781.25,-39.47448
1179395937.5,-39.47543
1179396093.75,-39.45762
1179396250.0,-39.47439
1179396406.25,-39.46815
1179396562.5,-39.46948
1179396718.75,-39.46343
1179396875.0,-39.45343
1179397031.25,-39.45778
1179397187.5,-39.46997
1179397343.75,-39.45409
1179397500.0,-39.47509
1179397656.25,-39.47763
1179397812.5,-39.44942
1179397968.75,-39.45573
1179398125.0,-39.46522
1179398281.25,-39.45135
1179398437.5,-39.45538
1179398593.75,-39.44208
1179398750.0,-39.45285
1179398906.25,-39.45779
1179399062.5,-39.45979
1179399218.75,-39.45877
1179399375.0,-39.45448
1179399531.25,-39.44989
1179399687.5,-39.45415
1179399843.75,-39.45709
1179400000.0,-39.43723
1179400156.25,-39.4654
1179400312.5,-39.4332
1179400468.75,-39.44718
1179400625.0,-39.44618
1179400781.25,-39.44533
1179400937.5,-39.43248
1179401093.75,-39.46169
1179401250.0,-39.45042
1179401406.25,-39.4537
1179401562.5,-39.42622
1179401718.75,-39.44522
1179401875.0,-39.42849
1179402031.25,-39.44373
1179402187.5,-39.44315
1179402343.75,-39.42434
1179402500.0,-39.42542
1179402656.25,-39.44661
1179402812.5,-39.4567
1179402968.75,-39.42784
1179403125.0,-39.44712
1179403281.25,-39.4402
1179403437.5,-39.42963
1179403593.75,-39.43363
1179403750.0,-39.43154
1179403906.25,-39.44183
1179404062.5,-39.43134
1179404218.75,-39.43246
1179404375.0,-39.42198
1179404531.25,-39.42978
1179404687.5,-39.41278
1179404843.75,-39.42605
1179405000.0,-39.44779
1179405156.25,-39.42286
1179405312.5,-39.44402
1179405468.75,-39.42639
1179405625.0,-39.42523
1179405781.25,-39.42384
1179405937.5,-39.4196
1179406093.75,-39.44524
1179406250.0,-39.42745
1179406406.25,-39.41559
1179406562.5,-39.42674
1179406718.75,-39.42651
1179406875.0,-39.42048
1179407031.25,-39.4178
1179407187.5,-39.40136
1179407343.75,-39.40864
1179407500.0,-39.41917
1179407656.25,-39.44098
1179407812.5,-39.39956
1179407968.75,-39.43256
1179408125.0,-39.41316
1179408281.25,-39.40452
1179408437.5,-39.40759
1179408593.75,-39.4305
1179408750.0,-39.4208
1179408906.25,-39.41673
1179409062.5,-39.41753
1179409218.75,-39.41168
1179409375.0,-39.41111
1179409531.25,-39.41264
1179409687.5,-39.41286
1179409843.75,-39.39749
1179410000.0,-39.42794
1179410156.25,-39.42275
1179410312.5,-39.41697
1179410468.75,-39.4146
1179410625.0,-39.39741
1179410781.25,-39.38483
1179410937.5,-39.4027
1179411093.75,-39.40479
1179411250.0,-39.40632
1179411406.25,-39.38575
1179411562.5,-39.39554
1179411718.75,-39.39083
1179411875.0,-39.38328
1179412031.25,-39.39869
1179412187.5,-39.40791
1179412343.75,-39.39234
1179412500.0,-39.39929
1179412656.25,-39.39429
1179412812.5,-39.39165
1179412968.75,-39.39367
1179413125.0,-39.39053
1179413281.25,-39.40032
1179413437.5,-39.40149
1179413593.75,-39.38444
1179413750.0,-39.38525
1179413906.25,-39.39143
1179414062.5,-39.39211
1179414218.75,-39.39067
1179414375.0,-39.3789
1179414531.25,-39.38348
1179414687.5,-39.36981
1179414843.75,-39.38057
1179415000.0,-39.39489
1179415156.25,-39.37569
1179415312.5,-39.39554
1179415468.75,-39.37926
1179415625.0,-39.36998
1179415781.25,-39.3799
1179415937.5,-39.39339
1179416093.75,-39.38522
1179416250.0,-39.38535
1179416406.25,-39.37431
1179416562.5,-39.37199
1179416718.75,-39.391
1179416875.0,-39.36329
1179417031.25,-39.3852
1179417187.5,-39.36446
1179417343.75,-39.37115
1179417500.0,-39.36791
1179417656.25,-39.37011
1179417812.5,-39.36295
1179417968.75,-39.37198
1179418125.0,-39.38073
1179418281.25,-39.35951
1179418437.5,-39.37737
1179418593.75,-39.37092
1179418750.0,-39.37796
1179418906.25,-39.36268
1179419062.5,-39.36636
1179419218.75,-39.36181
1179419375.0,-39.36585
1179419531.25,-39.36765
1179419687.5,-39.36364
1179419843.75,-39.37891
1179420000.0,-39.36509
1179420156.25,-39.35597
1179420312.5,-39.35912
1179420468.75,-39.36145
1179420625.0,-39.35632
1179420781.25,-39.37084
1179420937.5,-39.35434
1179421093.75,-39.35106
1179421250.0,-39.33164
1179421406.25,-39.34129
1179421562.5,-39.36437
1179421718.75,-39.34906
1179421875.0,-39.36514
1179422031.25,-39.35712
1179422187.5,-39.36638
1179422343.75,-39.34495
1179422500.0,-39.33933
1179422656.25,-39.35508
1179422812.5,-39.36404
1179422968.75,-39.35893
1179423125.0,-39.34853
1179423281.25,-39.34429
1179423437.5,-39.34639
1179423593.75,-39.3474
1179423750.0,-39.33791
1179423906.25,-39.3293
1179424062.5,-39.33508
1179424218.75,-39.34253
1179424375.0,-39.32151
1179424531.25,-39.34638
1179424687.5,-39.33909
1179424843.75,-39.33737
1179425000.0,-39.34745
1179425156.25,-39.34015
1179425312.5,-39.33843
1179425468.75,-39.34373
1179425625.0,-39.34521
1179425781.25,-39.32548
1179425937.5,-39.32838
1179426093.75,-39.32493
1179426250.0,-39.34704
1179426406.25,-39.33604
1179426562.5,-39.33429
1179426718.75,-39.31004
1179426875.0,-39.32452
1179427031.25,-39.33384
1179427187.5,-39.32465
1179427343.75,-39.34496
1179427500.0,-39.33751
1179427656.25,-39.34245
1179427812.5,-39.31408
1179427968.75,-39.32814
1179428125.0,-39.32834
1179428281.25,-39.33751
1179428437.5,-39.32484
1179428593.75,-39.32134
1179428750.0,-39.31844
1179428906.25,-39.31454
1179429062.5,-39.3275
1179429218.75,-39.31139
1179429375.0,-39.3104
1179429531.25,-39.32833
1179429687.5,-39.32441
1179429843.75,-39.31155
1179430000.0,-39.32371
1179430156.25,-39.31666
1179430312.5,-39.32254
1179430468.75,-39.29855
1179430625.0,-39.31933
1179430781.25,-39.31366
1179430937.5,-39.30848
1179431093.75,-39.31229
1179431250.0,-39.3191
1179431406.25,-39.31917
1179431562.5,-39.33571
1179431718.75,-39.31468
1179431875.0,-39.30323
1179432031.25,-39.30339
1179432187.5,-39.31499
1179432343.75,-39.30729
1179432500.0,-39.31618
1179432656.25,-39.30319
1179432812.5,-39.2965
1179432968.75,-39.30294
1179433125.0,-39.30598
1179433281.25,-39.29344
1179433437.5,-39.31269
1179433593.75,-39.30776
1179433750.0,-39.28777
1179433906.25,-39.28629
1179434062.5,-39.29264
1179434218.75,-39.29408
1179434375.0,-39.29658
1179434531.25,-39.29197
1179434687.5,-39.29214
1179434843.75,-39.29597
1179435000.0,-39.30659
1179435156.25,-39.29354
1179435312.5,-39.28459
1179435468.75,-39.26545
1179435625.0,-39.28598
1179435781.25,-39.28376
1179435937.5,-39.28306
1179436093.75,-39.27982
1179436250.0,-39.2713
1179436406.25,-39.2677
1179436562.5,-39.29385
1179436718.75,-39.28305
1179436875.0,-39.28945
1179437031.25,-39.28057
1179437187.5,-39.29973
1179437343.75,-39.27903
1179437500.0,-39.28419
1179437656.25,-39.27628
1179437812.5,-39.27867
1179437968.75,-39.26511
1179438125.0,-39.28607
1179438281.25,-39.27108
1179438437.5,-39.26067
1179438593.75,-39.28684
1179438750.0,-39.28547
1179438906.25,-39.26888
1179439062.5,-39.28756
1179439218.75,-39.26383
1179439375.0,-39.27802
1179439531.25,-39.2768
1179439687.5,-39.26427
1179439843.75,-39.26754
1179440000.0,-39.27892
1179440156.25,-39.27944
1179440312.5,-39.27403
1179440468.75,-39.28698
1179440625.0,-39.27631
1179440781.25,-39.2809
1179440937.5,-39.26646
1179441093.75,-39.25665
1179441250.0,-39.26075
1179441406.25,-39.26013
1179441562.5,-39.25974
1179441718.75,-39.27419
1179441875.0,-39.25761
1179442031.25,-39.26498
1179442187.5,-39.27293
1179442343.75,-39.27348
1179442500.0,-39.2562
1179442656.25,-39.24518
1179442812.5,-39.2532
1179442968.75,-39.25333
1179443125.0,-39.25776
1179443281.25,-39.27014
1179443437.5,-39.25043
1179443593.75,-39.26296
1179443750.0,-39.24572
1179443906.25,-39.25686
1179444062.5,-39.24763
1179444218.75,-39.23615
1179444375.0,-39.23466
1179444531.25,-39.25246
1179444687.5,-39.23949
1179444843.75,-39.25521
1179445000.0,-39.24685
1179445156.25,-39.23586
1179445312.5,-39.25812
1179445468.75,-39.23887
1179445625.0,-39.24154
1179445781.25,-39.23249
1179445937.5,-39.2304
1179446093.75,-39.23913
1179446250.0,-39.24202
1179446406.25,-39.22279
1179446562.5,-39.23269
1179446718.75,-39.25391
1179446875.0,-39.24176
1179447031.25,-39.23862
1179447187.5,-39.2298
1179447343.75,-39.22091
1179447500.0,-39.2269
1179447656.25,-39.23139
1179447812.5,-39.24627
1179447968.75,-39.23268
1179448125.0,-39.22356
1179448281.25,-39.22963
1179448437.5,-39.21547
1179448593.75,-39.22345
1179448750.0,-39.22379
1179448906.25,-39.23267
1179449062.5,-39.22828
1179449218.75,-39.23708
1179449375.0,-39.2605
1179449531.25,-39.21618
1179449687.5,-39.23011
1179449843.75,-39.2316
1179450000.0,-39.20313
1179450156.25,-39.22459
1179450312.5,-39.2176
1179450468.75,-39.225
1179450625.0,-39.24147
1179450781.25,-39.23306
1179450937.5,-39.22324
1179451093.75,-39.22213
1179451250.0,-39.20967
1179451406.25,-39.21264
1179451562.5,-39.20653
1179451718.75,-39.21579
1179451875.0,-39.21103
1179452031.25,-39.21272
1179452187.5,-39.20819
1179452343.75,-39.18702
1179452500.0,-39.22203
1179452656.25,-39.21522
1179452812.5,-39.21379
1179452968.75,-39.21563
1179453125.0,-39.22268
1179453281.25,-39.22213
1179453437.5,-39.20644
1179453593.75,-39.20792
1179453750.0,-39.1934
1179453906.25,-39.19787
1179454062.5,-39.19918
1179454218.75,-39.20785
1179454375.0,-39.19836
1179454531.25,-39.20658
1179454687.5,-39.20003
1179454843.75,-39.20231
1179455000.0,-39.19123
1179455156.25,-39.20829
1179455312.5,-39.19266
1179455468.75,-39.20518
1179455625.0,-39.20554
1179455781.25,-39.18752
1179455937.5,-39.21017
1179456093.75,-39.18954
1179456250.0,-39.19294
1179456406.25,-39.1709
1179456562.5,-39.18958
1179456718.75,-39.2139
1179456875.0,-39.19126
1179457031.25,-39.18962
1179457187.5,-39.19622
1179457343.75,-39.1875
1179457500.0,-39.18565
1179457656.25,-39.18269
1179457812.5,-39.18293
1179457968.75,-39.17216
1179458125.0,-39.19328
1179458281.25,-39.19196
1179458437.5,-39.17701
1179458593.75,-39.19332
1179458750.0,-39.17895
1179458906.25,-39.18212
1179459062.5,-39.1762
1179459218.75,-39.16883
1179459375.0,-39.16512
1179459531.25,-39.18072
1179459687.5,-39.18966
1179459843.75,-39.18186
1179460000.0,-39.17043
1179460156.25,-39.18428
1179460312.5,-39.18153
1179460468.75,-39.1739
1179460625.0,-39.19014
1179460781.25,-39.16057
1179460937.5,-39.16442
1179461093.75,-39.16194
1179461250.0,-39.17834
1179461406.25,-39.16382
1179461562.5,-39.16719
1179461718.75,-39.17525
1179461875.0,-39.16656
1179462031.25,-39.16684
1179462187.5,-39.15599
1179462343.75,-39.16321
1179462500.0,-39.17434
1179462656.25,-39.17635
1179462812.5,-39.1633
1179462968.75,-39.15883
1179463125.0,-39.15203
1179463281.25,-39.15593
1179463437.5,-39.1679
1179463593.75,-39.17405
1179463750.0,-39.16116
1179463906.25,-39.15592
1179464062.5,-39.1577
1179464218.75,-39.16214
1179464375.0,-39.16513
1179464531.25,-39.15524
1179464687.5,-39.16984
1179464843.75,-39.15425
1179465000.0,-39.16357
1179465156.25,-39.14647
1179465312.5,-39.17173
1179465468.75,-39.14885
1179465625.0,-39.15094
1179465781.25,-39.14278
1179465937.5,-39.14626
1179466093.75,-39.17405
1179466250.0,-39.16677
1179466406.25,-39.15435
1179466562.5,-39.14279
1179466718.75,-39.15226
1179466875.0,-39.15117
1179467031.25,-39.14564
1179467187.5,-39.15241
1179467343.75,-39.14467
1179467500.0,-39.14285
1179467656.25,-39.14048
1179467812.5,-39.13618
1179467968.75,-39.13832
1179468125.0,-39.15529
1179468281.25,-39.13142
1179468437.5,-39.14616
1179468593.75,-39.14847
1179468750.0,-39.13678
1179468906.25,-39.12914
1179469062.5,-39.12973
1179469218.75,-39.1346
1179469375.0,-39.12326
1179469531.25,-39.14049
1179469687.5,-39.13532
1179469843.75,-39.12644
1179470000.0,-39.12163
1179470156.25,-39.12825
1179470312.5,-39.12812
1179470468.75,-39.14717
1179470625.0,-39.13943
1179470781.25,-39.14003
1179470937.5,-39.12381
1179471093.75,-39.14132
1179471250.0,-39.12633
1179471406.25,-39.12167
1179471562.5,-39.12694
1179471718.75,-39.11883
1179471875.0,-39.14143
1179472031.25,-39.12798
1179472187.5,-39.12559
1179472343.75,-39.12728
1179472500.0,-39.12247
1179472656.25,-39.12295
1179472812.5,-39.11718
1179472968.75,-39.1181
1179473125.0,-39.12448
1179473281.25,-39.12402
1179473437.5,-39.11515
1179473593.75,-39.09921
1179473750.0,-39.09557
1179473906.25,-39.11503
1179474062.5,-39.11736
1179474218.75,-39.10842
1179474375.0,-39.09464
1179474531.25,-39.09559
1179474687.5,-39.1161
1179474843.75,-39.12196
1179475000.0,-39.10698
1179475156.25,-39.09646
1179475312.5,-39.10284
1179475468.75,-39.10386
1179475625.0,-39.10196
1179475781.25,-39.11942
1179475937.5,-39.09351
1179476093.75,-39.09325
1179476250.0,-39.10994
1179476406.25,-39.09975
1179476562.5,-39.10507
1179476718.75,-39.09465
1179476875.0,-39.09412
1179477031.25,-39.08878
1179477187.5,-39.09521
1179477343.75,-39.09127
1179477500.0,-39.09576
1179477656.25,-39.1037
1179477812.5,-39.09074
1179477968.75,-39.08045
1179478125.0,-39.08751
1179478281.25,-39.0895
1179478437.5,-39.0841
1179478593.75,-39.08062
1179478750.0,-39.0882
1179478906.25,-39.09679
1179479062.5,-39.09538
1179479218.75,-39.08918
1179479375.0,-39.09723
1179479531.25,-39.08298
1179479687.5,-39.09627
1179479843.75,-39.09075
1179480000.0,-39.08627
1179480156.25,-39.09407
1179480312.5,-39.08765
1179480468.75,-39.07648
1179480625.0,-39.0923
1179480781.25,-39.07042
1179480937.5,-39.07065
1179481093.75,-39.07128
1179481250.0,-39.05957
1179481406.25,-39.0734
1179481562.5,-39.0869
1179481718.75,-39.06026
1179481875.0,-39.0741
1179482031.25,-39.07359
1179482187.5,-39.05913
1179482343.75,-39.07445
1179482500.0,-39.07533
1179482656.25,-39.07609
1179482812.5,-39.06532
1179482968.75,-39.06581
1179483125.0,-39.06627
1179483281.25,-39.061
1179483437.5,-39.07431
1179483593.75,-39.07154
1179483750.0,-39.06392
1179483906.25,-39.07566
1179484062.5,-39.07555
1179484218.75,-39.06716
1179484375.0,-39.07851
1179484531.25,-39.0638
1179484687.5,-39.05894
1179484843.75,-39.07372
1179485000.0,-39.07059
1179485156.25,-39.0714
1179485312.5,-39.0694
1179485468.75,-39.06602
1179485625.0,-39.07108
1179485781.25,-39.04875
1179485937.5,-39.07677
1179486093.75,-39.05466
1179486250.0,-39.06008
1179486406.25,-39.0463
1179486562.5,-39.04845
1179486718.75,-39.05325
1179486875.0,-39.02601
1179487031.25,-39.04261
1179487187.5,-39.04227
1179487343.75,-39.04981
1179487500.0,-39.05696
1179487656.25,-39.03331
1179487812.5,-39.04392
1179487968.75,-39.0512
1179488125.0,-39.03588
1179488281.25,-39.03828
1179488437.5,-39.05049
1179488593.75,-39.0397
1179488750.0,-39.03233
1179488906.25,-39.04195
1179489062.5,-39.02288
1179489218.75,-39.0446
1179489375.0,-39.04163
1179489531.25,-39.03966
1179489687.5,-39.04284
1179489843.75,-39.03962
1179490000.0,-39.02868
1179490156.25,-39.035
1179490312.5,-39.05245
1179490468.75,-39.01713
1179490625.0,-39.04445
1179490781.25,-39.01785
1179490937.5,-39.03139
1179491093.75,-39.03282
1179491250.0,-39.03824
1179491406.25,-39.04546
1179491562.5,-39.01572
1179491718.75,-39.02789
1179491875.0,-39.0209
1179492031.25,-39.03259
1179492187.5,-39.03849
1179492343.75,-39.02477
1179492500.0,-39.03491
1179492656.25,-39.04244
1179492812.5,-39.00894
1179492968.75,-39.02962
1179493125.0,-39.04012
1179493281.25,-39.01648
1179493437.5,-39.02207
1179493593.75,-39.02386
1179493750.0,-39.02506
1179493906.25,-39.02349
1179494062.5,-39.0225
1179494218.75,-39.00165
1179494375.0,-39.02256
1179494531.25,-39.01237
1179494687.5,-39.01483
1179494843.75,-39.00168
1179495000.0,-38.99901
1179495156.25,-39.01496
1179495312.5,-39.01636
1179495468.75,-39.01449
1179495625.0,-39.00401
1179495781.25,-39.00329
1179495937.5,-39.00954
1179496093.75,-39.00457
1179496250.0,-39.01072
1179496406.25,-39.00418
1179496562.5,-39.00589
1179496718.75,-39.014
1179496875.0,-39.0066
1179497031.25,-39.01256
1179497187.5,-39.00405
1179497343.75,-38.99186
1179497500.0,-39.00149
1179497656.25,-39.00285
1179497812.5,-38.99241
1179497968.75,-38.98992
1179498125.0,-38.99683
1179498281.25,-38.99471
1179498437.5,-39.0
1179498593.75,-39.00687
1179498750.0,-38.99599
1179498906.25,-39.01743
1179499062.5,-38.97662
1179499218.75,-38.98948
1179499375.0,-39.01005
1179499531.25,-38.99226
1179499687.5,-38.98382
1179499843.75,-38.98212
1179500000.0,-38.9927
1179500156.25,-38.98834
1179500312.5,-38.97818
1179500468.75,-38.9816
1179500625.0,-38.9845
1179500781.25,-38.98881
1179500937.5,-38.97545
1179501093.75,-38.98721
1179501250.0,-38.9785
1179501406.25,-38.9822
1179501562.5,-38.98015
1179501718.75,-38.98466
1179501875.0,-38.99074
1179502031.25,-38.98308
1179502187.5,-38.98655
1179502343.75,-38.98457
1179502500.0,-38.98025
1179502656.25,-38.97338
1179502812.5,-38.98026
1179502968.75,-38.98744
1179503125.0,-38.96792
1179503281.25,-38.97522
1179503437.5,-38.98342
1179503593.75,-38.97879
1179503750.0,-38.97115
1179503906.25,-38.98029
1179504062.5,-38.97135
1179504218.75,-38.97709
1179504375.0,-38.96109
1179504531.25,-38.95776
1179504687.5,-38.96618
1179504843.75,-38.96312
1179505000.0,-38.96051
1179505156.25,-38.97551
1179505312.5,-38.94995
1179505468.75,-38.9546
1179505625.0,-38.96635
1179505781.25,-38.95998
1179505937.5,-38.96679
1179506093.75,-38.96566
1179506250.0,-38.96967
1179506406.25,-38.94735
1179506562.5,-38.95583
1179506718.75,-38.94843
1179506875.0,-38.94712
1179507031.25,-38.96167
1179507187.5,-38.95516
1179507343.75,-38.95848
1179507500.0,-38.9609
1179507656.25,-38.95574
1179507812.5,-38.96159
1179507968.75,-38.94574
1179508125.0,-38.95015
1179508281.25,-38.95398
1179508437.5,-38.95026
1179508593.75,-38.95267
1179508750.0,-38.93938
1179508906.25,-38.95094
1179509062.5,-38.93495
1179509218.75,-38.93652
1179509375.0,-38.9576
1179509531.25,-38.94585
1179509687.5,-38.94021
1179509843.75,-38.96591
1179510000.0,-38.94329
1179510156.25,-38.94899
1179510312.5,-38.94756
1179510468.75,-38.94231
1179510625.0,-38.93179
1179510781.25,-38.91835
1179510937.5,-38.93866
1179511093.75,-38.9376
1179511250.0,-38.93337
1179511406.25,-38.93886
1179511562.5,-38.924
1179511718.75,-38.9372
1179511875.0,-38.92669
1179512031.25,-38.94897
1179512187.5,-38.9282
1179512343.75,-38.92366
1179512500.0,-38.93477
1179512656.25,-38.93497
1179512812.5,-38.93438
1179512968.75,-38.93685
1179513125.0,-38.93104
1179513281.25,-38.92075
1179513437.5,-38.92484
1179513593.75,-38.93404
1179513750.0,-38.91364
1179513906.25,-38.91963
1179514062.5,-38.90645
1179514218.75,-38.91908
1179514375.0,-38.91908
1179514531.25,-38.92215
1179514687.5,-38.91322
1179514843.75,-38.92158
1179515000.0,-38.92363
1179515156.25,-38.9253
1179515312.5,-38.91695
1179515468.75,-38.91191
1179515625.0,-38.90837
1179515781.25,-38.90212
1179515937.5,-38.91685
1179516093.75,-38.90057
1179516250.0,-38.93505
1179516406.25,-38.9108
1179516562.5,-38.91811
1179516718.75,-38.896
1179516875.0,-38.90029
1179517031.25,-38.88987
1179517187.5,-38.92249
1179517343.75,-38.90692
1179517500.0,-38.91181
1179517656.25,-38.90599
1179517812.5,-38.88805
1179517968.75,-38.9094
1179518125.0,-38.90654
1179518281.25,-38.90722
1179518437.5,-38.89535
1179518593.75,-38.90122
1179518750.0,-38.90493
1179518906.25,-38.91348
1179519062.5,-38.90831
1179519218.75,-38.90052
1179519375.0,-38.87759
1179519531.25,-38.90146
1179519687.5,-38.88523
1179519843.75,-38.90702
1179520000.0,-38.89523
1179520156.25,-38.89834
1179520312.5,-38.91034
1179520468.75,-38.89512
1179520625.0,-38.88228
1179520781.25,-38.89401
1179520937.5,-38.90097
1179521093.75,-38.89106
1179521250.0,-38.88301
1179521406.25,-38.88794
1179521562.5,-38.88241
1179521718.75,-38.88605
1179521875.0,-38.87813
1179522031.25,-38.88937
1179522187.5,-38.88433
1179522343.75,-38.88565
1179522500.0,-38.8862
1179522656.25,-38.88605
1179522812.5,-38.87889
1179522968.75,-38.86721
1179523125.0,-38.87946
1179523281.25,-38.86198
1179523437.5,-38.88945
1179523593.75,-38.87513
1179523750.0,-38.87696
1179523906.25,-38.87048
1179524062.5,-38.86526
1179524218.75,-38.88042
1179524375.0,-38.8602
1179524531.25,-38.88192
1179524687.5,-38.87387
1179524843.75,-38.86975
1179525000.0,-38.88273
1179525156.25,-38.86904
1179525312.5,-38.87362
1179525468.75,-38.87211
1179525625.0,-38.88333
1179525781.25,-38.86995
1179525937.5,-38.85708
1179526093.75,-38.85334
1179526250.0,-38.87148
1179526406.25,-38.86621
1179526562.5,-38.85458
1179526718.75,-38.85353
1179526875.0,-38.86204
1179527031.25,-38.85949
1179527187.5,-38.86983
1179527343.75,-38.84766
1179527500.0,-38.867
1179527656.25,-38.85094
1179527812.5,-38.86665
1179527968.75,-38.85731
1179528125.0,-38.85003
1179528281.25,-38.8673
1179528437.5,-38.83899
1179528593.75,-38.8545
1179528750.0,-38.85632
1179528906.25,-38.84703
1179529062.5,-38.83744
1179529218.75,-38.84699
1179529375.0,-38.84665
1179529531.25,-38.84743
1179529687.5,-38.84998
1179529843.75,-38.8473
1179530000.0,-38.85196
1179530156.25,-38.83873
1179530312.5,-38.85562
1179530468.75,-38.83681
1179530625.0,-38.85926
1179530781.25,-38.82888
1179530937.5,-38.84958
1179531093.75,-38.83202
1179531250.0,-38.84951
1179531406.25,-38.8297
1179531562.5,-38.83099
1179531718.75,-38.83639
1179531875.0,-38.84296
1179532031.25,-38.83685
1179532187.5,-38.83649
1179532343.75,-38.83064
1179532500.0,-38.8334
1179532656.25,-38.84524
1179532812.5,-38.83233
1179532968.75,-38.82447
1179533125.0,-38.83254
1179533281.25,-38.83578
1179533437.5,-38.82333
1179533593.75,-38.81612
1179533750.0,-38.82607
1179533906.25,-38.83414
1179534062.5,-38.8215
1179534218.75,-38.8157
1179534375.0,-38.82975
1179534531.25,-38.80657
1179534687.5,-38.83392
1179534843.75,-38.81123
1179535000.0,-38.81543
1179535156.25,-38.81934
1179535312.5,-38.82114
1179535468.75,-38.81511
1179535625.0,-38.79899
1179535781.25,-38.82267
1179535937.5,-38.82352
1179536093.75,-38.80167
1179536250.0,-38.81887
1179536406.25,-38.80017
1179536562.5,-38.81104
1179536718.75,-38.80032
1179536875.0,-38.82666
1179537031.25,-38.79958
1179537187.5,-38.80146
1179537343.75,-38.79373
1179537500.0,-38.8156
1179537656.25,-38.80218
1179537812.5,-38.82569
1179537968.75,-38.80492
1179538125.0,-38.80099
1179538281.25,-38.81235
1179538437.5,-38.80969
1179538593.75,-38.80189
1179538750.0,-38.8102
1179538906.25,-38.81936
1179539062.5,-38.79392
1179539218.75,-38.79022
1179539375.0,-38.80914
1179539531.25,-38.79499
1179539687.5,-38.79219
1179539843.75,-38.7757
1179540000.0,-38.80585
1179540156.25,-38.78482
1179540312.5,-38.80155
1179540468.75,-38.79287
1179540625.0,-38.79952
1179540781.25,-38.80323
1179540937.5,-38.80287
1179541093.75,-38.79436
1179541250.0,-38.79072
1179541406.25,-38.78486
1179541562.5,-38.80307
1179541718.75,-38.79449
1179541875.0,-38.79642
1179542031.25,-38.78889
1179542187.5,-38.77449
1179542343.75,-38.78268
1179542500.0,-38.78853
1179542656.25,-38.77613
1179542812.5,-38.78796
1179542968.75,-38.78283
1179543125.0,-38.77053
1179543281.25,-38.7841
1179543437.5,-38.77515
1179543593.75,-38.77187
1179543750.0,-38.78848
1179543906.25,-38.7729
1179544062.5,-38.78034
1179544218.75,-38.79161
1179544375.0,-38.7837
1179544531.25,-38.77837
1179544687.5,-38.77233
1179544843.75,-38.77416
1179545000.0,-38.78341
1179545156.25,-38.75346
1179545312.5,-38.76197
1179545468.75,-38.77777
1179545625.0,-38.76514
1179545781.25,-38.767
1179545937.5,-38.76569
1179546093.75,-38.76199
1179546250.0,-38.7626
1179546406.25,-38.77577
1179546562.5,-38.75583
1179546718.75,-38.75722
1179546875.0,-38.75488
1179547031.25,-38.74139
1179547187.5,-38.76765
1179547343.75,-38.77998
1179547500.0,-38.76558
1179547656.25,-38.75444
1179547812.5,-38.74417
1179547968.75,-38.74746
1179548125.0,-38.75317
1179548281.25,-38.75781
1179548437.5,-38.76812
1179548593.75,-38.75663
1179548750.0,-38.74248
1179548906.25,-38.76338
1179549062.5,-38.7589
1179549218.75,-38.75105
1179549375.0,-38.75393
1179549531.25,-38.74447
1179549687.5,-38.74577
1179549843.75,-38.75439
1179550000.0,-38.74678
1179550156.25,-38.75745
1179550312.5,-38.74928
1179550468.75,-38.75784
1179550625.0,-38.73631
1179550781.25,-38.73384
1179550937.5,-38.74527
1179551093.75,-38.75336
1179551250.0,-38.7305
1179551406.25,-38.74753
1179551562.5,-38.7369
1179551718.75,-38.74784
1179551875.0,-38.7617
1179552031.25,-38.74709
1179552187.5,-38.73923
1179552343.75,-38.7439
1179552500.0,-38.74141
1179552656.25,-38.72256
1179552812.5,-38.73042
1179552968.75,-38.7463
1179553125.0,-38.73419
1179553281.25,-38.73339
1179553437.5,-38.73395
1179553593.75,-38.71441
1179553750.0,-38.74804
1179553906.25,-38.73012
1179554062.5,-38.72784
1179554218.75,-38.73309
1179554375.0,-38.73979
1179554531.25,-38.73587
1179554687.5,-38.70198
1179554843.75,-38.74186
1179555000.0,-38.72477
1179555156.25,-38.71948
1179555312.5,-38.71642
1179555468.75,-38.72292
1179555625.0,-38.70421
1179555781.25,-38.7173
1179555937.5,-38.72245
1179556093.75,-38.71837
1179556250.0,-38.71445
1179556406.25,-38.7072
1179556562.5,-38.71302
1179556718.75,-38.71674
1179556875.0,-38.71194
1179557031.25,-38.72328
1179557187.5,-38.69119
1179557343.75,-38.70508
1179557500.0,-38.69952
1179557656.25,-38.72606
1179557812.5,-38.70187
1179557968.75,-38.73431
1179558125.0,-38.71113
1179558281.25,-38.70214
1179558437.5,-38.70232
1179558593.75,-38.70771
1179558750.0,-38.69237
1179558906.25,-38.72038
1179559062.5,-38.706
1179559218.75,-38.69167
1179559375.0,-38.69141
1179559531.25,-38.69878
1179559687.5,-38.70087
1179559843.75,-38.70083
1179560000.0,-38.70726
1179560156.25,-38.70293
1179560312.5,-38.69678
1179560468.75,-38.69427
1179560625.0,-38.69188
1179560781.25,-38.70145
1179560937.5,-38.67404
1179561093.75,-38.70324
1179561250.0,-38.69194
1179561406.25,-38.69175
1179561562.5,-38.68903
1179561718.75,-38.6959
1179561875.0,-38.68744
1179562031.25,-38.68533
1179562187.5,-38.69151
1179562343.75,-38.6874
1179562500.0,-38.68541
1179562656.25,-38.6942
1179562812.5,-38.67787
1179562968.75,-38.68684
1179563125.0,-38.70068
1179563281.25,-38.67674
1179563437.5,-38.67128
1179563593.75,-38.68724
1179563750.0,-38.67516
1179563906.25,-38.68006
1179564062.5,-38.68648
1179564218.75,-38.67342
1179564375.0,-38.66997
1179564531.25,-38.68418
1179564687.5,-38.67754
1179564843.75,-38.67268
1179565000.0,-38.67022
1179565156.25,-38.67342
1179565312.5,-38.68447
1179565468.75,-38.67262
1179565625.0,-38.66594
1179565781.25,-38.67776
1179565937.5,-38.65407
1179566093.75,-38.68481
1179566250.0,-38.65427
1179566406.25,-38.66029
1179566562.5,-38.66821
1179566718.75,-38.67149
1179566875.0,-38.65771
1179567031.25,-38.67
1179567187.5,-38.6583
1179567343.75,-38.6517
1179567500.0,-38.66756
1179567656.25,-38.66206
1179567812.5,-38.66412
1179567968.75,-38.65398
1179568125.0,-38.65086
1179568281.25,-38.66854
1179568437.5,-38.65799
1179568593.75,-38.65934
1179568750.0,-38.65353
1179568906.25,-38.65146
1179569062.5,-38.65482
1179569218.75,-38.6635
1179569375.0,-38.65474
1179569531.25,-38.65766
1179569687.5,-38.65593
1179569843.75,-38.65123
1179570000.0,-38.66444
1179570156.25,-38.65964
1179570312.5,-38.64297
1179570468.75,-38.65762
1179570625.0,-38.6367
1179570781.25,-38.65466
1179570937.5,-38.6472
1179571093.75,-38.65711
1179571250.0,-38.63323
1179571406.25,-38.65112
1179571562.5,-38.65328
1179571718.75,-38.64326
1179571875.0,-38.63804
1179572031.25,-38.63447
1179572187.5,-38.63973
1179572343.75,-38.63762
1179572500.0,-38.6259
1179572656.25,-38.63818
1179572812.5,-38.62429
1179572968.75,-38.63374
1179573125.0,-38.63374
1179573281.25,-38.64012
1179573437.5,-38.62893
1179573593.75,-38.62261
1179573750.0,-38.62589
1179573906.25,-38.64551
1179574062.5,-38.62331
1179574218.75,-38.62405
1179574375.0,-38.62767
1179574531.25,-38.62306
1179574687.5,-38.64244
1179574843.75,-38.63107
1179575000.0,-38.6273
1179575156.25,-38.62484
1179575312.5,-38.6383
1179575468.75,-38.61425
1179575625.0,-38.62064
1179575781.25,-38.6229
1179575937.5,-38.61172
1179576093.75,-38.61875
1179576250.0,-38.61712
1179576406.25,-38.61274
1179576562.5,-38.61561
1179576718.75,-38.59438
1179576875.0,-38.6123
1179577031.25,-38.60896
1179577187.5,-38.62313
1179577343.75,-38.59965
1179577500.0,-38.61504
1179577656.25,-38.60775
1179577812.5,-38.62264
1179577968.75,-38.62364
1179578125.0,-38.60799
1179578281.25,-38.60917
1179578437.5,-38.62003
1179578593.75,-38.60029
1179578750.0,-38.61267
1179578906.25,-38.60059
1179579062.5,-38.59636
1179579218.75,-38.61286
1179579375.0,-38.6024
1179579531.25,-38.60155
1179579687.5,-38.59731
1179579843.75,-38.60184
1179580000.0,-38.6045
1179580156.25,-38.58868
1179580312.5,-38.60588
1179580468.75,-38.59258
1179580625.0,-38.59567
1179580781.25,-38.59012
1179580937.5,-38.59712
1179581093.75,-38.57951
1179581250.0,-38.57813
1179581406.25,-38.59467
1179581562.5,-38.58667
1179581718.75,-38.60497
1179581875.0,-38.59643
1179582031.25,-38.58994
1179582187.5,-38.5993
1179582343.75,-38.58221
1179582500.0,-38.61041
1179582656.25,-38.57995
1179582812.5,-38.58353
1179582968.75,-38.58122
1179583125.0,-38.58279
1179583281.25,-38.59609
1179583437.5,-38.59227
1179583593.75,-38.57444
1179583750.0,-38.60094
1179583906.25,-38.58094
1179584062.5,-38.57632
1179584218.75,-38.59742
1179584375.0,-38.57409
1179584531.25,-38.57891
1179584687.5,-38.57153
1179584843.75,-38.57567
1179585000.0,-38.58792
1179585156.25,-38.57653
1179585312.5,-38.57806
1179585468.75,-38.57514
1179585625.0,-38.58209
1179585781.25,-38.55862
1179585937.5,-38.56846
1179586093.75,-38.56826
1179586250.0,-38.55844
1179586406.25,-38.56506
1179586562.5,-38.56065
1179586718.75,-38.55105
1179586875.0,-38.55429
1179587031.25,-38.54596
1179587187.5,-38.56522
1179587343.75,-38.557
1179587500.0,-38.56469
1179587656.25,-38.56385
1179587812.5,-38.5704
1179587968.75,-38.56642
1179588125.0,-38.55548
1179588281.25,-38.5443
1179588437.5,-38.56981
1179588593.75,-38.56573
1179588750.0,-38.55592
1179588906.25,-38.56287
1179589062.5,-38.56025
1179589218.75,-38.55883
1179589375.0,-38.54937
1179589531.25,-38.54169
1179589687.5,-38.54711
1179589843.75,-38.55021
1179590000.0,-38.54618
1179590156.25,-38.55278
1179590312.5,-38.57524
1179590468.75,-38.54987
1179590625.0,-38.55472
1179590781.25,-38.54134
1179590937.5,-38.53691
1179591093.75,-38.54358
1179591250.0,-38.561
1179591406.25,-38.5312
1179591562.5,-38.54546
1179591718.75,-38.54776
1179591875.0,-38.55421
1179592031.25,-38.53438
1179592187.5,-38.53908
1179592343.75,-38.52956
1179592500.0,-38.52101
1179592656.25,-38.54776
1179592812.5,-38.53188
1179592968.75,-38.52994
1179593125.0,-38.53338
1179593281.25,-38.52752
1179593437.5,-38.53334
1179593593.75,-38.5209
1179593750.0,-38.51824
1179593906.25,-38.52197
1179594062.5,-38.52769
1179594218.75,-38.52838
1179594375.0,-38.51819
1179594531.25,-38.5336
1179594687.5,-38.52381
1179594843.75,-38.52163
1179595000.0,-38.51718
1179595156.25,-38.51486
1179595312.5,-38.52308
1179595468.75,-38.52
1179595625.0,-38.53178
1179595781.25,-38.51258
1179595937.5,-38.52681
1179596093.75,-38.52361
1179596250.0,-38.53001
1179596406.25,-38.50739
1179596562.5,-38.52192
1179596718.75,-38.51242
1179596875.0,-38.51916
1179597031.25,-38.50882
1179597187.5,-38.48516
1179597343.75,-38.51614
1179597500.0,-38.4935
1179597656.25,-38.51011
1179597812.5,-38.51899
1179597968.75,-38.51309
1179598125.0,-38.52033
1179598281.25,-38.51391
1179598437.5,-38.50722
1179598593.75,-38.51366
1179598750.0,-38.50308
1179598906.25,-38.51466
1179599062.5,-38.49575
1179599218.75,-38.49749
1179599375.0,-38.49549
1179599531.25,-38.50149
1179599687.5,-38.48969
1179599843.75,-38.51226
1179600000.0,-38.51218
1179600156.25,-38.5092
1179600312.5,-38.51124
1179600468.75,-38.49183
1179600625.0,-38.49821
1179600781.25,-38.48496
1179600937.5,-38.49219
1179601093.75,-38.48263
1179601250.0,-38.49744
1179601406.25,-38.49938
1179601562.5,-38.50111
1179601718.75,-38.4956
1179601875.0,-38.50614
1179602031.25,-38.49414
1179602187.5,-38.49628
1179602343.75,-38.48254
1179602500.0,-38.49524
1179602656.25,-38.49211
1179602812.5,-38.48175
1179602968.75,-38.48884
1179603125.0,-38.47395
1179603281.25,-38.4771
1179603437.5,-38.48015
1179603593.75,-38.48994
1179603750.0,-38.48623
1179603906.25,-38.48816
1179604062.5,-38.47528
1179604218.75,-38.46933
1179604375.0,-38.48104
1179604531.25,-38.48031
1179604687.5,-38.48663
1179604843.75,-38.4731
1179605000.0,-38.45045
1179605156.25,-38.47567
1179605312.5,-38.47246
1179605468.75,-38.47389
1179605625.0,-38.48294
1179605781.25,-38.46335
1179605937.5,-38.47588
1179606093.75,-38.46314
1179606250.0,-38.46699
1179606406.25,-38.4726
1179606562.5,-38.48346
1179606718.75,-38.4759
1179606875.0,-38.47095
1179607031.25,-38.46921
1179607187.5,-38.4614
1179607343.75,-38.47025
1179607500.0,-38.45921
1179607656.25,-38.45354
1179607812.5,-38.46207
1179607968.75,-38.46616
1179608125.0,-38.45169
1179608281.25,-38.47719
1179608437.5,-38.46583
1179608593.75,-38.46111
1179608750.0,-38.44278
1179608906.25,-38.45684
1179609062.5,-38.45646
1179609218.75,-38.43657
1179609375.0,-38.45407
1179609531.25,-38.45256
1179609687.5,-38.4587
1179609843.75,-38.45265
1179610000.0,-38.4489
1179610156.25,-38.44553
1179610312.5,-38.44474
1179610468.75,-38.44677
1179610625.0,-38.44978
1179610781.25,-38.44332
1179610937.5,-38.42824
1179611093.75,-38.43842
1179611250.0,-38.43522
1179611406.25,-38.43653
1179611562.5,-38.44788
1179611718.75,-38.43751
1179611875.0,-38.43512
1179612031.25,-38.42583
1179612187.5,-38.4292
1179612343.75,-38.43718
1179612500.0,-38.43508
1179612656.25,-38.44543
1179612812.5,-38.43306
1179612968.75,-38.42197
1179613125.0,-38.43245
1179613281.25,-38.42684
1179613437.5,-38.43265
1179613593.75,-38.43364
1179613750.0,-38.44711
1179613906.25,-38.43757
1179614062.5,-38.43591
1179614218.75,-38.42707
1179614375.0,-38.41572
1179614531.25,-38.43108
1179614687.5,-38.41436
1179614843.75,-38.42095
1179615000.0,-38.41597
1179615156.25,-38.42325
1179615312.5,-38.43675
1179615468.75,-38.41829
1179615625.0,-38.43129
1179615781.25,-38.4075
1179615937.5,-38.42632
1179616093.75,-38.40839
1179616250.0,-38.4246
1179616406.25,-38.4113
1179616562.5,-38.41445
1179616718.75,-38.41734
1179616875.0,-38.40728
1179617031.25,-38.41811
1179617187.5,-38.41501
1179617343.75,-38.3993
1179617500.0,-38.40377
1179617656.25,-38.40781
1179617812.5,-38.40918
1179617968.75,-38.41113
1179618125.0,-38.41833
1179618281.25,-38.38506
1179618437.5,-38.41745
1179618593.75,-38.41725
1179618750.0,-38.39337
1179618906.25,-38.41093
1179619062.5,-38.40321
1179619218.75,-38.40352
1179619375.0,-38.40176
1179619531.25,-38.3916
1179619687.5,-38.40289
1179619843.75,-38.39624
1179620000.0,-38.40297
1179620156.25,-38.40274
1179620312.5,-38.38357
1179620468.75,-38.38354
1179620625.0,-38.38848
1179620781.25,-38.41141
1179620937.5,-38.39206
1179621093.75,-38.39052
1179621250.0,-38.38961
1179621406.25,-38.4036
1179621562.5,-38.39241
1179621718.75,-38.39832
1179621875.0,-38.38078
1179622031.25,-38.39263
1179622187.5,-38.38916
1179622343.75,-38.38994
1179622500.0,-38.38216
1179622656.25,-38.38692
1179622812.5,-38.37928
1179622968.75,-38.37147
1179623125.0,-38.38486
1179623281.25,-38.3845
1179623437.5,-38.37593
1179623593.75,-38.39473
1179623750.0,-38.37852
1179623906.25,-38.38091
1179624062.5,-38.37691
1179624218.75,-38.35772
1179624375.0,-38.3807
1179624531.25,-38.37816
1179624687.5,-38.35888
1179624843.75,-38.38337
1179625000.0,-38.37621
1179625156.25,-38.35407
1179625312.5,-38.36924
1179625468.75,-38.35545
1179625625.0,-38.3518
1179625781.25,-38.36139
1179625937.5,-38.37242
1179626093.75,-38.36178
1179626250.0,-38.36079
1179626406.25,-38.35995
1179626562.5,-38.35556
1179626718.75,-38.35339
1179626875.0,-38.35946
1179627031.25,-38.36478
1179627187.5,-38.35063
1179627343.75,-38.37019
1179627500.0,-38.36114
1179627656.25,-38.36023
1179627812.5,-38.35897
1179627968.75,-38.3565
1179628125.0,-38.34777
1179628281.25,-38.36341
1179628437.5,-38.35087
1179628593.75,-38.37034
1179628750.0,-38.35
1179628906.25,-38.35511
1179629062.5,-38.35217
1179629218.75,-38.34464
1179629375.0,-38.35139
1179629531.25,-38.35741
1179629687.5,-38.34239
1179629843.75,-38.34506
1179630000.0,-38.35189
1179630156.25,-38.35
1179630312.5,-38.34922
1179630468.75,-38.35502
1179630625.0,-38.34791
1179630781.25,-38.33706
1179630937.5,-38.34724
1179631093.75,-38.33457
1179631250.0,-38.33459
1179631406.25,-38.3265
1179631562.5,-38.33546
1179631718.75,-38.33534
1179631875.0,-38.33709
1179632031.25,-38.3367
1179632187.5,-38.34241
1179632343.75,-38.33674
1179632500.0,-38.34463
1179632656.25,-38.33131
1179632812.5,-38.33683
1179632968.75,-38.33104
1179633125.0,-38.33202
1179633281.25,-38.33566
1179633437.5,-38.32906
1179633593.75,-38.32892
1179633750.0,-38.31381
1179633906.25,-38.33357
1179634062.5,-38.31758
1179634218.75,-38.33628
1179634375.0,-38.32729
1179634531.25,-38.33843
1179634687.5,-38.32722
1179634843.75,-38.31913
1179635000.0,-38.31433
1179635156.25,-38.31004
1179635312.5,-38.32401
1179635468.75,-38.31906
1179635625.0,-38.32088
1179635781.25,-38.30893
1179635937.5,-38.32515
1179636093.75,-38.30659
1179636250.0,-38.32134
1179636406.25,-38.3123
1179636562.5,-38.3036
1179636718.75,-38.30321
1179636875.0,-38.30347
1179637031.25,-38.32303
1179637187.5,-38.29655
1179637343.75,-38.30718
1179637500.0,-38.30186
1179637656.25,-38.31586
1179637812.5,-38.30453
1179637968.75,-38.30863
1179638125.0,-38.30505
1179638281.25,-38.30679
1179638437.5,-38.3185
1179638593.75,-38.29379
1179638750.0,-38.30066
1179638906.25,-38.29761
1179639062.5,-38.30516
1179639218.75,-38.29246
1179639375.0,-38.30787
1179639531.25,-38.3048
1179639687.5,-38.2933
1179639843.75,-38.29323
1179640000.0,-38.31687
1179640156.25,-38.3023
1179640312.5,-38.29285
1179640468.75,-38.30293
1179640625.0,-38.28585
1179640781.25,-38.29759
1179640937.5,-38.28791
1179641093.75,-38.27951
1179641250.0,-38.28728
1179641406.25,-38.29372
1179641562.5,-38.2834
1179641718.75,-38.28431
1179641875.0,-38.29308
1179642031.25,-38.28693
1179642187.5,-38.28898
1179642343.75,-38.26735
1179642500.0,-38.28621
1179642656.25,-38.27673
1179642812.5,-38.28368
1179642968.75,-38.28444
1179643125.0,-38.25653
1179643281.25,-38.2686
1179643437.5,-38.27158
1179643593.75,-38.28423
1179643750.0,-38.28288
1179643906.25,-38.28144
1179644062.5,-38.26332
1179644218.75,-38.2759
1179644375.0,-38.28867
1179644531.25,-38.28487
1179644687.5,-38.28072
1179644843.75,-38.28162
1179645000.0,-38.27963
1179645156.25,-38.26705
1179645312.5,-38.26439
1179645468.75,-38.27114
1179645625.0,-38.25785
1179645781.25,-38.26197
1179645937.5,-38.26163
1179646093.75,-38.25876
1179646250.0,-38.24869
1179646406.25,-38.26574
1179646562.5,-38.26813
1179646718.75,-38.25003
1179646875.0,-38.25214
1179647031.25,-38.27805
1179647187.5,-38.25664
1179647343.75,-38.25902
1179647500.0,-38.26356
1179647656.25,-38.25339
1179647812.5,-38.24874
1179647968.75,-38.25462
1179648125.0,-38.24153
1179648281.25,-38.25689
1179648437.5,-38.25274
1179648593.75,-38.25603
1179648750.0,-38.25502
1179648906.25,-38.23893
1179649062.5,-38.25221
1179649218.75,-38.25046
1179649375.0,-38.24788
1179649531.25,-38.24224
1179649687.5,-38.24819
1179649843.75,-38.23283
1179650000.0,-38.25041
1179650156.25,-38.23696
1179650312.5,-38.25257
1179650468.75,-38.24603
1179650625.0,-38.24419
1179650781.25,-38.23962
1179650937.5,-38.24021
1179651093.75,-38.24873
1179651250.0,-38.23619
1179651406.25,-38.2413
1179651562.5,-38.2502
1179651718.75,-38.22461
1179651875.0,-38.24856
1179652031.25,-38.24079
1179652187.5,-38.24095
1179652343.75,-38.2381
1179652500.0,-38.22004
1179652656.25,-38.24293
1179652812.5,-38.23486
1179652968.75,-38.22816
1179653125.0,-38.23333
1179653281.25,-38.23258
1179653437.5,-38.231
1179653593.75,-38.23978
1179653750.0,-38.22046
1179653906.25,-38.21799
1179654062.5,-38.21558
1179654218.75,-38.22534
1179654375.0,-38.21682
1179654531.25,-38.21464
1179654687.5,-38.21703
1179654843.75,-38.22719
1179655000.0,-38.21784
1179655156.25,-38.20998
1179655312.5,-38.21198
1179655468.75,-38.20818
1179655625.0,-38.22931
1179655781.25,-38.20781
1179655937.5,-38.21611
1179656093.75,-38.21056
1179656250.0,-38.22821
1179656406.25,-38.19956
1179656562.5,-38.20826
1179656718.75,-38.22078
1179656875.0,-38.20082
1179657031.25,-38.21207
1179657187.5,-38.21149
1179657343.75,-38.20791
1179657500.0,-38.20075
1179657656.25,-38.20623
1179657812.5,-38.19672
1179657968.75,-38.2035
1179658125.0,-38.20236
1179658281.25,-38.18576
1179658437.5,-38.20614
1179658593.75,-38.20698
1179658750.0,-38.19016
1179658906.25,-38.19179
1179659062.5,-38.19843
1179659218.75,-38.19973
1179659375.0,-38.2023
1179659531.25,-38.19651
1179659687.5,-38.20222
1179659843.75,-38.19709
1179660000.0,-38.2029
1179660156.25,-38.19051
1179660312.5,-38.1875
1179660468.75,-38.1928
1179660625.0,-38.18913
1179660781.25,-38.18817
1179660937.5,-38.17859
1179661093.75,-38.19066
1179661250.0,-38.19948
1179661406.25,-38.18223
1179661562.5,-38.17476
1179661718.75,-38.17575
1179661875.0,-38.18474
1179662031.25,-38.19004
1179662187.5,-38.17321
1179662343.75,-38.17737
1179662500.0,-38.18444
1179662656.25,-38.16499
1179662812.5,-38.16723
1179662968.75,-38.18364
1179663125.0,-38.17752
1179663281.25,-38.17225
1179663437.5,-38.15768
1179663593.75,-38.1642
1179663750.0,-38.18541
1179663906.25,-38.16282
1179664062.5,-38.16539
1179664218.75,-38.15848
1179664375.0,-38.15787
1179664531.25,-38.17101
1179664687.5,-38.14945
1179664843.75,-38.16162
1179665000.0,-38.16119
1179665156.25,-38.15621
1179665312.5,-38.17663
1179665468.75,-38.15183
1179665625.0,-38.17166
1179665781.25,-38.16645
1179665937.5,-38.14872
1179666093.75,-38.17214
1179666250.0,-38.15134
1179666406.25,-38.16227
1179666562.5,-38.1629
1179666718.75,-38.16195
1179666875.0,-38.15853
1179667031.25,-38.16648
1179667187.5,-38.15827
1179667343.75,-38.17129
1179667500.0,-38.1577
1179667656.25,-38.14887
1179667812.5,-38.14154
1179667968.75,-38.15843
1179668125.0,-38.15558
1179668281.25,-38.15514
1179668437.5,-38.15151
1179668593.75,-38.14972
1179668750.0,-38.14511
1179668906.25,-38.13729
1179669062.5,-38.14734
1179669218.75,-38.14911
1179669375.0,-38.15445
1179669531.25,-38.14298
1179669687.5,-38.13737
1179669843.75,-38.1422
1179670000.0,-38.14093
1179670156.25,-38.15014
1179670312.5,-38.14035
1179670468.75,-38.14377
1179670625.0,-38.13232
1179670781.25,-38.14733
1179670937.5,-38.13633
1179671093.75,-38.14959
1179671250.0,-38.13459
1179671406.25,-38.11875
1179671562.5,-38.13163
1179671718.75,-38.1456
1179671875.0,-38.14729
1179672031.25,-38.13861
1179672187.5,-38.13844
1179672343.75,-38.13783
1179672500.0,-38.12664
1179672656.25,-38.1373
1179672812.5,-38.1138
1179672968.75,-38.11171
1179673125.0,-38.12254
1179673281.25,-38.1312
1179673437.5,-38.12683
1179673593.75,-38.12322
1179673750.0,-38.13861
1179673906.25,-38.12064
1179674062.5,-38.11014
1179674218.75,-38.10971
1179674375.0,-38.13168
1179674531.25,-38.12235
1179674687.5,-38.12461
1179674843.75,-38.10229
1179675000.0,-38.12111
1179675156.25,-38.12303
1179675312.5,-38.10852
1179675468.75,-38.117
1179675625.0,-38.11691
1179675781.25,-38.10265
1179675937.5,-38.1067
1179676093.75,-38.11427
1179676250.0,-38.11803
1179676406.25,-38.09898
1179676562.5,-38.10358
1179676718.75,-38.10608
1179676875.0,-38.11814
1179677031.25,-38.11467
1179677187.5,-38.10558
1179677343.75,-38.10284
1179677500.0,-38.09834
1179677656.25,-38.0981
1179677812.5,-38.09832
1179677968.75,-38.09797
1179678125.0,-38.09464
1179678281.25,-38.10259
1179678437.5,-38.09472
1179678593.75,-38.09424
1179678750.0,-38.10114
1179678906.25,-38.07657
1179679062.5,-38.08875
1179679218.75,-38.09164
1179679375.0,-38.0979
1179679531.25,-38.08277
1179679687.5,-38.07605
1179679843.75,-38.0773
1179680000.0,-38.07705
1179680156.25,-38.08415
1179680312.5,-38.07793
1179680468.75,-38.07077
1179680625.0,-38.09075
1179680781.25,-38.0904
1179680937.5,-38.08395
1179681093.75,-38.08044
1179681250.0,-38.07259
1179681406.25,-38.09505
1179681562.5,-38.08504
1179681718.75,-38.08855
1179681875.0,-38.07045
1179682031.25,-38.07079
1179682187.5,-38.06947
1179682343.75,-38.06672
1179682500.0,-38.07677
1179682656.25,-38.07397
1179682812.5,-38.0735
1179682968.75,-38.08395
1179683125.0,-38.0699
1179683281.25,-38.07261
1179683437.5,-38.07257
1179683593.75,-38.06173
1179683750.0,-38.05809
1179683906.25,-38.07048
1179684062.5,-38.06221
1179684218.75,-38.05793
1179684375.0,-38.06881
1179684531.25,-38.06621
1179684687.5,-38.05872
1179684843.75,-38.05383
1179685000.0,-38.06024
1179685156.25,-38.06804
1179685312.5,-38.05631
1179685468.75,-38.05259
1179685625.0,-38.04909
1179685781.25,-38.05454
1179685937.5,-38.0525
1179686093.75,-38.05845
1179686250.0,-38.05464
1179686406.25,-38.04609
1179686562.5,-38.06704
1179686718.75,-38.06457
1179686875.0,-38.05866
1179687031.25,-38.04213
1179687187.5,-38.04741
1179687343.75,-38.05387
1179687500.0,-38.04794
1179687656.25,-38.05062
1179687812.5,-38.05385
1179687968.75,-38.03247
1179688125.0,-38.04861
1179688281.25,-38.05057
1179688437.5,-38.04752
1179688593.75,-38.061
1179688750.0,-38.04168
1179688906.25,-38.03603
1179689062.5,-38.03059
1179689218.75,-38.03834
1179689375.0,-38.0363
1179689531.25,-38.04305
1179689687.5,-38.03837
1179689843.75,-38.04112
1179690000.0,-38.04083
1179690156.25,-38.02544
1179690312.5,-38.03645
1179690468.75,-38.04421
1179690625.0,-38.0311
1179690781.25,-38.02328
1179690937.5,-38.03117
1179691093.75,-38.03369
1179691250.0,-38.03625
1179691406.25,-38.04243
1179691562.5,-38.01584
1179691718.75,-38.0218
1179691875.0,-38.02947
1179692031.25,-38.01787
1179692187.5,-38.01222
1179692343.75,-38.02871
1179692500.0,-38.02432
1179692656.25,-38.01867
1179692812.5,-38.02957
1179692968.75,-38.02928
1179693125.0,-38.03079
1179693281.25,-38.02454
1179693437.5,-38.01467
1179693593.75,-38.0093
1179693750.0,-38.0127
1179693906.25,-38.0014
1179694062.5,-38.00489
1179694218.75,-38.01836
1179694375.0,-38.02733
1179694531.25,-38.01014
1179694687.5,-38.01418
1179694843.75,-38.00802
1179695000.0,-38.00913
1179695156.25,-38.0142
1179695312.5,-38.00941
1179695468.75,-37.99186
1179695625.0,-37.99973
1179695781.25,-37.99124
1179695937.5,-37.99389
1179696093.75,-37.99802
1179696250.0,-38.00195
1179696406.25,-38.0109
1179696562.5,-37.99607
1179696718.75,-37.99934
1179696875.0,-38.01693
1179697031.25,-37.99555
1179697187.5,-37.99483
1179697343.75,-37.99856
1179697500.0,-37.99993
1179697656.25,-37.99028
1179697812.5,-38.00579
1179697968.75,-37.9921
1179698125.0,-37.98686
1179698281.25,-37.99045
1179698437.5,-37.98871
1179698593.75,-37.99039
1179698750.0,-37.97964
1179698906.25,-37.99669
1179699062.5,-37.98439
1179699218.75,-37.99323
1179699375.0,-37.98655
1179699531.25,-37.98738
1179699687.5,-37.98051
1179699843.75,-37.98954
1179700000.0,-37.97125
1179700156.25,-37.97526
1179700312.5,-37.96428
1179700468.75,-37.97815
1179700625.0,-37.98896
1179700781.25,-37.97066
1179700937.5,-37.98379
1179701093.75,-37.97818
1179701250.0,-37.97197
1179701406.25,-37.96942
1179701562.5,-37.97421
1179701718.75,-37.97474
1179701875.0,-37.96982
1179702031.25,-37.96393
1179702187.5,-37.96962
1179702343.75,-37.959
1179702500.0,-37.95554
1179702656.25,-37.97052
1179702812.5,-37.95
1179702968.75,-37.94431
1179703125.0,-37.95929
1179703281.25,-37.96927
1179703437.5,-37.96014
1179703593.75,-37.96102
1179703750.0,-37.96129
1179703906.25,-37.94595
1179704062.5,-37.95052
1179704218.75,-37.95724
1179704375.0,-37.94764
1179704531.25,-37.96159
1179704687.5,-37.94621
1179704843.75,-37.96144
1179705000.0,-37.96187
1179705156.25,-37.94738
1179705312.5,-37.95204
1179705468.75,-37.94727
1179705625.0,-37.94592
1179705781.25,-37.94958
1179705937.5,-37.95493
1179706093.75,-37.94346
1179706250.0,-37.94975
1179706406.25,-37.93764
1179706562.5,-37.93339
1179706718.75,-37.94424
1179706875.0,-37.94779
1179707031.25,-37.94535
1179707187.5,-37.93018
1179707343.75,-37.94827
1179707500.0,-37.94144
1179707656.25,-37.93924
1179707812.5,-37.94897
1179707968.75,-37.93488
1179708125.0,-37.9484
1179708281.25,-37.9399
1179708437.5,-37.93496
1179708593.75,-37.93946
1179708750.0,-37.94052
1179708906.25,-37.93468
1179709062.5,-37.93522
1179709218.75,-37.92309
1179709375.0,-37.93691
1179709531.25,-37.93482
1179709687.5,-37.92846
1179709843.75,-37.92767
1179710000.0,-37.94296
1179710156.25,-37.92923
1179710312.5,-37.91502
1179710468.75,-37.92448
1179710625.0,-37.9181
1179710781.25,-37.92656
1179710937.5,-37.91766
1179711093.75,-37.92892
1179711250.0,-37.91557
1179711406.25,-37.92376
1179711562.5,-37.91515
1179711718.75,-37.90725
1179711875.0,-37.9066
1179712031.25,-37.92953
1179712187.5,-37.90563
1179712343.75,-37.91441
1179712500.0,-37.91318
1179712656.25,-37.91864
1179712812.5,-37.90632
1179712968.75,-37.91056
1179713125.0,-37.92489
1179713281.25,-37.9088
1179713437.5,-37.92038
1179713593.75,-37.91024
1179713750.0,-37.90718
1179713906.25,-37.91507
1179714062.5,-37.90194
1179714218.75,-37.91074
1179714375.0,-37.91533
1179714531.25,-37.91178
1179714687.5,-37.90114
1179714843.75,-37.89674
1179715000.0,-37.88649
1179715156.25,-37.89758
1179715312.5,-37.89694
1179715468.75,-37.90174
1179715625.0,-37.90349
1179715781.25,-37.91353
1179715937.5,-37.89489
1179716093.75,-37.90376
1179716250.0,-37.89429
1179716406.25,-37.90115
1179716562.5,-37.8972
1179716718.75,-37.8996
1179716875.0,-37.89171
1179717031.25,-37.88756
1179717187.5,-37.88828
1179717343.75,-37.89288
1179717500.0,-37.87252
1179717656.25,-37.87453
1179717812.5,-37.88974
1179717968.75,-37.87771
1179718125.0,-37.89677
1179718281.25,-37.88618
1179718437.5,-37.88659
1179718593.75,-37.87441
1179718750.0,-37.88707
1179718906.25,-37.87228
1179719062.5,-37.8796
1179719218.75,-37.8714
1179719375.0,-37.8744
1179719531.25,-37.87144
1179719687.5,-37.8759
1179719843.75,-37.88931
1179720000.0,-37.8713
1179720156.25,-37.86331
1179720312.5,-37.86153
1179720468.75,-37.85501
1179720625.0,-37.86369
1179720781.25,-37.85774
1179720937.5,-37.86259
1179721093.75,-37.85889
1179721250.0,-37.88176
1179721406.25,-37.86905
1179721562.5,-37.85896
1179721718.75,-37.86366
1179721875.0,-37.8681
1179722031.25,-37.84916
1179722187.5,-37.85173
1179722343.75,-37.85236
1179722500.0,-37.85714
1179722656.25,-37.84369
1179722812.5,-37.85237
1179722968.75,-37.8619
1179723125.0,-37.86034
1179723281.25,-37.84761
1179723437.5,-37.85567
1179723593.75,-37.85591
1179723750.0,-37.85537
1179723906.25,-37.84798
1179724062.5,-37.83809
1179724218.75,-37.84441
1179724375.0,-37.85689
1179724531.25,-37.85407
1179724687.5,-37.84228
1179724843.75,-37.84838
1179725000.0,-37.85126
1179725156.25,-37.84626
1179725312.5,-37.83466
1179725468.75,-37.84685
1179725625.0,-37.84246
1179725781.25,-37.84044
1179725937.5,-37.83993
1179726093.75,-37.84455
1179726250.0,-37.83092
1179726406.25,-37.84431
1179726562.5,-37.82869
1179726718.75,-37.83329
1179726875.0,-37.82629
1179727031.25,-37.83813
1179727187.5,-37.83248
1179727343.75,-37.82811
1179727500.0,-37.83366
1179727656.25,-37.83112
1179727812.5,-37.82968
1179727968.75,-37.82988
1179728125.0,-37.8217
1179728281.25,-37.81981
1179728437.5,-37.82808
1179728593.75,-37.83606
1179728750.0,-37.83313
1179728906.25,-37.83776
1179729062.5,-37.83181
1179729218.75,-37.83143
1179729375.0,-37.82133
1179729531.25,-37.81114
1179729687.5,-37.81294
1179729843.75,-37.83223
1179730000.0,-37.82405
1179730156.25,-37.82992
1179730312.5,-37.82658
1179730468.75,-37.80547
1179730625.0,-37.81557
1179730781.25,-37.80206
1179730937.5,-37.81664
1179731093.75,-37.81145
1179731250.0,-37.81775
1179731406.25,-37.79858
1179731562.5,-37.81093
1179731718.75,-37.79202
1179731875.0,-37.80037
1179732031.25,-37.81892
1179732187.5,-37.80203
1179732343.75,-37.81373
1179732500.0,-37.80752
1179732656.25,-37.81151
1179732812.5,-37.80089
1179732968.75,-37.80808
1179733125.0,-37.82005
1179733281.25,-37.81636
1179733437.5,-37.80833
1179733593.75,-37.78601
1179733750.0,-37.81459
1179733906.25,-37.80218
1179734062.5,-37.79807
1179734218.75,-37.78198
1179734375.0,-37.8003
1179734531.25,-37.79552
1179734687.5,-37.80136
1179734843.75,-37.7914
1179735000.0,-37.76779
1179735156.25,-37.78149
1179735312.5,-37.8007
1179735468.75,-37.79036
1179735625.0,-37.79255
1179735781.25,-37.79383
1179735937.5,-37.7862
1179736093.75,-37.78951
1179736250.0,-37.77928
1179736406.25,-37.78902
1179736562.5,-37.79228
1179736718.75,-37.78152
1179736875.0,-37.77503
1179737031.25,-37.78038
1179737187.5,-37.77415
1179737343.75,-37.77757
1179737500.0,-37.77944
1179737656.25,-37.78666
1179737812.5,-37.76982
1179737968.75,-37.77858
1179738125.0,-37.76825
1179738281.25,-37.78757
1179738437.5,-37.76719
1179738593.75,-37.77459
1179738750.0,-37.78129
1179738906.25,-37.77524
1179739062.5,-37.76612
1179739218.75,-37.76945
1179739375.0,-37.78006
1179739531.25,-37.77066
1179739687.5,-37.76462
1179739843.75,-37.75381
1179740000.0,-37.76493
1179740156.25,-37.76143
1179740312.5,-37.76052
1179740468.75,-37.75267
1179740625.0,-37.75526
1179740781.25,-37.76685
1179740937.5,-37.76005
1179741093.75,-37.75867
1179741250.0,-37.7509
1179741406.25,-37.75697
1179741562.5,-37.76115
1179741718.75,-37.74703
1179741875.0,-37.75165
1179742031.25,-37.75219
1179742187.5,-37.75148
1179742343.75,-37.74077
1179742500.0,-37.7545
1179742656.25,-37.7512
1179742812.5,-37.74407
1179742968.75,-37.73587
1179743125.0,-37.74371
1179743281.25,-37.75061
1179743437.5,-37.74464
1179743593.75,-37.75018
1179743750.0,-37.74659
1179743906.25,-37.74884
1179744062.5,-37.74235
1179744218.75,-37.73903
1179744375.0,-37.75185
1179744531.25,-37.75179
1179744687.5,-37.73179
1179744843.75,-37.74767
1179745000.0,-37.73597
1179745156.25,-37.74914
1179745312.5,-37.73833
1179745468.75,-37.7488
1179745625.0,-37.7291
1179745781.25,-37.72953
1179745937.5,-37.723
1179746093.75,-37.73518
1179746250.0,-37.7406
1179746406.25,-37.72497
1179746562.5,-37.72197
1179746718.75,-37.72451
1179746875.0,-37.72019
1179747031.25,-37.72393
1179747187.5,-37.71943
1179747343.75,-37.73056
1179747500.0,-37.72237
1179747656.25,-37.72982
1179747812.5,-37.72972
1179747968.75,-37.71582
1179748125.0,-37.71655
1179748281.25,-37.72414
1179748437.5,-37.72853
1179748593.75,-37.71955
1179748750.0,-37.71067
1179748906.25,-37.70749
1179749062.5,-37.71493
1179749218.75,-37.70847
1179749375.0,-37.71241
1179749531.25,-37.72809
1179749687.5,-37.7073
1179749843.75,-37.70558
1179750000.0,-37.7015
1179750156.25,-37.70633
1179750312.5,-37.70407
1179750468.75,-37.71081
1179750625.0,-37.70177
1179750781.25,-37.69952
1179750937.5,-37.7112
1179751093.75,-37.70545
1179751250.0,-37.70329
1179751406.25,-37.69872
1179751562.5,-37.7029
1179751718.75,-37.69322
1179751875.0,-37.69358
1179752031.25,-37.69439
1179752187.5,-37.7053
1179752343.75,-37.69213
1179752500.0,-37.7002
1179752656.25,-37.68546
1179752812.5,-37.68522
1179752968.75,-37.68451
1179753125.0,-37.69056
1179753281.25,-37.68221
1179753437.5,-37.6907
1179753593.75,-37.67876
1179753750.0,-37.69323
1179753906.25,-37.69724
1179754062.5,-37.68643
1179754218.75,-37.67514
1179754375.0,-37.673
1179754531.25,-37.68595
1179754687.5,-37.68613
1179754843.75,-37.68288
1179755000.0,-37.68476
1179755156.25,-37.67214
1179755312.5,-37.67307
1179755468.75,-37.6943
1179755625.0,-37.68159
1179755781.25,-37.68219
1179755937.5,-37.68128
1179756093.75,-37.68165
1179756250.0,-37.67592
1179756406.25,-37.66991
1179756562.5,-37.67532
1179756718.75,-37.668
1179756875.0,-37.67432
1179757031.25,-37.6697
1179757187.5,-37.67275
1179757343.75,-37.66458
1179757500.0,-37.69086
1179757656.25,-37.6837
1179757812.5,-37.67669
1179757968.75,-37.64893
1179758125.0,-37.67185
1179758281.25,-37.64532
1179758437.5,-37.67752
1179758593.75,-37.67456
1179758750.0,-37.65655
1179758906.25,-37.65716
1179759062.5,-37.64919
1179759218.75,-37.65678
1179759375.0,-37.66602
1179759531.25,-37.64682
1179759687.5,-37.65564
1179759843.75,-37.64301
1179760000.0,-37.64863
1179760156.25,-37.65005
1179760312.5,-37.65067
1179760468.75,-37.65205
1179760625.0,-37.63771
1179760781.25,-37.64746
1179760937.5,-37.66134
1179761093.75,-37.65594
1179761250.0,-37.64269
1179761406.25,-37.64635
1179761562.5,-37.64063
1179761718.75,-37.64352
1179761875.0,-37.63243
1179762031.25,-37.64374
1179762187.5,-37.64034
1179762343.75,-37.64183
1179762500.0,-37.63334
1179762656.25,-37.64044
1179762812.5,-37.6448
1179762968.75,-37.64309
1179763125.0,-37.63887
1179763281.25,-37.63208
1179763437.5,-37.6356
1179763593.75,-37.64004
1179763750.0,-37.62894
1179763906.25,-37.62934
1179764062.5,-37.63301
1179764218.75,-37.6254
1179764375.0,-37.6337
1179764531.25,-37.62914
1179764687.5,-37.63631
1179764843.75,-37.62718
1179765000.0,-37.63509
1179765156.25,-37.62913
1179765312.5,-37.63088
1179765468.75,-37.62088
1179765625.0,-37.61979
1179765781.25,-37.62367
1179765937.5,-37.62113
1179766093.75,-37.62944
1179766250.0,-37.6126
1179766406.25,-37.62068
1179766562.5,-37.61326
1179766718.75,-37.61377
1179766875.0,-37.61304
1179767031.25,-37.61144
1179767187.5,-37.61486
1179767343.75,-37.60968
1179767500.0,-37.61674
1179767656.25,-37.61974
1179767812.5,-37.61636
1179767968.75,-37.62258
1179768125.0,-37.60128
1179768281.25,-37.60381
1179768437.5,-37.60515
1179768593.75,-37.61282
1179768750.0,-37.61151
1179768906.25,-37.59349
1179769062.5,-37.60287
1179769218.75,-37.59749
1179769375.0,-37.59699
1179769531.25,-37.58917
1179769687.5,-37.60365
1179769843.75,-37.60709
1179770000.0,-37.58452
1179770156.25,-37.59698
1179770312.5,-37.59002
1179770468.75,-37.59152
1179770625.0,-37.60093
1179770781.25,-37.59709
1179770937.5,-37.61312
1179771093.75,-37.6003
1179771250.0,-37.60241
1179771406.25,-37.57832
1179771562.5,-37.58934
1179771718.75,-37.58799
1179771875.0,-37.59323
1179772031.25,-37.58293
1179772187.5,-37.57461
1179772343.75,-37.59152
1179772500.0,-37.58434
1179772656.25,-37.60231
1179772812.5,-37.57296
1179772968.75,-37.57508
1179773125.0,-37.57457
1179773281.25,-37.58001
1179773437.5,-37.56801
1179773593.75,-37.57322
1179773750.0,-37.58155
1179773906.25,-37.56931
1179774062.5,-37.57106
1179774218.75,-37.57494
1179774375.0,-37.58483
1179774531.25,-37.589
1179774687.5,-37.56997
1179774843.75,-37.56758
1179775000.0,-37.55843
1179775156.25,-37.58098
1179775312.5,-37.57558
1179775468.75,-37.56483
1179775625.0,-37.57137
1179775781.25,-37.54907
1179775937.5,-37.56638
1179776093.75,-37.56926
1179776250.0,-37.56488
1179776406.25,-37.57076
1179776562.5,-37.54725
1179776718.75,-37.55567
1179776875.0,-37.56907
1179777031.25,-37.55508
1179777187.5,-37.56506
1179777343.75,-37.55349
1179777500.0,-37.54459
1179777656.25,-37.55214
1179777812.5,-37.56088
1179777968.75,-37.55611
1179778125.0,-37.55524
1179778281.25,-37.5649
1179778437.5,-37.55353
1179778593.75,-37.54345
1179778750.0,-37.55698
1179778906.25,-37.54938
1179779062.5,-37.54003
1179779218.75,-37.5419
1179779375.0,-37.54089
1179779531.25,-37.55126
1179779687.5,-37.54185
1179779843.75,-37.55416
1179780000.0,-37.54336
1179780156.25,-37.54064
1179780312.5,-37.55489
1179780468.75,-37.53597
1179780625.0,-37.53191
1179780781.25,-37.53438
1179780937.5,-37.53308
1179781093.75,-37.53986
1179781250.0,-37.53627
1179781406.25,-37.53311
1179781562.5,-37.53281
1179781718.75,-37.52711
1179781875.0,-37.53645
1179782031.25,-37.53466
1179782187.5,-37.53301
1179782343.75,-37.52366
1179782500.0,-37.52274
1179782656.25,-37.52525
1179782812.5,-37.54983
1179782968.75,-37.5205
1179783125.0,-37.51761
1179783281.25,-37.52583
1179783437.5,-37.51705
1179783593.75,-37.52295
1179783750.0,-37.51894
1179783906.25,-37.51661
1179784062.5,-37.51151
1179784218.75,-37.5146
1179784375.0,-37.51196
1179784531.25,-37.51505
1179784687.5,-37.52307
1179784843.75,-37.51296
1179785000.0,-37.50429
1179785156.25,-37.51163
1179785312.5,-37.51103
1179785468.75,-37.51679
1179785625.0,-37.50832
1179785781.25,-37.51011
1179785937.5,-37.49688
1179786093.75,-37.51222
1179786250.0,-37.49947
1179786406.25,-37.50824
1179786562.5,-37.49411
1179786718.75,-37.51371
1179786875.0,-37.50939
1179787031.25,-37.50505
1179787187.5,-37.50076
1179787343.75,-37.49767
1179787500.0,-37.48543
1179787656.25,-37.49151
1179787812.5,-37.50217
1179787968.75,-37.49796
1179788125.0,-37.49622
1179788281.25,-37.49726
1179788437.5,-37.48816
1179788593.75,-37.49422
1179788750.0,-37.47616
1179788906.25,-37.49072
1179789062.5,-37.48376
1179789218.75,-37.49004
1179789375.0,-37.50453
1179789531.25,-37.50186
1179789687.5,-37.48574
1179789843.75,-37.48293
1179790000.0,-37.47953
1179790156.25,-37.47258
1179790312.5,-37.47944
1179790468.75,-37.47894
1179790625.0,-37.47557
1179790781.25,-37.46968
1179790937.5,-37.46248
1179791093.75,-37.47958
1179791250.0,-37.48691
1179791406.25,-37.47833
1179791562.5,-37.47438
1179791718.75,-37.47891
1179791875.0,-37.46925
1179792031.25,-37.46896
1179792187.5,-37.46811
1179792343.75,-37.47863
1179792500.0,-37.47586
1179792656.25,-37.47292
1179792812.5,-37.47126
1179792968.75,-37.46498
1179793125.0,-37.45864
1179793281.25,-37.47471
1179793437.5,-37.45991
1179793593.75,-37.46431
1179793750.0,-37.46573
1179793906.25,-37.45922
1179794062.5,-37.46185
1179794218.75,-37.45194
1179794375.0,-37.46004
1179794531.25,-37.45471
1179794687.5,-37.4484
1179794843.75,-37.46596
1179795000.0,-37.45595
1179795156.25,-37.45706
1179795312.5,-37.45201
1179795468.75,-37.44746
1179795625.0,-37.45216
1179795781.25,-37.44647
1179795937.5,-37.45368
1179796093.75,-37.44643
1179796250.0,-37.46696
1179796406.25,-37.43646
1179796562.5,-37.44828
1179796718.75,-37.44735
1179796875.0,-37.44837
1179797031.25,-37.45043
1179797187.5,-37.44408
1179797343.75,-37.45786
1179797500.0,-37.46616
1179797656.25,-37.44035
1179797812.5,-37.4459
1179797968.75,-37.44798
1179798125.0,-37.44441
1179798281.25,-37.44457
1179798437.5,-37.4349
1179798593.75,-37.43836
1179798750.0,-37.44246
1179798906.25,-37.4298
1179799062.5,-37.43678
1179799218.75,-37.43866
1179799375.0,-37.43044
1179799531.25,-37.43011
1179799687.5,-37.43983
1179799843.75,-37.43954
1179800000.0,-37.41293
1179800156.25,-37.4271
1179800312.5,-37.42853
1179800468.75,-37.42205
1179800625.0,-37.41851
1179800781.25,-37.41832
1179800937.5,-37.40921
1179801093.75,-37.43795
1179801250.0,-37.41588
1179801406.25,-37.41112
1179801562.5,-37.41373
1179801718.75,-37.41208
1179801875.0,-37.42187
1179802031.25,-37.41603
1179802187.5,-37.42209
1179802343.75,-37.41359
1179802500.0,-37.40364
1179802656.25,-37.42349
1179802812.5,-37.41125
1179802968.75,-37.41076
1179803125.0,-37.41498
1179803281.25,-37.41848
1179803437.5,-37.41062
1179803593.75,-37.39471
1179803750.0,-37.40497
1179803906.25,-37.3955
1179804062.5,-37.41857
1179804218.75,-37.40971
1179804375.0,-37.40807
1179804531.25,-37.40703
1179804687.5,-37.40153
1179804843.75,-37.40582
1179805000.0,-37.40088
1179805156.25,-37.38468
1179805312.5,-37.38857
1179805468.75,-37.3968
1179805625.0,-37.39061
1179805781.25,-37.40016
1179805937.5,-37.38945
1179806093.75,-37.40028
1179806250.0,-37.40044
1179806406.25,-37.38771
1179806562.5,-37.38899
1179806718.75,-37.38691
1179806875.0,-37.39928
1179807031.25,-37.38963
1179807187.5,-37.38942
1179807343.75,-37.39477
1179807500.0,-37.37263
1179807656.25,-37.37532
1179807812.5,-37.38522
1179807968.75,-37.38277
1179808125.0,-37.38672
1179808281.25,-37.38123
1179808437.5,-37.36729
1179808593.75,-37.37761
1179808750.0,-37.36996
1179808906.25,-37.39219
1179809062.5,-37.36289
1179809218.75,-37.38799
1179809375.0,-37.37337
1179809531.25,-37.36221
1179809687.5,-37.36424
1179809843.75,-37.38007
1179810000.0,-37.36522
1179810156.25,-37.3589
1179810312.5,-37.36611
1179810468.75,-37.37623
1179810625.0,-37.36074
1179810781.25,-37.36889
1179810937.5,-37.36307
1179811093.75,-37.36824
1179811250.0,-37.36878
1179811406.25,-37.35482
1179811562.5,-37.36201
1179811718.75,-37.35666
1179811875.0,-37.35884
1179812031.25,-37.35502
1179812187.5,-37.3649
1179812343.75,-37.3626
1179812500.0,-37.36147
1179812656.25,-37.35165
1179812812.5,-37.36812
1179812968.75,-37.34927
1179813125.0,-37.36415
1179813281.25,-37.3667
1179813437.5,-37.34734
1179813593.75,-37.35125
1179813750.0,-37.33495
1179813906.25,-37.35339
1179814062.5,-37.35485
1179814218.75,-37.34676
1179814375.0,-37.34696
1179814531.25,-37.3306
1179814687.5,-37.3374
1179814843.75,-37.3378
1179815000.0,-37.34272
1179815156.25,-37.34768
1179815312.5,-37.33542
1179815468.75,-37.34661
1179815625.0,-37.35099
1179815781.25,-37.34854
1179815937.5,-37.32674
1179816093.75,-37.30978
1179816250.0,-37.33839
1179816406.25,-37.34668
1179816562.5,-37.33321
1179816718.75,-37.3286
1179816875.0,-37.33643
1179817031.25,-37.336
1179817187.5,-37.33914
1179817343.75,-37.32576
1179817500.0,-37.33075
1179817656.25,-37.32572
1179817812.5,-37.33384
1179817968.75,-37.32724
1179818125.0,-37.3242
1179818281.25,-37.3294
1179818437.5,-37.31546
1179818593.75,-37.32652
1179818750.0,-37.33324
1179818906.25,-37.32388
1179819062.5,-37.31502
1179819218.75,-37.3238
1179819375.0,-37.32008
1179819531.25,-37.32174
1179819687.5,-37.31963
1179819843.75,-37.31786
1179820000.0,-37.31802
1179820156.25,-37.32358
1179820312.5,-37.30622
1179820468.75,-37.30843
1179820625.0,-37.29803
1179820781.25,-37.30486
1179820937.5,-37.32019
1179821093.75,-37.31508
1179821250.0,-37.30228
1179821406.25,-37.30856
1179821562.5,-37.30914
1179821718.75,-37.31366
1179821875.0,-37.29527
1179822031.25,-37.30152
1179822187.5,-37.30285
1179822343.75,-37.29937
1179822500.0,-37.28984
1179822656.25,-37.3109
1179822812.5,-37.29402
1179822968.75,-37.29351
1179823125.0,-37.30003
1179823281.25,-37.29518
1179823437.5,-37.30584
1179823593.75,-37.292
1179823750.0,-37.28579
1179823906.25,-37.2844
1179824062.5,-37.28531
1179824218.75,-37.28172
1179824375.0,-37.29463
1179824531.25,-37.2734
1179824687.5,-37.28986
1179824843.75,-37.28243
1179825000.0,-37.27745
1179825156.25,-37.29915
1179825312.5,-37.2797
1179825468.75,-37.28645
1179825625.0,-37.29759
1179825781.25,-37.26237
1179825937.5,-37.27045
1179826093.75,-37.27178
1179826250.0,-37.28731
1179826406.25,-37.27348
1179826562.5,-37.26877
1179826718.75,-37.26991
1179826875.0,-37.27814
1179827031.25,-37.28418
1179827187.5,-37.27957
1179827343.75,-37.26598
1179827500.0,-37.27676
1179827656.25,-37.27665
1179827812.5,-37.2739
1179827968.75,-37.28372
1179828125.0,-37.27384
1179828281.25,-37.278
1179828437.5,-37.25527
1179828593.75,-37.27539
1179828750.0,-37.25536
1179828906.25,-37.25356
1179829062.5,-37.26009
1179829218.75,-37.26338
1179829375.0,-37.26468
1179829531.25,-37.2728
1179829687.5,-37.2545
1179829843.75,-37.26727
1179830000.0,-37.2737
1179830156.25,-37.24823
1179830312.5,-37.25119
1179830468.75,-37.24564
1179830625.0,-37.24899
1179830781.25,-37.2601
1179830937.5,-37.2552
1179831093.75,-37.27691
1179831250.0,-37.24893
1179831406.25,-37.24216
1179831562.5,-37.23589
1179831718.75,-37.24808
1179831875.0,-37.24511
1179832031.25,-37.25206
1179832187.5,-37.24001
1179832343.75,-37.23775
1179832500.0,-37.24876
1179832656.25,-37.24341
1179832812.5,-37.24397
1179832968.75,-37.23913
1179833125.0,-37.24311
1179833281.25,-37.2407
1179833437.5,-37.231
1179833593.75,-37.237
1179833750.0,-37.23113
1179833906.25,-37.23866
1179834062.5,-37.24101
1179834218.75,-37.21427
1179834375.0,-37.22449
1179834531.25,-37.24076
1179834687.5,-37.23522
1179834843.75,-37.24773
1179835000.0,-37.22114
1179835156.25,-37.23625
1179835312.5,-37.22749
1179835468.75,-37.2348
1179835625.0,-37.22532
1179835781.25,-37.22233
1179835937.5,-37.22798
1179836093.75,-37.22906
1179836250.0,-37.20506
1179836406.25,-37.2164
1179836562.5,-37.20819
1179836718.75,-37.20607
1179836875.0,-37.20165
1179837031.25,-37.2303
1179837187.5,-37.21783
1179837343.75,-37.20978
1179837500.0,-37.21382
1179837656.25,-37.20047
1179837812.5,-37.20697
1179837968.75,-37.21502
1179838125.0,-37.21713
1179838281.25,-37.20905
1179838437.5,-37.20393
1179838593.75,-37.20668
1179838750.0,-37.20642
1179838906.25,-37.2126
1179839062.5,-37.2033
1179839218.75,-37.19618
1179839375.0,-37.19901
1179839531.25,-37.20111
1179839687.5,-37.21746
1179839843.75,-37.19379
1179840000.0,-37.19819
1179840156.25,-37.19949
1179840312.5,-37.19282
1179840468.75,-37.18803
1179840625.0,-37.19321
1179840781.25,-37.19143
1179840937.5,-37.18962
1179841093.75,-37.19106
1179841250.0,-37.19188
1179841406.25,-37.18674
1179841562.5,-37.18038
1179841718.75,-37.18235
1179841875.0,-37.19753
1179842031.25,-37.18726
1179842187.5,-37.17653
1179842343.75,-37.19436
1179842500.0,-37.17543
1179842656.25,-37.17339
1179842812.5,-37.1757
1179842968.75,-37.18254
1179843125.0,-37.18564
1179843281.25,-37.17236
1179843437.5,-37.16307
1179843593.75,-37.17355
1179843750.0,-37.17156
1179843906.25,-37.16688
1179844062.5,-37.18423
1179844218.75,-37.17522
1179844375.0,-37.16998
1179844531.25,-37.1715
1179844687.5,-37.16689
1179844843.75,-37.1771
1179845000.0,-37.16637
1179845156.25,-37.16817
1179845312.5,-37.17279
1179845468.75,-37.16538
1179845625.0,-37.16181
1179845781.25,-37.17493
1179845937.5,-37.16378
1179846093.75,-37.15792
1179846250.0,-37.1669
1179846406.25,-37.16837
1179846562.5,-37.14907
1179846718.75,-37.16181
1179846875.0,-37.1526
1179847031.25,-37.16581
1179847187.5,-37.15216
1179847343.75,-37.15927
1179847500.0,-37.15305
1179847656.25,-37.15971
1179847812.5,-37.15072
1179847968.75,-37.1458
1179848125.0,-37.15139
1179848281.25,-37.15734
1179848437.5,-37.14781
1179848593.75,-37.13425
1179848750.0,-37.14468
1179848906.25,-37.13926
1179849062.5,-37.15927
1179849218.75,-37.14996
1179849375.0,-37.14505
1179849531.25,-37.14378
1179849687.5,-37.14234
1179849843.75,-37.13269
1179850000.0,-37.12907
1179850156.25,-37.14937
1179850312.5,-37.13177
1179850468.75,-37.13919
1179850625.0,-37.14109
1179850781.25,-37.13124
1179850937.5,-37.13445
1179851093.75,-37.14193
1179851250.0,-37.13647
1179851406.25,-37.13928
1179851562.5,-37.12007
1179851718.75,-37.13533
1179851875.0,-37.13627
1179852031.25,-37.11958
1179852187.5,-37.14635
1179852343.75,-37.12622
1179852500.0,-37.11746
1179852656.25,-37.1303
1179852812.5,-37.13409
1179852968.75,-37.12371
1179853125.0,-37.12338
1179853281.25,-37.11908
1179853437.5,-37.11671
1179853593.75,-37.1096
1179853750.0,-37.11458
1179853906.25,-37.11669
1179854062.5,-37.10683
1179854218.75,-37.11932
1179854375.0,-37.12344
1179854531.25,-37.11617
1179854687.5,-37.11481
1179854843.75,-37.1076
1179855000.0,-37.11115
1179855156.25,-37.12867
1179855312.5,-37.11306
1179855468.75,-37.09848
1179855625.0,-37.10756
1179855781.25,-37.11286
1179855937.5,-37.10861
1179856093.75,-37.09443
1179856250.0,-37.10094
1179856406.25,-37.11053
1179856562.5,-37.10178
1179856718.75,-37.09156
1179856875.0,-37.11017
1179857031.25,-37.09142
1179857187.5,-37.09169
1179857343.75,-37.10983
1179857500.0,-37.09266
1179857656.25,-37.09522
1179857812.5,-37.08734
1179857968.75,-37.08533
1179858125.0,-37.09663
1179858281.25,-37.09131
1179858437.5,-37.08445
1179858593.75,-37.08615
1179858750.0,-37.08683
1179858906.25,-37.08244
1179859062.5,-37.08773
1179859218.75,-37.07212
1179859375.0,-37.09261
1179859531.25,-37.07841
1179859687.5,-37.08241
1179859843.75,-37.06877
1179860000.0,-37.08309
1179860156.25,-37.08081
1179860312.5,-37.06861
1179860468.75,-37.07467
1179860625.0,-37.07917
1179860781.25,-37.07662
1179860937.5,-37.07265
1179861093.75,-37.07476
1179861250.0,-37.07434
1179861406.25,-37.06076
1179861562.5,-37.07447
1179861718.75,-37.06336
1179861875.0,-37.07143
1179862031.25,-37.06022
1179862187.5,-37.06969
1179862343.75,-37.07391
1179862500.0,-37.06731
1179862656.25,-37.06318
1179862812.5,-37.06457
1179862968.75,-37.05873
1179863125.0,-37.0487
1179863281.25,-37.06234
1179863437.5,-37.05784
1179863593.75,-37.04852
1179863750.0,-37.07491
1179863906.25,-37.05666
1179864062.5,-37.05095
1179864218.75,-37.04786
1179864375.0,-37.06984
1179864531.25,-37.04441
1179864687.5,-37.04879
1179864843.75,-37.0508
1179865000.0,-37.05459
1179865156.25,-37.04489
1179865312.5,-37.03292
1179865468.75,-37.04325
1179865625.0,-37.04583
1179865781.25,-37.04574
1179865937.5,-37.03142
1179866093.75,-37.05002
1179866250.0,-37.0402
1179866406.25,-37.04906
1179866562.5,-37.05442
1179866718.75,-37.04332
1179866875.0,-37.03484
1179867031.25,-37.03449
1179867187.5,-37.02913
1179867343.75,-37.04786
1179867500.0,-37.03252
1179867656.25,-37.03538
1179867812.5,-37.01635
1179867968.75,-37.036
1179868125.0,-37.0225
1179868281.25,-37.0312
1179868437.5,-37.03633
1179868593.75,-37.02473
1179868750.0,-37.02804
1179868906.25,-37.02654
1179869062.5,-37.03947
1179869218.75,-37.02398
1179869375.0,-37.02623
1179869531.25,-37.02431
1179869687.5,-37.01868
1179869843.75,-37.02052
1179870000.0,-37.0224
1179870156.25,-37.02191
1179870312.5,-37.0192
1179870468.75,-37.02291
1179870625.0,-37.02155
1179870781.25,-37.01156
1179870937.5,-37.01918
1179871093.75,-37.0121
1179871250.0,-37.02122
1179871406.25,-37.01618
1179871562.5,-37.00005
1179871718.75,-37.00856
1179871875.0,-37.0005
1179872031.25,-37.0102
1179872187.5,-37.01502
1179872343.75,-37.01785
1179872500.0,-37.00826
1179872656.25,-37.00408
1179872812.5,-37.00035
1179872968.75,-36.99212
1179873125.0,-37.00076
1179873281.25,-37.00048
1179873437.5,-37.00555
1179873593.75,-37.00688
1179873750.0,-36.99546
1179873906.25,-36.9813
1179874062.5,-36.99683
1179874218.75,-36.99653
1179874375.0,-36.98583
1179874531.25,-36.98918
1179874687.5,-37.00205
1179874843.75,-36.99107
1179875000.0,-36.9842
1179875156.25,-37.00512
1179875312.5,-36.99145
1179875468.75,-36.99876
1179875625.0,-36.99761
1179875781.25,-36.97748
1179875937.5,-36.9871
1179876093.75,-36.97068
1179876250.0,-36.98346
1179876406.25,-36.98527
1179876562.5,-36.98001
1179876718.75,-36.98963
1179876875.0,-36.98109
1179877031.25,-36.98264
1179877187.5,-36.96709
1179877343.75,-36.9815
1179877500.0,-36.98132
1179877656.25,-36.97827
1179877812.5,-36.96551
1179877968.75,-36.97635
1179878125.0,-36.96873
1179878281.25,-36.97052
1179878437.5,-36.97189
1179878593.75,-36.97707
1179878750.0,-36.9734
1179878906.25,-36.9681
1179879062.5,-36.97125
1179879218.75,-36.96436
1179879375.0,-36.95799
1179879531.25,-36.9603
1179879687.5,-36.95846
1179879843.75,-36.95969
1179880000.0,-36.9586
1179880156.25,-36.95948
1179880312.5,-36.97629
1179880468.75,-36.9505
1179880625.0,-36.9594
1179880781.25,-36.95952
1179880937.5,-36.94946
1179881093.75,-36.95348
1179881250.0,-36.95155
1179881406.25,-36.95491
1179881562.5,-36.95151
1179881718.75,-36.95886
1179881875.0,-36.93666
1179882031.25,-36.95314
1179882187.5,-36.94303
1179882343.75,-36.93601
1179882500.0,-36.94996
1179882656.25,-36.93885
1179882812.5,-36.94647
1179882968.75,-36.95195
1179883125.0,-36.94164
1179883281.25,-36.94893
1179883437.5,-36.9316
1179883593.75,-36.94295
1179883750.0,-36.92911
1179883906.25,-36.92292
1179884062.5,-36.94914
1179884218.75,-36.92747
1179884375.0,-36.9493
1179884531.25,-36.93652
1179884687.5,-36.93839
1179884843.75,-36.93752
1179885000.0,-36.92198
1179885156.25,-36.92828
1179885312.5,-36.92823
1179885468.75,-36.91796
1179885625.0,-36.93559
1179885781.25,-36.92348
1179885937.5,-36.93651
1179886093.75,-36.92064
1179886250.0,-36.92938
1179886406.25,-36.92972
1179886562.5,-36.91928
1179886718.75,-36.92634
1179886875.0,-36.91177
1179887031.25,-36.91888
1179887187.5,-36.92362
1179887343.75,-36.91893
1179887500.0,-36.93005
1179887656.25,-36.92011
1179887812.5,-36.91307
1179887968.75,-36.91678
1179888125.0,-36.91601
1179888281.25,-36.91888
1179888437.5,-36.92136
1179888593.75,-36.90169
1179888750.0,-36.91729
1179888906.25,-36.9051
1179889062.5,-36.9071
1179889218.75,-36.91121
1179889375.0,-36.90215
1179889531.25,-36.92292
1179889687.5,-36.91343
1179889843.75,-36.89997
1179890000.0,-36.89431
1179890156.25,-36.91074
1179890312.5,-36.89829
1179890468.75,-36.88287
1179890625.0,-36.892
1179890781.25,-36.90115
1179890937.5,-36.89274
1179891093.75,-36.88948
1179891250.0,-36.89511
1179891406.25,-36.88703
1179891562.5,-36.89387
1179891718.75,-36.88609
1179891875.0,-36.88778
1179892031.25,-36.88303
1179892187.5,-36.878
1179892343.75,-36.88307
1179892500.0,-36.89638
1179892656.25,-36.88708
1179892812.5,-36.87804
1179892968.75,-36.87117
1179893125.0,-36.8775
1179893281.25,-36.8838
1179893437.5,-36.89058
1179893593.75,-36.87047
1179893750.0,-36.8765
1179893906.25,-36.86786
1179894062.5,-36.88533
1179894218.75,-36.86393
1179894375.0,-36.86609
1179894531.25,-36.87392
1179894687.5,-36.88903
1179894843.75,-36.86773
1179895000.0,-36.87074
1179895156.25,-36.85476
1179895312.5,-36.86916
1179895468.75,-36.85675
1179895625.0,-36.86201
1179895781.25,-36.86764
1179895937.5,-36.86517
1179896093.75,-36.86276
1179896250.0,-36.8573
1179896406.25,-36.86963
1179896562.5,-36.86133
1179896718.75,-36.85435
1179896875.0,-36.85768
1179897031.25,-36.85841
1179897187.5,-36.83689
1179897343.75,-36.85169
1179897500.0,-36.8624
1179897656.25,-36.85109
1179897812.5,-36.85595
1179897968.75,-36.85035
1179898125.0,-36.85002
1179898281.25,-36.84056
1179898437.5,-36.84425
1179898593.75,-36.8485
1179898750.0,-36.8517
1179898906.25,-36.8441
1179899062.5,-36.84791
1179899218.75,-36.84008
1179899375.0,-36.83399
1179899531.25,-36.84202
1179899687.5,-36.84736
1179899843.75,-36.83905
1179900000.0,-36.83432
1179900156.25,-36.84316
1179900312.5,-36.82877
1179900468.75,-36.83559
1179900625.0,-36.84814
1179900781.25,-36.82825
1179900937.5,-36.83064
1179901093.75,-36.83274
1179901250.0,-36.83475
1179901406.25,-36.833
1179901562.5,-36.83155
1179901718.75,-36.82048
1179901875.0,-36.83166
1179902031.25,-36.82408
1179902187.5,-36.8391
1179902343.75,-36.8102
1179902500.0,-36.82155
1179902656.25,-36.82531
1179902812.5,-36.84651
1179902968.75,-36.81483
1179903125.0,-36.82517
1179903281.25,-36.81616
1179903437.5,-36.82096
1179903593.75,-36.82203
1179903750.0,-36.81742
1179903906.25,-36.82445
1179904062.5,-36.82076
1179904218.75,-36.81607
1179904375.0,-36.79697
1179904531.25,-36.81802
1179904687.5,-36.8109
1179904843.75,-36.80964
1179905000.0,-36.81185
1179905156.25,-36.80375
1179905312.5,-36.80288
1179905468.75,-36.80016
1179905625.0,-36.80682
1179905781.25,-36.79385
1179905937.5,-36.80492
1179906093.75,-36.81752
1179906250.0,-36.81109
1179906406.25,-36.79314
1179906562.5,-36.80443
1179906718.75,-36.7916
1179906875.0,-36.7871
1179907031.25,-36.79304
1179907187.5,-36.79889
1179907343.75,-36.79122
1179907500.0,-36.81107
1179907656.25,-36.77956
1179907812.5,-36.78107
1179907968.75,-36.79331
1179908125.0,-36.80279
1179908281.25,-36.78061
1179908437.5,-36.79866
1179908593.75,-36.78445
1179908750.0,-36.80147
1179908906.25,-36.786
1179909062.5,-36.78183
1179909218.75,-36.77213
1179909375.0,-36.78245
1179909531.25,-36.77237
1179909687.5,-36.77597
1179909843.75,-36.7813
1179910000.0,-36.78531
1179910156.25,-36.78485
1179910312.5,-36.77868
1179910468.75,-36.78267
1179910625.0,-36.77776
1179910781.25,-36.77681
1179910937.5,-36.77653
1179911093.75,-36.76984
1179911250.0,-36.76145
1179911406.25,-36.77155
1179911562.5,-36.76757
1179911718.75,-36.75633
1179911875.0,-36.77234
1179912031.25,-36.76123
1179912187.5,-36.75586
1179912343.75,-36.76002
1179912500.0,-36.76557
1179912656.25,-36.75422
1179912812.5,-36.74897
1179912968.75,-36.75636
1179913125.0,-36.76696
1179913281.25,-36.75232
1179913437.5,-36.75761
1179913593.75,-36.76291
1179913750.0,-36.75744
1179913906.25,-36.7517
1179914062.5,-36.75999
1179914218.75,-36.74415
1179914375.0,-36.74873
1179914531.25,-36.74924
1179914687.5,-36.75323
1179914843.75,-36.75892
1179915000.0,-36.74263
1179915156.25,-36.75145
1179915312.5,-36.74889
1179915468.75,-36.74223
1179915625.0,-36.73802
1179915781.25,-36.74228
1179915937.5,-36.7389
1179916093.75,-36.74135
1179916250.0,-36.73729
1179916406.25,-36.7436
1179916562.5,-36.73129
1179916718.75,-36.72611
1179916875.0,-36.73696
1179917031.25,-36.72432
1179917187.5,-36.73293
1179917343.75,-36.74143
1179917500.0,-36.71626
1179917656.25,-36.72901
1179917812.5,-36.74074
1179917968.75,-36.709
1179918125.0,-36.74237
1179918281.25,-36.7313
1179918437.5,-36.72785
1179918593.75,-36.72016
1179918750.0,-36.71174
1179918906.25,-36.7211
1179919062.5,-36.71477
1179919218.75,-36.72786
1179919375.0,-36.72289
1179919531.25,-36.73875
1179919687.5,-36.71843
1179919843.75,-36.70599
1179920000.0,-36.72667
1179920156.25,-36.72194
1179920312.5,-36.71212
1179920468.75,-36.71646
1179920625.0,-36.71639
1179920781.25,-36.70555
1179920937.5,-36.71579
1179921093.75,-36.71085
1179921250.0,-36.70247
1179921406.25,-36.70719
1179921562.5,-36.70399
1179921718.75,-36.71242
1179921875.0,-36.70174
1179922031.25,-36.69376
1179922187.5,-36.70743
1179922343.75,-36.70288
1179922500.0,-36.70065
1179922656.25,-36.70066
1179922812.5,-36.70122
1179922968.75,-36.69825
1179923125.0,-36.69706
1179923281.25,-36.6996
1179923437.5,-36.68915
1179923593.75,-36.70094
1179923750.0,-36.6893
1179923906.25,-36.68795
1179924062.5,-36.69043
1179924218.75,-36.70893
1179924375.0,-36.68738
1179924531.25,-36.68951
1179924687.5,-36.68087
1179924843.75,-36.68911
1179925000.0,-36.68114
1179925156.25,-36.68284
1179925312.5,-36.67979
1179925468.75,-36.69704
1179925625.0,-36.66954
1179925781.25,-36.68871
1179925937.5,-36.68344
1179926093.75,-36.67252
1179926250.0,-36.67069
1179926406.25,-36.68821
1179926562.5,-36.67116
1179926718.75,-36.67566
1179926875.0,-36.68066
1179927031.25,-36.66816
1179927187.5,-36.67133
1179927343.75,-36.66958
1179927500.0,-36.66997
1179927656.25,-36.66523
1179927812.5,-36.66672
1179927968.75,-36.65719
1179928125.0,-36.65821
1179928281.25,-36.6553
1179928437.5,-36.66818
1179928593.75,-36.6699
1179928750.0,-36.66843
1179928906.25,-36.67067
1179929062.5,-36.65378
1179929218.75,-36.6546
1179929375.0,-36.65461
1179929531.25,-36.65958
1179929687.5,-36.65905
1179929843.75,-36.64961
1179930000.0,-36.65864
1179930156.25,-36.65055
1179930312.5,-36.65326
1179930468.75,-36.6501
1179930625.0,-36.64431
1179930781.25,-36.64227
1179930937.5,-36.66248
1179931093.75,-36.6531
1179931250.0,-36.65624
1179931406.25,-36.64254
1179931562.5,-36.64285
1179931718.75,-36.63579
1179931875.0,-36.6395
1179932031.25,-36.6389
1179932187.5,-36.65468
1179932343.75,-36.64106
1179932500.0,-36.64063
1179932656.25,-36.64051
1179932812.5,-36.62807
1179932968.75,-36.63567
1179933125.0,-36.63073
1179933281.25,-36.63654
1179933437.5,-36.6469
1179933593.75,-36.62996
1179933750.0,-36.6211
1179933906.25,-36.63069
1179934062.5,-36.63688
1179934218.75,-36.61947
1179934375.0,-36.6214
1179934531.25,-36.62459
1179934687.5,-36.63067
1179934843.75,-36.6263
1179935000.0,-36.62349
1179935156.25,-36.62815
1179935312.5,-36.62579
1179935468.75,-36.61712
1179935625.0,-36.61381
1179935781.25,-36.62681
1179935937.5,-36.61467
1179936093.75,-36.61819
1179936250.0,-36.61037
1179936406.25,-36.61244
1179936562.5,-36.61447
1179936718.75,-36.60662
1179936875.0,-36.61329
1179937031.25,-36.6045
1179937187.5,-36.6107
1179937343.75,-36.61333
1179937500.0,-36.60189
1179937656.25,-36.60839
1179937812.5,-36.60078
1179937968.75,-36.61967
1179938125.0,-36.60445
1179938281.25,-36.60175
1179938437.5,-36.59776
1179938593.75,-36.60849
1179938750.0,-36.6098
1179938906.25,-36.59156
1179939062.5,-36.60016
1179939218.75,-36.59819
1179939375.0,-36.59601
1179939531.25,-36.60117
1179939687.5,-36.59105
1179939843.75,-36.57691
1179940000.0,-36.5836
1179940156.25,-36.59327
1179940312.5,-36.59118
1179940468.75,-36.58988
1179940625.0,-36.59329
1179940781.25,-36.59532
1179940937.5,-36.57419
1179941093.75,-36.57887
1179941250.0,-36.58186
1179941406.25,-36.57827
1179941562.5,-36.58356
1179941718.75,-36.57278
1179941875.0,-36.57032
1179942031.25,-36.57497
1179942187.5,-36.58298
1179942343.75,-36.57636
1179942500.0,-36.5696
1179942656.25,-36.59454
1179942812.5,-36.58159
1179942968.75,-36.57993
1179943125.0,-36.58469
1179943281.25,-36.57038
1179943437.5,-36.57381
1179943593.75,-36.58431
1179943750.0,-36.57466
1179943906.25,-36.58319
1179944062.5,-36.55257
1179944218.75,-36.57202
1179944375.0,-36.5687
1179944531.25,-36.55781
1179944687.5,-36.55536
1179944843.75,-36.5616
1179945000.0,-36.5529
1179945156.25,-36.567
1179945312.5,-36.54885
1179945468.75,-36.55751
1179945625.0,-36.55269
1179945781.25,-36.55678
1179945937.5,-36.55821
1179946093.75,-36.55262
1179946250.0,-36.55272
1179946406.25,-36.55537
1179946562.5,-36.54204
1179946718.75,-36.53848
1179946875.0,-36.55123
1179947031.25,-36.54852
1179947187.5,-36.54663
1179947343.75,-36.55418
1179947500.0,-36.5483
1179947656.25,-36.53716
1179947812.5,-36.54362
1179947968.75,-36.5503
1179948125.0,-36.54732
1179948281.25,-36.52964
1179948437.5,-36.54161
1179948593.75,-36.52513
1179948750.0,-36.53569
1179948906.25,-36.52468
1179949062.5,-36.54518
1179949218.75,-36.53422
1179949375.0,-36.53493
1179949531.25,-36.53804
1179949687.5,-36.54119
1179949843.75,-36.52274
1179950000.0,-36.53652
1179950156.25,-36.52662
1179950312.5,-36.51719
1179950468.75,-36.53753
1179950625.0,-36.53654
1179950781.25,-36.52188
1179950937.5,-36.52331
1179951093.75,-36.51317
1179951250.0,-36.51355
1179951406.25,-36.51496
1179951562.5,-36.51981
1179951718.75,-36.51609
1179951875.0,-36.50817
1179952031.25,-36.51147
1179952187.5,-36.5115
1179952343.75,-36.51386
1179952500.0,-36.51365
1179952656.25,-36.5139
1179952812.5,-36.50781
1179952968.75,-36.51101
1179953125.0,-36.50928
1179953281.25,-36.5033
1179953437.5,-36.52286
1179953593.75,-36.4978
1179953750.0,-36.50277
1179953906.25,-36.50343
1179954062.5,-36.486
1179954218.75,-36.50967
1179954375.0,-36.50102
1179954531.25,-36.50774
1179954687.5,-36.49837
1179954843.75,-36.49796
1179955000.0,-36.5133
1179955156.25,-36.4904
1179955312.5,-36.48903
1179955468.75,-36.49841
1179955625.0,-36.49669
1179955781.25,-36.49825
1179955937.5,-36.4809
1179956093.75,-36.47956
1179956250.0,-36.49604
1179956406.25,-36.47642
1179956562.5,-36.48454
1179956718.75,-36.47766
1179956875.0,-36.4845
1179957031.25,-36.48492
1179957187.5,-36.47897
1179957343.75,-36.48771
1179957500.0,-36.48634
1179957656.25,-36.47465
1179957812.5,-36.48419
1179957968.75,-36.4771
1179958125.0,-36.47891
1179958281.25,-36.46633
1179958437.5,-36.47328
1179958593.75,-36.46519
1179958750.0,-36.45997
1179958906.25,-36.4587
1179959062.5,-36.47489
1179959218.75,-36.46928
1179959375.0,-36.47014
1179959531.25,-36.46671
1179959687.5,-36.47417
1179959843.75,-36.46696
1179960000.0,-36.46546
1179960156.25,-36.45395
1179960312.5,-36.4734
1179960468.75,-36.46076
1179960625.0,-36.46444
1179960781.25,-36.45111
1179960937.5,-36.45998
1179961093.75,-36.44923
1179961250.0,-36.47643
1179961406.25,-36.45508
1179961562.5,-36.45047
1179961718.75,-36.45964
1179961875.0,-36.45999
1179962031.25,-36.45153
1179962187.5,-36.45082
1179962343.75,-36.4511
1179962500.0,-36.44979
1179962656.25,-36.45554
1179962812.5,-36.43912
1179962968.75,-36.44989
1179963125.0,-36.4333
1179963281.25,-36.43485
1179963437.5,-36.43972
1179963593.75,-36.44824
1179963750.0,-36.45516
1179963906.25,-36.44138
1179964062.5,-36.43971
1179964218.75,-36.43368
1179964375.0,-36.43157
1179964531.25,-36.4346
1179964687.5,-36.4366
1179964843.75,-36.4367
1179965000.0,-36.43826
1179965156.25,-36.42406
1179965312.5,-36.42265
1179965468.75,-36.42464
1179965625.0,-36.42691
1179965781.25,-36.43285
1179965937.5,-36.42635
1179966093.75,-36.42885
1179966250.0,-36.44178
1179966406.25,-36.42418
1179966562.5,-36.41711
1179966718.75,-36.4258
1179966875.0,-36.42003
1179967031.25,-36.41019
1179967187.5,-36.4084
1179967343.75,-36.41793
1179967500.0,-36.4257
1179967656.25,-36.42131
1179967812.5,-36.42511
1179967968.75,-36.41288
1179968125.0,-36.41721
1179968281.25,-36.41949
1179968437.5,-36.42321
1179968593.75,-36.41068
1179968750.0,-36.41175
1179968906.25,-36.41285
1179969062.5,-36.41845
1179969218.75,-36.40667
1179969375.0,-36.39948
1179969531.25,-36.40172
1179969687.5,-36.40007
1179969843.75,-36.39757
1179970000.0,-36.40806
1179970156.25,-36.40035
1179970312.5,-36.397
1179970468.75,-36.40246
1179970625.0,-36.40633
1179970781.25,-36.40551
1179970937.5,-36.3925
1179971093.75,-36.39537
1179971250.0,-36.40079
1179971406.25,-36.38237
1179971562.5,-36.38863
1179971718.75,-36.38795
1179971875.0,-36.39388
1179972031.25,-36.39945
1179972187.5,-36.39019
1179972343.75,-36.37824
1179972500.0,-36.39341
1179972656.25,-36.37915
1179972812.5,-36.38359
1179972968.75,-36.38366
1179973125.0,-36.37105
1179973281.25,-36.37593
1179973437.5,-36.37754
1179973593.75,-36.37803
1179973750.0,-36.37071
1179973906.25,-36.38279
1179974062.5,-36.37516
1179974218.75,-36.37146
1179974375.0,-36.37243
1179974531.25,-36.36442
1179974687.5,-36.38984
1179974843.75,-36.36871
1179975000.0,-36.37401
1179975156.25,-36.37951
1179975312.5,-36.37191
1179975468.75,-36.36744
1179975625.0,-36.36363
1179975781.25,-36.35947
1179975937.5,-36.35868
1179976093.75,-36.37019
1179976250.0,-36.36887
1179976406.25,-36.35605
1179976562.5,-36.37296
1179976718.75,-36.36399
1179976875.0,-36.35403
1179977031.25,-36.35422
1179977187.5,-36.34974
1179977343.75,-36.35233
1179977500.0,-36.35693
1179977656.25,-36.3505
1179977812.5,-36.34624
1179977968.75,-36.35342
1179978125.0,-36.34801
1179978281.25,-36.34228
1179978437.5,-36.34785
1179978593.75,-36.3546
1179978750.0,-36.33884
1179978906.25,-36.34225
1179979062.5,-36.3339
1179979218.75,-36.33658
1179979375.0,-36.34306
1179979531.25,-36.34669
1179979687.5,-36.3513
1179979843.75,-36.34232
1179980000.0,-36.33501
1179980156.25,-36.332
1179980312.5,-36.32536
1179980468.75,-36.34123
1179980625.0,-36.32693
1179980781.25,-36.33806
1179980937.5,-36.33371
1179981093.75,-36.32811
1179981250.0,-36.32561
1179981406.25,-36.32384
1179981562.5,-36.33081
1179981718.75,-36.32758
1179981875.0,-36.32008
1179982031.25,-36.31559
1179982187.5,-36.32531
1179982343.75,-36.33852
1179982500.0,-36.30843
1179982656.25,-36.32114
1179982812.5,-36.31747
1179982968.75,-36.30582
1179983125.0,-36.3132
1179983281.25,-36.31243
1179983437.5,-36.32096
1179983593.75,-36.3132
1179983750.0,-36.31224
1179983906.25,-36.30849
1179984062.5,-36.31366
1179984218.75,-36.30925
1179984375.0,-36.30984
1179984531.25,-36.31206
1179984687.5,-36.31852
1179984843.75,-36.29848
1179985000.0,-36.30154
1179985156.25,-36.30981
1179985312.5,-36.29398
1179985468.75,-36.30019
1179985625.0,-36.29193
1179985781.25,-36.30087
1179985937.5,-36.28992
1179986093.75,-36.2934
1179986250.0,-36.29615
1179986406.25,-36.30444
1179986562.5,-36.30569
1179986718.75,-36.28492
1179986875.0,-36.29803
1179987031.25,-36.29209
1179987187.5,-36.2917
1179987343.75,-36.28373
1179987500.0,-36.2857
1179987656.25,-36.29163
1179987812.5,-36.29453
1179987968.75,-36.28323
1179988125.0,-36.28251
1179988281.25,-36.28821
1179988437.5,-36.28176
1179988593.75,-36.28193
1179988750.0,-36.28328
1179988906.25,-36.27813
1179989062.5,-36.28618
1179989218.75,-36.28391
1179989375.0,-36.27764
1179989531.25,-36.28056
1179989687.5,-36.2818
1179989843.75,-36.26358
1179990000.0,-36.26115
1179990156.25,-36.28285
1179990312.5,-36.26474
1179990468.75,-36.27217
1179990625.0,-36.27031
1179990781.25,-36.26263
1179990937.5,-36.26374
1179991093.75,-36.26343
1179991250.0,-36.26969
1179991406.25,-36.26162
1179991562.5,-36.25933
1179991718.75,-36.26962
1179991875.0,-36.25971
1179992031.25,-36.24988
1179992187.5,-36.25674
1179992343.75,-36.25167
1179992500.0,-36.25375
1179992656.25,-36.26067
1179992812.5,-36.24726
1179992968.75,-36.25117
1179993125.0,-36.25294
1179993281.25,-36.25053
1179993437.5,-36.24572
1179993593.75,-36.25055
1179993750.0,-36.25069
1179993906.25,-36.23918
1179994062.5,-36.24769
1179994218.75,-36.25084
1179994375.0,-36.23875
1179994531.25,-36.23005
1179994687.5,-36.23949
1179994843.75,-36.23695
1179995000.0,-36.24585
1179995156.25,-36.23199
1179995312.5,-36.23073
1179995468.75,-36.23155
1179995625.0,-36.23376
1179995781.25,-36.23653
1179995937.5,-36.23354
1179996093.75,-36.22769
1179996250.0,-36.22114
1179996406.25,-36.22791
1179996562.5,-36.22087
1179996718.75,-36.2239
1179996875.0,-36.24066
1179997031.25,-36.23542
1179997187.5,-36.21774
1179997343.75,-36.21737
1179997500.0,-36.21641
1179997656.25,-36.22839
1179997812.5,-36.22195
1179997968.75,-36.22051
1179998125.0,-36.21783
1179998281.25,-36.23647
1179998437.5,-36.21793
1179998593.75,-36.20995
1179998750.0,-36.20905
1179998906.25,-36.21249
1179999062.5,-36.21373
1179999218.75,-36.21756
1179999375.0,-36.21016
1179999531.25,-36.20503
1179999687.5,-36.20403
1179999843.75,-36.2065
1180000000.0,-36.21855
1180000156.25,-36.20439
1180000312.5,-36.19388
1180000468.75,-36.20224
1180000625.0,-36.20492
1180000781.25,-36.20131
1180000937.5,-36.20224
1180001093.75,-36.19842
1180001250.0,-36.19815
1180001406.25,-36.19302
1180001562.5,-36.20195
1180001718.75,-36.19116
1180001875.0,-36.18908
1180002031.25,-36.18846
1180002187.5,-36.18766
1180002343.75,-36.19209
1180002500.0,-36.18256
1180002656.25,-36.19592
1180002812.5,-36.17243
1180002968.75,-36.20085
1180003125.0,-36.1914
1180003281.25,-36.18397
1180003437.5,-36.19167
1180003593.75,-36.18513
1180003750.0,-36.18782
1180003906.25,-36.17286
1180004062.5,-36.18593
1180004218.75,-36.19244
1180004375.0,-36.19085
1180004531.25,-36.18771
1180004687.5,-36.17419
1180004843.75,-36.16905
1180005000.0,-36.17308
1180005156.25,-36.17933
1180005312.5,-36.1787
1180005468.75,-36.16843
1180005625.0,-36.15836
1180005781.25,-36.15945
1180005937.5,-36.17058
1180006093.75,-36.17748
1180006250.0,-36.1716
1180006406.25,-36.1709
1180006562.5,-36.17445
1180006718.75,-36.17158
1180006875.0,-36.16265
1180007031.25,-36.16705
1180007187.5,-36.16198
1180007343.75,-36.15146
1180007500.0,-36.15445
1180007656.25,-36.14493
1180007812.5,-36.15302
1180007968.75,-36.16322
1180008125.0,-36.15445
1180008281.25,-36.16082
1180008437.5,-36.14993
1180008593.75,-36.15231
1180008750.0,-36.14965
1180008906.25,-36.15956
1180009062.5,-36.15101
1180009218.75,-36.14319
1180009375.0,-36.14229
1180009531.25,-36.13686
1180009687.5,-36.14019
1180009843.75,-36.14389
1180010000.0,-36.13875
1180010156.25,-36.13789
1180010312.5,-36.13905
1180010468.75,-36.14915
1180010625.0,-36.13892
1180010781.25,-36.14899
1180010937.5,-36.13142
1180011093.75,-36.12669
1180011250.0,-36.13842
1180011406.25,-36.13488
1180011562.5,-36.13825
1180011718.75,-36.13066
1180011875.0,-36.13125
1180012031.25,-36.12298
1180012187.5,-36.12606
1180012343.75,-36.11826
1180012500.0,-36.12151
1180012656.25,-36.11316
1180012812.5,-36.11393
1180012968.75,-36.1281
1180013125.0,-36.12117
1180013281.25,-36.09719
1180013437.5,-36.1239
1180013593.75,-36.11872
1180013750.0,-36.11237
1180013906.25,-36.12649
1180014062.5,-36.10937
1180014218.75,-36.11159
1180014375.0,-36.10776
1180014531.25,-36.11098
1180014687.5,-36.11702
1180014843.75,-36.10986
1180015000.0,-36.09489
1180015156.25,-36.10561
1180015312.5,-36.09716
1180015468.75,-36.10565
1180015625.0,-36.1117
1180015781.25,-36.10335
1180015937.5,-36.10558
1180016093.75,-36.0986
1180016250.0,-36.1014
1180016406.25,-36.097
1180016562.5,-36.10626
1180016718.75,-36.0984
1180016875.0,-36.09208
1180017031.25,-36.11288
1180017187.5,-36.08464
1180017343.75,-36.09779
1180017500.0,-36.09156
1180017656.25,-36.08718
1180017812.5,-36.08821
1180017968.75,-36.08818
1180018125.0,-36.07888
1180018281.25,-36.09252
1180018437.5,-36.0848
1180018593.75,-36.08605
1180018750.0,-36.08027
1180018906.25,-36.07365
1180019062.5,-36.08609
1180019218.75,-36.0705
1180019375.0,-36.08471
1180019531.25,-36.07493
1180019687.5,-36.08863
1180019843.75,-36.06911
1180020000.0,-36.07083
1180020156.25,-36.06835
1180020312.5,-36.06398
1180020468.75,-36.06429
1180020625.0,-36.07075
1180020781.25,-36.06749
1180020937.5,-36.07065
1180021093.75,-36.07263
1180021250.0,-36.06884
1180021406.25,-36.06308
1180021562.5,-36.06927
1180021718.75,-36.07254
1180021875.0,-36.06397
1180022031.25,-36.0647
1180022187.5,-36.0658
1180022343.75,-36.06251
1180022500.0,-36.05857
1180022656.25,-36.04442
1180022812.5,-36.05386
1180022968.75,-36.05779
1180023125.0,-36.05253
1180023281.25,-36.05478
1180023437.5,-36.04902
1180023593.75,-36.04366
1180023750.0,-36.05198
1180023906.25,-36.05103
1180024062.5,-36.04863
1180024218.75,-36.03858
1180024375.0,-36.05326
1180024531.25,-36.03749
1180024687.5,-36.04242
1180024843.75,-36.04644
1180025000.0,-36.04252
1180025156.25,-36.02946
1180025312.5,-36.03889
1180025468.75,-36.04003
1180025625.0,-36.03809
1180025781.25,-36.03547
1180025937.5,-36.02999
1180026093.75,-36.03992
1180026250.0,-36.02492
1180026406.25,-36.03919
1180026562.5,-36.03291
1180026718.75,-36.03966
1180026875.0,-36.03101
1180027031.25,-36.02304
1180027187.5,-36.0223
1180027343.75,-36.02257
1180027500.0,-36.03191
1180027656.25,-36.02418
1180027812.5,-36.0246
1180027968.75,-36.02371
1180028125.0,-36.00316
1180028281.25,-36.00583
1180028437.5,-36.01802
1180028593.75,-36.02322
1180028750.0,-36.02321
1180028906.25,-36.0134
1180029062.5,-36.00817
1180029218.75,-36.01098
1180029375.0,-36.01152
1180029531.25,-36.00744
1180029687.5,-36.00747
1180029843.75,-36.01585
1180030000.0,-36.01916
1180030156.25,-35.99549
1180030312.5,-36.00393
1180030468.75,-36.01434
1180030625.0,-35.99352
1180030781.25,-36.00606
1180030937.5,-35.99798
1180031093.75,-36.00247
1180031250.0,-36.00447
1180031406.25,-35.98869
1180031562.5,-36.00663
1180031718.75,-35.99959
1180031875.0,-36.00452
1180032031.25,-35.99301
1180032187.5,-35.99671
1180032343.75,-35.98237
1180032500.0,-35.99918
1180032656.25,-35.99669
1180032812.5,-35.98138
1180032968.75,-35.99095
1180033125.0,-35.98856
1180033281.25,-35.9842
1180033437.5,-35.9805
1180033593.75,-35.98018
1180033750.0,-35.9911
1180033906.25,-35.98115
1180034062.5,-35.97901
1180034218.75,-35.98551
1180034375.0,-35.9704
1180034531.25,-35.97199
1180034687.5,-35.97837
1180034843.75,-35.97083
1180035000.0,-35.97578
1180035156.25,-35.96999
1180035312.5,-35.96866
1180035468.75,-35.96527
1180035625.0,-35.97419
1180035781.25,-35.96534
1180035937.5,-35.96269
1180036093.75,-35.97976
1180036250.0,-35.96937
1180036406.25,-35.95314
1180036562.5,-35.97258
1180036718.75,-35.96324
1180036875.0,-35.96336
1180037031.25,-35.97253
1180037187.5,-35.95568
1180037343.75,-35.95696
1180037500.0,-35.95324
1180037656.25,-35.95705
1180037812.5,-35.94382
1180037968.75,-35.95394
1180038125.0,-35.95798
1180038281.25,-35.95117
1180038437.5,-35.942
1180038593.75,-35.95028
1180038750.0,-35.94844
1180038906.25,-35.94692
1180039062.5,-35.94895
1180039218.75,-35.94995
1180039375.0,-35.94917
1180039531.25,-35.94331
1180039687.5,-35.93597
1180039843.75,-35.93441
1180040000.0,-35.93781
1180040156.25,-35.93912
1180040312.5,-35.9382
1180040468.75,-35.94017
1180040625.0,-35.93467
1180040781.25,-35.94674
1180040937.5,-35.92008
1180041093.75,-35.9426
1180041250.0,-35.92605
1180041406.25,-35.92626
1180041562.5,-35.92607
1180041718.75,-35.93776
1180041875.0,-35.92889
1180042031.25,-35.92959
1180042187.5,-35.92327
1180042343.75,-35.92872
1180042500.0,-35.91602
1180042656.25,-35.91302
1180042812.5,-35.92585
1180042968.75,-35.92912
1180043125.0,-35.92347
1180043281.25,-35.90758
1180043437.5,-35.91235
1180043593.75,-35.9206
1180043750.0,-35.91522
1180043906.25,-35.91441
1180044062.5,-35.91758
1180044218.75,-35.90786
1180044375.0,-35.90942
1180044531.25,-35.90976
1180044687.5,-35.90236
1180044843.75,-35.91912
1180045000.0,-35.91748
1180045156.25,-35.91138
1180045312.5,-35.91194
1180045468.75,-35.8998
1180045625.0,-35.90889
1180045781.25,-35.89574
1180045937.5,-35.89789
1180046093.75,-35.89553
1180046250.0,-35.89803
1180046406.25,-35.89808
1180046562.5,-35.89745
1180046718.75,-35.88728
1180046875.0,-35.90487
1180047031.25,-35.89747
1180047187.5,-35.89154
1180047343.75,-35.87755
1180047500.0,-35.87714
1180047656.25,-35.88596
1180047812.5,-35.89726
1180047968.75,-35.87863
1180048125.0,-35.88137
1180048281.25,-35.88852
1180048437.5,-35.883
1180048593.75,-35.88172
1180048750.0,-35.87868
1180048906.25,-35.8872
1180049062.5,-35.8774
1180049218.75,-35.87443
1180049375.0,-35.88224
1180049531.25,-35.87287
1180049687.5,-35.87031
1180049843.75,-35.87707
1180050000.0,-35.87225
1180050156.25,-35.86866
1180050312.5,-35.8703
1180050468.75,-35.86684
1180050625.0,-35.86854
1180050781.25,-35.8564
1180050937.5,-35.87574
1180051093.75,-35.87191
1180051250.0,-35.85666
1180051406.25,-35.86134
1180051562.5,-35.8554
1180051718.75,-35.85491
1180051875.0,-35.85414
1180052031.25,-35.86666
1180052187.5,-35.85228
1180052343.75,-35.86551
1180052500.0,-35.85199
1180052656.25,-35.85596
1180052812.5,-35.84802
1180052968.75,-35.85495
1180053125.0,-35.85224
1180053281.25,-35.85873
1180053437.5,-35.84972
1180053593.75,-35.8384
1180053750.0,-35.84863
1180053906.25,-35.83862
1180054062.5,-35.84475
1180054218.75,-35.84414
1180054375.0,-35.84124
1180054531.25,-35.85095
1180054687.5,-35.84179
1180054843.75,-35.84998
1180055000.0,-35.83208
1180055156.25,-35.82622
1180055312.5,-35.83717
1180055468.75,-35.84325
1180055625.0,-35.84012
1180055781.25,-35.83219
1180055937.5,-35.84019
1180056093.75,-35.83278
1180056250.0,-35.82529
1180056406.25,-35.8233
1180056562.5,-35.83018
1180056718.75,-35.8243
1180056875.0,-35.83496
1180057031.25,-35.83259
1180057187.5,-35.81816
1180057343.75,-35.82048
1180057500.0,-35.82825
1180057656.25,-35.82147
1180057812.5,-35.81107
1180057968.75,-35.81678
1180058125.0,-35.82256
1180058281.25,-35.81257
1180058437.5,-35.81832
1180058593.75,-35.80846
1180058750.0,-35.81528
1180058906.25,-35.79834
1180059062.5,-35.81172
1180059218.75,-35.81048
1180059375.0,-35.81369
1180059531.25,-35.81295
1180059687.5,-35.80194
1180059843.75,-35.80182
1180060000.0,-35.80925
1180060156.25,-35.80381
1180060312.5,-35.80207
1180060468.75,-35.79609
1180060625.0,-35.80333
1180060781.25,-35.79642
1180060937.5,-35.80515
1180061093.75,-35.79605
1180061250.0,-35.79611
1180061406.25,-35.79887
1180061562.5,-35.7975
1180061718.75,-35.78654
1180061875.0,-35.7919
1180062031.25,-35.78693
1180062187.5,-35.7945
1180062343.75,-35.78923
1180062500.0,-35.77956
1180062656.25,-35.77624
1180062812.5,-35.78764
1180062968.75,-35.78419
1180063125.0,-35.7703
1180063281.25,-35.7803
1180063437.5,-35.78217
1180063593.75,-35.77108
1180063750.0,-35.77987
1180063906.25,-35.77587
1180064062.5,-35.77127
1180064218.75,-35.77786
1180064375.0,-35.77514
1180064531.25,-35.77382
1180064687.5,-35.76709
1180064843.75,-35.77493
1180065000.0,-35.77167
1180065156.25,-35.78214
1180065312.5,-35.76512
1180065468.75,-35.76768
1180065625.0,-35.75933
1180065781.25,-35.78267
1180065937.5,-35.75755
1180066093.75,-35.75613
1180066250.0,-35.77081
1180066406.25,-35.75393
1180066562.5,-35.76168
1180066718.75,-35.75678
1180066875.0,-35.75184
1180067031.25,-35.76192
1180067187.5,-35.76459
1180067343.75,-35.76403
1180067500.0,-35.75091
1180067656.25,-35.75386
1180067812.5,-35.74757
1180067968.75,-35.75906
1180068125.0,-35.74054
1180068281.25,-35.74809
1180068437.5,-35.74453
1180068593.75,-35.73853
1180068750.0,-35.74653
1180068906.25,-35.74534
1180069062.5,-35.75203
1180069218.75,-35.74156
1180069375.0,-35.72754
1180069531.25,-35.75155
1180069687.5,-35.73007
1180069843.75,-35.73749
1180070000.0,-35.73867
1180070156.25,-35.73495
1180070312.5,-35.73132
1180070468.75,-35.74021
1180070625.0,-35.72288
1180070781.25,-35.72447
1180070937.5,-35.72314
1180071093.75,-35.72758
1180071250.0,-35.72747
1180071406.25,-35.73144
1180071562.5,-35.72749
1180071718.75,-35.71863
1180071875.0,-35.7202
1180072031.25,-35.71968
1180072187.5,-35.73116
1180072343.75,-35.71002
1180072500.0,-35.71629
1180072656.25,-35.71957
1180072812.5,-35.70624
1180072968.75,-35.70203
1180073125.0,-35.71988
1180073281.25,-35.71321
1180073437.5,-35.71547
1180073593.75,-35.71186
1180073750.0,-35.7154
1180073906.25,-35.70579
1180074062.5,-35.70662
1180074218.75,-35.70749
1180074375.0,-35.70209
1180074531.25,-35.70489
1180074687.5,-35.7084
1180074843.75,-35.70286
1180075000.0,-35.69751
1180075156.25,-35.7003
1180075312.5,-35.70177
1180075468.75,-35.69948
1180075625.0,-35.69347
1180075781.25,-35.69719
1180075937.5,-35.68954
1180076093.75,-35.69207
1180076250.0,-35.68107
1180076406.25,-35.69291
1180076562.5,-35.68701
1180076718.75,-35.69079
1180076875.0,-35.68512
1180077031.25,-35.68578
1180077187.5,-35.68585
1180077343.75,-35.6838
1180077500.0,-35.68243
1180077656.25,-35.68236
1180077812.5,-35.67654
1180077968.75,-35.68758
1180078125.0,-35.67517
1180078281.25,-35.67292
1180078437.5,-35.66781
1180078593.75,-35.67723
1180078750.0,-35.67465
1180078906.25,-35.672
1180079062.5,-35.66236
1180079218.75,-35.67283
1180079375.0,-35.66376
1180079531.25,-35.66971
1180079687.5,-35.65968
1180079843.75,-35.6638
1180080000.0,-35.657
1180080156.25,-35.6604
1180080312.5,-35.66267
1180080468.75,-35.66606
1180080625.0,-35.65577
1180080781.25,-35.65501
1180080937.5,-35.65698
1180081093.75,-35.6604
1180081250.0,-35.66589
1180081406.25,-35.66294
1180081562.5,-35.66239
1180081718.75,-35.6534
1180081875.0,-35.6433
1180082031.25,-35.64349
1180082187.5,-35.6428
1180082343.75,-35.64413
1180082500.0,-35.6539
1180082656.25,-35.65113
1180082812.5,-35.64144
1180082968.75,-35.64423
1180083125.0,-35.64415
1180083281.25,-35.64353
1180083437.5,-35.63988
1180083593.75,-35.64585
1180083750.0,-35.63792
1180083906.25,-35.63112
1180084062.5,-35.62682
1180084218.75,-35.64102
1180084375.0,-35.63822
1180084531.25,-35.62718
1180084687.5,-35.62968
1180084843.75,-35.6297
1180085000.0,-35.6232
1180085156.25,-35.6181
1180085312.5,-35.63133
1180085468.75,-35.62119
1180085625.0,-35.6163
1180085781.25,-35.6258
1180085937.5,-35.62722
1180086093.75,-35.624
1180086250.0,-35.61436
1180086406.25,-35.61556
1180086562.5,-35.6159
1180086718.75,-35.6177
1180086875.0,-35.61868
1180087031.25,-35.60965
1180087187.5,-35.60784
1180087343.75,-35.61763
1180087500.0,-35.61244
1180087656.25,-35.6218
1180087812.5,-35.61308
1180087968.75,-35.61211
1180088125.0,-35.60434
1180088281.25,-35.59603
1180088437.5,-35.61114
1180088593.75,-35.60888
1180088750.0,-35.59774
1180088906.25,-35.60512
1180089062.5,-35.59163
1180089218.75,-35.6021
1180089375.0,-35.6085
1180089531.25,-35.59958
1180089687.5,-35.59692
1180089843.75,-35.58793
1180090000.0,-35.58622
1180090156.25,-35.59447
1180090312.5,-35.60456
1180090468.75,-35.58651
1180090625.0,-35.59113
1180090781.25,-35.58914
1180090937.5,-35.59054
1180091093.75,-35.58583
1180091250.0,-35.58869
1180091406.25,-35.59218
1180091562.5,-35.58342
1180091718.75,-35.58231
1180091875.0,-35.58515
1180092031.25,-35.57655
1180092187.5,-35.58032
1180092343.75,-35.58125
1180092500.0,-35.57679
1180092656.25,-35.58101
1180092812.5,-35.57566
1180092968.75,-35.57633
1180093125.0,-35.57559
1180093281.25,-35.57803
1180093437.5,-35.57884
1180093593.75,-35.5743
1180093750.0,-35.58071
1180093906.25,-35.56586
1180094062.5,-35.5689
1180094218.75,-35.56747
1180094375.0,-35.57059
1180094531.25,-35.56606
1180094687.5,-35.56355
1180094843.75,-35.56143
1180095000.0,-35.56694
1180095156.25,-35.56015
1180095312.5,-35.56097
1180095468.75,-35.55566
1180095625.0,-35.55327
1180095781.25,-35.5522
1180095937.5,-35.54892
1180096093.75,-35.55088
1180096250.0,-35.55532
1180096406.25,-35.548
1180096562.5,-35.55599
1180096718.75,-35.55074
1180096875.0,-35.56179
1180097031.25,-35.53775
1180097187.5,-35.54197
1180097343.75,-35.54888
1180097500.0,-35.54582
1180097656.25,-35.54048
1180097812.5,-35.53619
1180097968.75,-35.53658
1180098125.0,-35.53885
1180098281.25,-35.53635
1180098437.5,-35.53716
1180098593.75,-35.53698
1180098750.0,-35.53684
1180098906.25,-35.52737
1180099062.5,-35.52643
1180099218.75,-35.5275
1180099375.0,-35.53682
1180099531.25,-35.52803
1180099687.5,-35.5263
1180099843.75,-35.50549
1180100000.0,-35.51479
1180100156.25,-35.52106
1180100312.5,-35.52029
1180100468.75,-35.52155
1180100625.0,-35.52973
1180100781.25,-35.51097
1180100937.5,-35.52258
1180101093.75,-35.51883
1180101250.0,-35.52031
1180101406.25,-35.51405
1180101562.5,-35.51433
1180101718.75,-35.50331
1180101875.0,-35.51413
1180102031.25,-35.51243
1180102187.5,-35.505
1180102343.75,-35.50946
1180102500.0,-35.50687
1180102656.25,-35.50403
1180102812.5,-35.50406
1180102968.75,-35.49579
1180103125.0,-35.50511
1180103281.25,-35.51239
1180103437.5,-35.50517
1180103593.75,-35.50665
1180103750.0,-35.49689
1180103906.25,-35.49945
1180104062.5,-35.50322
1180104218.75,-35.49358
1180104375.0,-35.49187
1180104531.25,-35.48841
1180104687.5,-35.49469
1180104843.75,-35.48311
1180105000.0,-35.49688
1180105156.25,-35.48976
1180105312.5,-35.47776
1180105468.75,-35.47396
1180105625.0,-35.48989
1180105781.25,-35.49628
1180105937.5,-35.48627
1180106093.75,-35.47935
1180106250.0,-35.47692
1180106406.25,-35.46396
1180106562.5,-35.47952
1180106718.75,-35.47677
1180106875.0,-35.47344
1180107031.25,-35.47558
1180107187.5,-35.47045
1180107343.75,-35.47163
1180107500.0,-35.47715
1180107656.25,-35.47166
1180107812.5,-35.47418
1180107968.75,-35.46533
1180108125.0,-35.4681
1180108281.25,-35.474
1180108437.5,-35.45354
1180108593.75,-35.46596
1180108750.0,-35.45882
1180108906.25,-35.47121
1180109062.5,-35.46173
1180109218.75,-35.45779
1180109375.0,-35.46289
1180109531.25,-35.4529
1180109687.5,-35.44685
1180109843.75,-35.45405
1180110000.0,-35.45292
1180110156.25,-35.45333
1180110312.5,-35.45468
1180110468.75,-35.44389
1180110625.0,-35.43818
1180110781.25,-35.45327
1180110937.5,-35.44101
1180111093.75,-35.43701
1180111250.0,-35.4551
1180111406.25,-35.44223
1180111562.5,-35.44536
1180111718.75,-35.44287
1180111875.0,-35.43573
1180112031.25,-35.43789
1180112187.5,-35.4385
1180112343.75,-35.42184
1180112500.0,-35.44357
1180112656.25,-35.43401
1180112812.5,-35.42669
1180112968.75,-35.4324
1180113125.0,-35.43094
1180113281.25,-35.43553
1180113437.5,-35.42636
1180113593.75,-35.42803
1180113750.0,-35.42253
1180113906.25,-35.41973
1180114062.5,-35.42177
1180114218.75,-35.42607
1180114375.0,-35.42794
1180114531.25,-35.42038
1180114687.5,-35.42298
1180114843.75,-35.42228
1180115000.0,-35.41922
1180115156.25,-35.41945
1180115312.5,-35.41187
1180115468.75,-35.41091
1180115625.0,-35.41135
1180115781.25,-35.41655
1180115937.5,-35.41259
1180116093.75,-35.40743
1180116250.0,-35.41642
1180116406.25,-35.41293
1180116562.5,-35.40886
1180116718.75,-35.39547
1180116875.0,-35.39832
1180117031.25,-35.39508
1180117187.5,-35.40038
1180117343.75,-35.39693
1180117500.0,-35.40013
1180117656.25,-35.41188
1180117812.5,-35.39247
1180117968.75,-35.40539
1180118125.0,-35.39362
1180118281.25,-35.39984
1180118437.5,-35.38917
1180118593.75,-35.38635
1180118750.0,-35.38866
1180118906.25,-35.39209
1180119062.5,-35.38713
1180119218.75,-35.38757
1180119375.0,-35.38336
1180119531.25,-35.38479
1180119687.5,-35.38533
1180119843.75,-35.38848
1180120000.0,-35.3878
1180120156.25,-35.38026
1180120312.5,-35.38153
1180120468.75,-35.38072
1180120625.0,-35.37334
1180120781.25,-35.37812
1180120937.5,-35.37194
1180121093.75,-35.37362
1180121250.0,-35.376
1180121406.25,-35.36591
1180121562.5,-35.35893
1180121718.75,-35.37585
1180121875.0,-35.37291
1180122031.25,-35.36193
1180122187.5,-35.37326
1180122343.75,-35.35569
1180122500.0,-35.36228
1180122656.25,-35.36219
1180122812.5,-35.36
1180122968.75,-35.35574
1180123125.0,-35.36525
1180123281.25,-35.37194
1180123437.5,-35.35972
1180123593.75,-35.35909
1180123750.0,-35.35196
1180123906.25,-35.34874
1180124062.5,-35.35852
1180124218.75,-35.34885
1180124375.0,-35.34217
1180124531.25,-35.34578
1180124687.5,-35.32721
1180124843.75,-35.34732
1180125000.0,-35.34724
1180125156.25,-35.34329
1180125312.5,-35.34082
1180125468.75,-35.34623
1180125625.0,-35.34572
1180125781.25,-35.3334
1180125937.5,-35.33496
1180126093.75,-35.32502
1180126250.0,-35.33647
1180126406.25,-35.32163
1180126562.5,-35.33589
1180126718.75,-35.33892
1180126875.0,-35.32553
1180127031.25,-35.32429
1180127187.5,-35.33709
1180127343.75,-35.33428
1180127500.0,-35.32256
1180127656.25,-35.32367
1180127812.5,-35.32408
1180127968.75,-35.31842
1180128125.0,-35.31943
1180128281.25,-35.31801
1180128437.5,-35.32091
1180128593.75,-35.32495
1180128750.0,-35.31136
1180128906.25,-35.31468
1180129062.5,-35.31679
1180129218.75,-35.31603
1180129375.0,-35.31184
1180129531.25,-35.30782
1180129687.5,-35.30548
1180129843.75,-35.30907
1180130000.0,-35.30111
1180130156.25,-35.30484
1180130312.5,-35.31383
1180130468.75,-35.3063
1180130625.0,-35.30309
1180130781.25,-35.29482
1180130937.5,-35.30288
1180131093.75,-35.29731
1180131250.0,-35.3003
1180131406.25,-35.29856
1180131562.5,-35.28796
1180131718.75,-35.29845
1180131875.0,-35.28729
1180132031.25,-35.29035
1180132187.5,-35.283
1180132343.75,-35.3014
1180132500.0,-35.2902
1180132656.25,-35.29507
1180132812.5,-35.28733
1180132968.75,-35.28431
1180133125.0,-35.28051
1180133281.25,-35.28263
1180133437.5,-35.2851
1180133593.75,-35.27899
1180133750.0,-35.27849
1180133906.25,-35.2772
1180134062.5,-35.28261
1180134218.75,-35.28072
1180134375.0,-35.27459
1180134531.25,-35.27424
1180134687.5,-35.26505
1180134843.75,-35.27456
1180135000.0,-35.26899
1180135156.25,-35.2643
1180135312.5,-35.25994
1180135468.75,-35.2654
1180135625.0,-35.27327
1180135781.25,-35.26674
1180135937.5,-35.26643
1180136093.75,-35.26772
1180136250.0,-35.2591
1180136406.25,-35.2591
1180136562.5,-35.26266
1180136718.75,-35.26255
1180136875.0,-35.25777
1180137031.25,-35.25924
1180137187.5,-35.25541
1180137343.75,-35.2501
1180137500.0,-35.25602
1180137656.25,-35.26009
1180137812.5,-35.24298
1180137968.75,-35.25175
1180138125.0,-35.25033
1180138281.25,-35.25056
1180138437.5,-35.25825
1180138593.75,-35.23902
1180138750.0,-35.23893
1180138906.25,-35.23534
1180139062.5,-35.23238
1180139218.75,-35.2431
1180139375.0,-35.24691
1180139531.25,-35.23998
1180139687.5,-35.23424
1180139843.75,-35.23883
1180140000.0,-35.23864
1180140156.25,-35.24079
1180140312.5,-35.23391
1180140468.75,-35.23593
1180140625.0,-35.23022
1180140781.25,-35.23392
1180140937.5,-35.22398
1180141093.75,-35.22582
1180141250.0,-35.22229
1180141406.25,-35.22648
1180141562.5,-35.22228
1180141718.75,-35.22127
1180141875.0,-35.22264
1180142031.25,-35.22674
1180142187.5,-35.21042
1180142343.75,-35.22762
1180142500.0,-35.22165
1180142656.25,-35.21803
1180142812.5,-35.21613
1180142968.75,-35.21385
1180143125.0,-35.21495
1180143281.25,-35.20698
1180143437.5,-35.20488
1180143593.75,-35.20155
1180143750.0,-35.20149
1180143906.25,-35.20685
1180144062.5,-35.19736
1180144218.75,-35.21338
1180144375.0,-35.20087
1180144531.25,-35.20069
1180144687.5,-35.19842
1180144843.75,-35.20613
1180145000.0,-35.19365
1180145156.25,-35.19879
1180145312.5,-35.19594
1180145468.75,-35.19011
1180145625.0,-35.18607
1180145781.25,-35.19044
1180145937.5,-35.2009
1180146093.75,-35.19165
1180146250.0,-35.18677
1180146406.25,-35.18235
1180146562.5,-35.18113
1180146718.75,-35.1844
1180146875.0,-35.1754
1180147031.25,-35.193
1180147187.5,-35.19096
1180147343.75,-35.18959
1180147500.0,-35.17531
1180147656.25,-35.17555
1180147812.5,-35.17099
1180147968.75,-35.17625
1180148125.0,-35.1722
1180148281.25,-35.1743
1180148437.5,-35.17575
1180148593.75,-35.1724
1180148750.0,-35.17152
1180148906.25,-35.16774
1180149062.5,-35.17188
1180149218.75,-35.16072
1180149375.0,-35.17039
1180149531.25,-35.16084
1180149687.5,-35.16587
1180149843.75,-35.1648
1180150000.0,-35.16695
1180150156.25,-35.15832
1180150312.5,-35.15825
1180150468.75,-35.16021
1180150625.0,-35.16252
1180150781.25,-35.15039
1180150937.5,-35.17039
1180151093.75,-35.14629
1180151250.0,-35.15467
1180151406.25,-35.1459
1180151562.5,-35.14655
1180151718.75,-35.15112
1180151875.0,-35.14745
1180152031.25,-35.15202
1180152187.5,-35.15661
1180152343.75,-35.13951
1180152500.0,-35.14782
1180152656.25,-35.14644
1180152812.5,-35.13794
1180152968.75,-35.1457
1180153125.0,-35.13635
1180153281.25,-35.1426
1180153437.5,-35.14357
1180153593.75,-35.12608
1180153750.0,-35.12944
1180153906.25,-35.13385
1180154062.5,-35.13002
1180154218.75,-35.13826
1180154375.0,-35.12542
1180154531.25,-35.12377
1180154687.5,-35.11168
1180154843.75,-35.12489
1180155000.0,-35.13348
1180155156.25,-35.12241
1180155312.5,-35.12589
1180155468.75,-35.12891
1180155625.0,-35.11697
1180155781.25,-35.1156
1180155937.5,-35.11523
1180156093.75,-35.11932
1180156250.0,-35.11818
1180156406.25,-35.11153
1180156562.5,-35.12126
1180156718.75,-35.1224
1180156875.0,-35.11494
1180157031.25,-35.11094
1180157187.5,-35.10646
1180157343.75,-35.10911
1180157500.0,-35.10423
1180157656.25,-35.1067
1180157812.5,-35.10929
1180157968.75,-35.11048
1180158125.0,-35.10973
1180158281.25,-35.09202
1180158437.5,-35.09816
1180158593.75,-35.10492
1180158750.0,-35.0995
1180158906.25,-35.10028
1180159062.5,-35.10884
1180159218.75,-35.0984
1180159375.0,-35.08958
1180159531.25,-35.09787
1180159687.5,-35.0911
1180159843.75,-35.09706
1180160000.0,-35.08053
1180160156.25,-35.07996
1180160312.5,-35.08286
1180160468.75,-35.08261
1180160625.0,-35.08726
1180160781.25,-35.08303
1180160937.5,-35.07294
1180161093.75,-35.08257
1180161250.0,-35.06861
1180161406.25,-35.0828
1180161562.5,-35.07393
1180161718.75,-35.07225
1180161875.0,-35.07177
1180162031.25,-35.0792
1180162187.5,-35.07066
1180162343.75,-35.07355
1180162500.0,-35.06778
1180162656.25,-35.0663
1180162812.5,-35.071
1180162968.75,-35.07012
1180163125.0,-35.05526
1180163281.25,-35.06366
1180163437.5,-35.06607
1180163593.75,-35.06665
1180163750.0,-35.05986
1180163906.25,-35.06081
1180164062.5,-35.05797
1180164218.75,-35.05856
1180164375.0,-35.05686
1180164531.25,-35.0484
1180164687.5,-35.05511
1180164843.75,-35.05283
1180165000.0,-35.04728
1180165156.25,-35.05688
1180165312.5,-35.04922
1180165468.75,-35.05215
1180165625.0,-35.04456
1180165781.25,-35.04611
1180165937.5,-35.04158
1180166093.75,-35.04208
1180166250.0,-35.04298
1180166406.25,-35.04606
1180166562.5,-35.03683
1180166718.75,-35.04645
1180166875.0,-35.04104
1180167031.25,-35.03843
1180167187.5,-35.03894
1180167343.75,-35.02695
1180167500.0,-35.03186
1180167656.25,-35.04055
1180167812.5,-35.02921
1180167968.75,-35.03974
1180168125.0,-35.02135
1180168281.25,-35.02572
1180168437.5,-35.03262
1180168593.75,-35.02171
1180168750.0,-35.01212
1180168906.25,-35.0264
1180169062.5,-35.02295
1180169218.75,-35.02408
1180169375.0,-35.01559
1180169531.25,-35.00731
1180169687.5,-35.01118
1180169843.75,-35.0195
1180170000.0,-35.01342
1180170156.25,-35.00886
1180170312.5,-35.01131
1180170468.75,-35.01172
1180170625.0,-35.00681
1180170781.25,-35.01061
1180170937.5,-35.00278
1180171093.75,-35.0052
1180171250.0,-35.00211
1180171406.25,-34.99807
1180171562.5,-35.00607
1180171718.75,-34.99683
1180171875.0,-35.01105
1180172031.25,-34.99081
1180172187.5,-34.98314
1180172343.75,-34.99955
1180172500.0,-34.99159
1180172656.25,-34.99036
1180172812.5,-34.98437
1180172968.75,-34.98462
1180173125.0,-35.00539
1180173281.25,-34.98697
1180173437.5,-34.98246
1180173593.75,-34.99382
1180173750.0,-34.98254
1180173906.25,-34.97712
1180174062.5,-34.97619
1180174218.75,-34.98479
1180174375.0,-34.97755
1180174531.25,-34.97649
1180174687.5,-34.97903
1180174843.75,-34.96949
1180175000.0,-34.97465
1180175156.25,-34.97614
1180175312.5,-34.97688
1180175468.75,-34.98243
1180175625.0,-34.96474
1180175781.25,-34.97005
1180175937.5,-34.9823
1180176093.75,-34.95986
1180176250.0,-34.96931
1180176406.25,-34.96743
1180176562.5,-34.94877
1180176718.75,-34.9726
1180176875.0,-34.96117
1180177031.25,-34.96302
1180177187.5,-34.96006
1180177343.75,-34.96443
1180177500.0,-34.95114
1180177656.25,-34.95525
1180177812.5,-34.95248
1180177968.75,-34.95398
1180178125.0,-34.94787
1180178281.25,-34.94876
1180178437.5,-34.94367
1180178593.75,-34.93981
1180178750.0,-34.94546
1180178906.25,-34.94804
1180179062.5,-34.9507
1180179218.75,-34.94547
1180179375.0,-34.93336
1180179531.25,-34.93905
1180179687.5,-34.93243
1180179843.75,-34.93541
1180180000.0,-34.93125
1180180156.25,-34.93875
1180180312.5,-34.92876
1180180468.75,-34.93174
1180180625.0,-34.93426
1180180781.25,-34.93061
1180180937.5,-34.93251
1180181093.75,-34.93086
1180181250.0,-34.91922
1180181406.25,-34.92499
1180181562.5,-34.91799
1180181718.75,-34.92163
1180181875.0,-34.92569
1180182031.25,-34.93379
1180182187.5,-34.91994
1180182343.75,-34.9088
1180182500.0,-34.90915
1180182656.25,-34.91621
1180182812.5,-34.91951
1180182968.75,-34.90987
1180183125.0,-34.9113
1180183281.25,-34.91795
1180183437.5,-34.90987
1180183593.75,-34.90741
1180183750.0,-34.91897
1180183906.25,-34.89941
1180184062.5,-34.89039
1180184218.75,-34.90315
1180184375.0,-34.90297
1180184531.25,-34.90343
1180184687.5,-34.89205
1180184843.75,-34.89069
1180185000.0,-34.89291
1180185156.25,-34.89927
1180185312.5,-34.901
1180185468.75,-34.89082
1180185625.0,-34.90703
1180185781.25,-34.8958
1180185937.5,-34.89008
1180186093.75,-34.88614
1180186250.0,-34.88689
1180186406.25,-34.89949
1180186562.5,-34.8896
1180186718.75,-34.89014
1180186875.0,-34.88074
1180187031.25,-34.8845
1180187187.5,-34.88889
1180187343.75,-34.88989
1180187500.0,-34.87646
1180187656.25,-34.88282
1180187812.5,-34.88358
1180187968.75,-34.88379
1180188125.0,-34.87643
1180188281.25,-34.8858
1180188437.5,-34.87559
1180188593.75,-34.86536
1180188750.0,-34.87087
1180188906.25,-34.87272
1180189062.5,-34.86562
1180189218.75,-34.8701
1180189375.0,-34.85484
1180189531.25,-34.85646
1180189687.5,-34.86287
1180189843.75,-34.85834
1180190000.0,-34.86
1180190156.25,-34.86314
1180190312.5,-34.8572
1180190468.75,-34.85389
1180190625.0,-34.85239
1180190781.25,-34.83851
1180190937.5,-34.84949
1180191093.75,-34.85259
1180191250.0,-34.8458
1180191406.25,-34.8485
1180191562.5,-34.83793
1180191718.75,-34.85373
1180191875.0,-34.84412
1180192031.25,-34.8405
1180192187.5,-34.84037
1180192343.75,-34.82857
1180192500.0,-34.83858
1180192656.25,-34.84653
1180192812.5,-34.83566
1180192968.75,-34.83543
1180193125.0,-34.83445
1180193281.25,-34.84219
1180193437.5,-34.82624
1180193593.75,-34.83808
1180193750.0,-34.83633
1180193906.25,-34.83216
1180194062.5,-34.8348
1180194218.75,-34.82716
1180194375.0,-34.82918
1180194531.25,-34.83171
1180194687.5,-34.82717
1180194843.75,-34.82397
1180195000.0,-34.82922
1180195156.25,-34.81673
1180195312.5,-34.82395
1180195468.75,-34.81744
1180195625.0,-34.81518
1180195781.25,-34.81259
1180195937.5,-34.8084
1180196093.75,-34.81755
1180196250.0,-34.82157
1180196406.25,-34.81279
1180196562.5,-34.81305
1180196718.75,-34.81103
1180196875.0,-34.80429
1180197031.25,-34.80887
1180197187.5,-34.80249
1180197343.75,-34.79643
1180197500.0,-34.80626
1180197656.25,-34.80623
1180197812.5,-34.79677
1180197968.75,-34.80708
1180198125.0,-34.80163
1180198281.25,-34.79056
1180198437.5,-34.8036
1180198593.75,-34.79988
1180198750.0,-34.80019
1180198906.25,-34.79089
1180199062.5,-34.79222
1180199218.75,-34.78497
1180199375.0,-34.79342
1180199531.25,-34.79284
1180199687.5,-34.78711
1180199843.75,-34.78895
1180200000.0,-34.78872
1180200156.25,-34.78867
1180200312.5,-34.77267
1180200468.75,-34.78331
1180200625.0,-34.77847
1180200781.25,-34.77389
1180200937.5,-34.77198
1180201093.75,-34.78118
1180201250.0,-34.76691
1180201406.25,-34.78046
1180201562.5,-34.76801
1180201718.75,-34.76956
1180201875.0,-34.76938
1180202031.25,-34.77504
1180202187.5,-34.76818
1180202343.75,-34.76628
1180202500.0,-34.74932
1180202656.25,-34.75291
1180202812.5,-34.76692
1180202968.75,-34.75144
1180203125.0,-34.76753
1180203281.25,-34.761
1180203437.5,-34.75463
1180203593.75,-34.76176
1180203750.0,-34.75517
1180203906.25,-34.76243
1180204062.5,-34.73857
1180204218.75,-34.75322
1180204375.0,-34.7473
1180204531.25,-34.75043
1180204687.5,-34.74141
1180204843.75,-34.74783
1180205000.0,-34.74381
1180205156.25,-34.74101
1180205312.5,-34.74265
1180205468.75,-34.73526
1180205625.0,-34.72522
1180205781.25,-34.73475
1180205937.5,-34.74561
1180206093.75,-34.72839
1180206250.0,-34.73145
1180206406.25,-34.72755
1180206562.5,-34.73004
1180206718.75,-34.72458
1180206875.0,-34.72175
1180207031.25,-34.73082
1180207187.5,-34.724
1180207343.75,-34.72747
1180207500.0,-34.73106
1180207656.25,-34.72527
1180207812.5,-34.72645
1180207968.75,-34.72154
1180208125.0,-34.72206
1180208281.25,-34.71868
1180208437.5,-34.72422
1180208593.75,-34.7205
1180208750.0,-34.71288
1180208906.25,-34.72768
1180209062.5,-34.72016
1180209218.75,-34.71663
1180209375.0,-34.70591
1180209531.25,-34.705
1180209687.5,-34.71427
1180209843.75,-34.71006
1180210000.0,-34.70636
1180210156.25,-34.69215
1180210312.5,-34.70656
1180210468.75,-34.701
1180210625.0,-34.69099
1180210781.25,-34.70621
1180210937.5,-34.69683
1180211093.75,-34.69912
1180211250.0,-34.7005
1180211406.25,-34.69663
1180211562.5,-34.69084
1180211718.75,-34.68796
1180211875.0,-34.68266
1180212031.25,-34.6844
1180212187.5,-34.69934
1180212343.75,-34.68408
1180212500.0,-34.69246
1180212656.25,-34.68679
1180212812.5,-34.69337
1180212968.75,-34.68839
1180213125.0,-34.69019
1180213281.25,-34.68099
1180213437.5,-34.68683
1180213593.75,-34.67698
1180213750.0,-34.68254
1180213906.25,-34.67916
1180214062.5,-34.67179
1180214218.75,-34.6749
1180214375.0,-34.66742
1180214531.25,-34.67383
1180214687.5,-34.67605
1180214843.75,-34.66925
1180215000.0,-34.66371
1180215156.25,-34.67023
1180215312.5,-34.66616
1180215468.75,-34.66542
1180215625.0,-34.66635
1180215781.25,-34.66291
1180215937.5,-34.65626
1180216093.75,-34.65986
1180216250.0,-34.64915
1180216406.25,-34.66502
1180216562.5,-34.66451
1180216718.75,-34.65029
1180216875.0,-34.65266
1180217031.25,-34.65461
1180217187.5,-34.64419
1180217343.75,-34.64878
1180217500.0,-34.65232
1180217656.25,-34.6417
1180217812.5,-34.6424
1180217968.75,-34.64847
1180218125.0,-34.64253
1180218281.25,-34.63826
1180218437.5,-34.63242
1180218593.75,-34.63976
1180218750.0,-34.64038
1180218906.25,-34.64035
1180219062.5,-34.63312
1180219218.75,-34.63375
1180219375.0,-34.64043
1180219531.25,-34.63779
1180219687.5,-34.62768
1180219843.75,-34.62627
1180220000.0,-34.6277
1180220156.25,-34.63223
1180220312.5,-34.63151
1180220468.75,-34.62971
1180220625.0,-34.62907
1180220781.25,-34.62716
1180220937.5,-34.6237
1180221093.75,-34.61784
1180221250.0,-34.61717
1180221406.25,-34.6133
1180221562.5,-34.60915
1180221718.75,-34.6111
1180221875.0,-34.61768
1180222031.25,-34.61543
1180222187.5,-34.60311
1180222343.75,-34.6147
1180222500.0,-34.60944
1180222656.25,-34.6133
1180222812.5,-34.60302
1180222968.75,-34.60877
1180223125.0,-34.61617
1180223281.25,-34.60139
1180223437.5,-34.59842
1180223593.75,-34.59645
1180223750.0,-34.60564
1180223906.25,-34.59405
1180224062.5,-34.59401
1180224218.75,-34.60162
1180224375.0,-34.58627
1180224531.25,-34.59395
1180224687.5,-34.59005
1180224843.75,-34.58899
1180225000.0,-34.58918
1180225156.25,-34.59287
1180225312.5,-34.58522
1180225468.75,-34.59109
1180225625.0,-34.58014
1180225781.25,-34.5799
1180225937.5,-34.58139
1180226093.75,-34.57505
1180226250.0,-34.58345
1180226406.25,-34.57028
1180226562.5,-34.58393
1180226718.75,-34.57666
1180226875.0,-34.57339
1180227031.25,-34.57245
1180227187.5,-34.57098
1180227343.75,-34.57507
1180227500.0,-34.57524
1180227656.25,-34.56441
1180227812.5,-34.57309
1180227968.75,-34.56712
1180228125.0,-34.57143
1180228281.25,-34.55709
1180228437.5,-34.55635
1180228593.75,-34.56287
1180228750.0,-34.55589
1180228906.25,-34.56024
1180229062.5,-34.55297
1180229218.75,-34.55702
1180229375.0,-34.55348
1180229531.25,-34.54905
1180229687.5,-34.55343
1180229843.75,-34.54755
1180230000.0,-34.54804
1180230156.25,-34.54193
1180230312.5,-34.54716
1180230468.75,-34.53043
1180230625.0,-34.54612
1180230781.25,-34.54324
1180230937.5,-34.54153
1180231093.75,-34.53505
1180231250.0,-34.53542
1180231406.25,-34.53616
1180231562.5,-34.5378
1180231718.75,-34.53434
1180231875.0,-34.53339
1180232031.25,-34.53434
1180232187.5,-34.52409
1180232343.75,-34.53775
1180232500.0,-34.52676
1180232656.25,-34.52878
1180232812.5,-34.52538
1180232968.75,-34.5249
1180233125.0,-34.52098
1180233281.25,-34.52175
1180233437.5,-34.52874
1180233593.75,-34.51025
1180233750.0,-34.51638
1180233906.25,-34.51119
1180234062.5,-34.51339
1180234218.75,-34.52246
1180234375.0,-34.51788
1180234531.25,-34.52189
1180234687.5,-34.50595
1180234843.75,-34.51437
1180235000.0,-34.50959
1180235156.25,-34.50185
1180235312.5,-34.50197
1180235468.75,-34.50904
1180235625.0,-34.51503
1180235781.25,-34.50987
1180235937.5,-34.49775
1180236093.75,-34.49892
1180236250.0,-34.50385
1180236406.25,-34.49796
1180236562.5,-34.49624
1180236718.75,-34.50577
1180236875.0,-34.48873
1180237031.25,-34.49398
1180237187.5,-34.4958
1180237343.75,-34.49763
1180237500.0,-34.48458
1180237656.25,-34.4887
1180237812.5,-34.47833
1180237968.75,-34.47194
1180238125.0,-34.48509
1180238281.25,-34.48956
1180238437.5,-34.48186
1180238593.75,-34.48198
1180238750.0,-34.47219
1180238906.25,-34.48364
1180239062.5,-34.46856
1180239218.75,-34.47834
1180239375.0,-34.47813
1180239531.25,-34.47028
1180239687.5,-34.47583
1180239843.75,-34.47158
1180240000.0,-34.47872
1180240156.25,-34.46954
1180240312.5,-34.46376
1180240468.75,-34.45924
1180240625.0,-34.46294
1180240781.25,-34.45707
1180240937.5,-34.46176
1180241093.75,-34.45647
1180241250.0,-34.45951
1180241406.25,-34.45181
1180241562.5,-34.45655
1180241718.75,-34.45847
1180241875.0,-34.4515
1180242031.25,-34.45694
1180242187.5,-34.45459
1180242343.75,-34.4519
1180242500.0,-34.45316
1180242656.25,-34.44334
1180242812.5,-34.44552
1180242968.75,-34.4428
1180243125.0,-34.43883
1180243281.25,-34.44251
1180243437.5,-34.45523
1180243593.75,-34.44349
1180243750.0,-34.43048
1180243906.25,-34.44154
1180244062.5,-34.43918
1180244218.75,-34.43715
1180244375.0,-34.43925
1180244531.25,-34.43623
1180244687.5,-34.43026
1180244843.75,-34.44068
1180245000.0,-34.4315
1180245156.25,-34.42707
1180245312.5,-34.42427
1180245468.75,-34.42044
1180245625.0,-34.43382
1180245781.25,-34.42743
1180245937.5,-34.42565
1180246093.75,-34.41517
1180246250.0,-34.41597
1180246406.25,-34.42047
1180246562.5,-34.42145
1180246718.75,-34.41154
1180246875.0,-34.41813
1180247031.25,-34.42201
1180247187.5,-34.40704
1180247343.75,-34.41197
1180247500.0,-34.40983
1180247656.25,-34.41817
1180247812.5,-34.40754
1180247968.75,-34.40155
1180248125.0,-34.41521
1180248281.25,-34.4129
1180248437.5,-34.39549
1180248593.75,-34.3985
1180248750.0,-34.40495
1180248906.25,-34.38993
1180249062.5,-34.38824
1180249218.75,-34.38768
1180249375.0,-34.39102
1180249531.25,-34.39141
1180249687.5,-34.39333
1180249843.75,-34.38581
1180250000.0,-34.39768
1180250156.25,-34.39053
1180250312.5,-34.38851
1180250468.75,-34.38562
1180250625.0,-34.38948
1180250781.25,-34.38348
1180250937.5,-34.39203
1180251093.75,-34.37476
1180251250.0,-34.3756
1180251406.25,-34.37835
1180251562.5,-34.37905
1180251718.75,-34.38072
1180251875.0,-34.37154
1180252031.25,-34.37557
1180252187.5,-34.36943
1180252343.75,-34.37141
1180252500.0,-34.36769
1180252656.25,-34.35603
1180252812.5,-34.36914
1180252968.75,-34.36282
1180253125.0,-34.36805
1180253281.25,-34.36578
1180253437.5,-34.36875
1180253593.75,-34.36641
1180253750.0,-34.35492
1180253906.25,-34.35657
1180254062.5,-34.35674
1180254218.75,-34.35096
1180254375.0,-34.35912
1180254531.25,-34.35012
1180254687.5,-34.34756
1180254843.75,-34.35186
1180255000.0,-34.3558
1180255156.25,-34.35074
1180255312.5,-34.34695
1180255468.75,-34.35678
1180255625.0,-34.33419
1180255781.25,-34.34108
1180255937.5,-34.34467
1180256093.75,-34.34845
1180256250.0,-34.33729
1180256406.25,-34.34761
1180256562.5,-34.33573
1180256718.75,-34.32469
1180256875.0,-34.33586
1180257031.25,-34.33656
1180257187.5,-34.33276
1180257343.75,-34.31998
1180257500.0,-34.33683
1180257656.25,-34.32556
1180257812.5,-34.32658
1180257968.75,-34.32877
1180258125.0,-34.32772
1180258281.25,-34.31138
1180258437.5,-34.32591
1180258593.75,-34.32497
1180258750.0,-34.31508
1180258906.25,-34.31265
1180259062.5,-34.31639
1180259218.75,-34.31791
1180259375.0,-34.3107
1180259531.25,-34.31229
1180259687.5,-34.30927
1180259843.75,-34.31249
1180260000.0,-34.30943
1180260156.25,-34.31012
1180260312.5,-34.29581
1180260468.75,-34.30314
1180260625.0,-34.30384
1180260781.25,-34.30575
1180260937.5,-34.30149
1180261093.75,-34.3027
1180261250.0,-34.30603
1180261406.25,-34.30392
1180261562.5,-34.29112
1180261718.75,-34.30199
1180261875.0,-34.28774
1180262031.25,-34.29759
1180262187.5,-34.28667
1180262343.75,-34.29229
1180262500.0,-34.28069
1180262656.25,-34.28515
1180262812.5,-34.28286
1180262968.75,-34.29011
1180263125.0,-34.28065
1180263281.25,-34.27922
1180263437.5,-34.27631
1180263593.75,-34.28313
1180263750.0,-34.27615
1180263906.25,-34.28126
1180264062.5,-34.27813
1180264218.75,-34.27686
1180264375.0,-34.26882
1180264531.25,-34.27253
1180264687.5,-34.27261
1180264843.75,-34.269
1180265000.0,-34.2569
1180265156.25,-34.26458
1180265312.5,-34.26391
1180265468.75,-34.2621
1180265625.0,-34.27026
1180265781.25,-34.26649
1180265937.5,-34.25859
1180266093.75,-34.26525
1180266250.0,-34.26112
1180266406.25,-34.25732
1180266562.5,-34.25623
1180266718.75,-34.25508
1180266875.0,-34.252
1180267031.25,-34.24922
1180267187.5,-34.24764
1180267343.75,-34.23941
1180267500.0,-34.23547
1180267656.25,-34.25069
1180267812.5,-34.24756
1180267968.75,-34.24663
1180268125.0,-34.25098
1180268281.25,-34.2367
1180268437.5,-34.23526
1180268593.75,-34.24778
1180268750.0,-34.23397
1180268906.25,-34.23423
1180269062.5,-34.23469
1180269218.75,-34.23637
1180269375.0,-34.22886
1180269531.25,-34.22089
1180269687.5,-34.22858
1180269843.75,-34.23234
1180270000.0,-34.22256
1180270156.25,-34.21798
1180270312.5,-34.22503
1180270468.75,-34.22451
1180270625.0,-34.2228
1180270781.25,-34.22521
1180270937.5,-34.22009
1180271093.75,-34.21646
1180271250.0,-34.21609
1180271406.25,-34.21966
1180271562.5,-34.21182
1180271718.75,-34.20739
1180271875.0,-34.21067
1180272031.25,-34.21078
1180272187.5,-34.22107
1180272343.75,-34.20086
1180272500.0,-34.20054
1180272656.25,-34.19614
1180272812.5,-34.19603
1180272968.75,-34.19615
1180273125.0,-34.20145
1180273281.25,-34.20696
1180273437.5,-34.1982
1180273593.75,-34.20008
1180273750.0,-34.19516
1180273906.25,-34.19811
1180274062.5,-34.19619
1180274218.75,-34.19106
1180274375.0,-34.1925
1180274531.25,-34.19133
1180274687.5,-34.18583
1180274843.75,-34.18688
1180275000.0,-34.18335
1180275156.25,-34.18483
1180275312.5,-34.17199
1180275468.75,-34.18251
1180275625.0,-34.17355
1180275781.25,-34.18227
1180275937.5,-34.17934
1180276093.75,-34.17618
1180276250.0,-34.17254
1180276406.25,-34.17608
1180276562.5,-34.17582
1180276718.75,-34.16757
1180276875.0,-34.17194
1180277031.25,-34.16545
1180277187.5,-34.16803
1180277343.75,-34.16929
1180277500.0,-34.16531
1180277656.25,-34.15279
1180277812.5,-34.15502
1180277968.75,-34.15353
1180278125.0,-34.1596
1180278281.25,-34.15947
1180278437.5,-34.1576
1180278593.75,-34.14849
1180278750.0,-34.16075
1180278906.25,-34.15328
1180279062.5,-34.15943
1180279218.75,-34.14969
1180279375.0,-34.15264
1180279531.25,-34.14246
1180279687.5,-34.14503
1180279843.75,-34.14805
1180280000.0,-34.14983
1180280156.25,-34.14668
1180280312.5,-34.13527
1180280468.75,-34.15218
1180280625.0,-34.13626
1180280781.25,-34.13734
1180280937.5,-34.13807
1180281093.75,-34.12949
1180281250.0,-34.13325
1180281406.25,-34.13033
1180281562.5,-34.13022
1180281718.75,-34.13474
1180281875.0,-34.12886
1180282031.25,-34.1148
1180282187.5,-34.1236
1180282343.75,-34.12583
1180282500.0,-34.12232
1180282656.25,-34.11654
1180282812.5,-34.11838
1180282968.75,-34.1188
1180283125.0,-34.1137
1180283281.25,-34.12637
1180283437.5,-34.1159
1180283593.75,-34.11032
1180283750.0,-34.11116
1180283906.25,-34.11501
1180284062.5,-34.10736
1180284218.75,-34.11315
1180284375.0,-34.11147
1180284531.25,-34.10046
1180284687.5,-34.10223
1180284843.75,-34.11164
1180285000.0,-34.10443
1180285156.25,-34.09708
1180285312.5,-34.09948
1180285468.75,-34.09384
1180285625.0,-34.10234
1180285781.25,-34.09218
1180285937.5,-34.09163
1180286093.75,-34.09498
1180286250.0,-34.0901
1180286406.25,-34.09604
1180286562.5,-34.09685
1180286718.75,-34.07884
1180286875.0,-34.08926
1180287031.25,-34.08651
1180287187.5,-34.0895
1180287343.75,-34.07754
1180287500.0,-34.07818
1180287656.25,-34.07507
1180287812.5,-34.08163
1180287968.75,-34.07646
1180288125.0,-34.07672
1180288281.25,-34.0671
1180288437.5,-34.0696
1180288593.75,-34.07116
1180288750.0,-34.07939
1180288906.25,-34.06494
1180289062.5,-34.074
1180289218.75,-34.06071
1180289375.0,-34.06084
1180289531.25,-34.06828
1180289687.5,-34.06431
1180289843.75,-34.0554
1180290000.0,-34.06477
1180290156.25,-34.06031
1180290312.5,-34.06298
1180290468.75,-34.05449
1180290625.0,-34.05025
1180290781.25,-34.04729
1180290937.5,-34.05265
1180291093.75,-34.05363
1180291250.0,-34.03924
1180291406.25,-34.04625
1180291562.5,-34.05074
1180291718.75,-34.04753
1180291875.0,-34.03986
1180292031.25,-34.03901
1180292187.5,-34.03862
1180292343.75,-34.03765
1180292500.0,-34.0409
1180292656.25,-34.04266
1180292812.5,-34.04042
1180292968.75,-34.02864
1180293125.0,-34.03067
1180293281.25,-34.02663
1180293437.5,-34.03369
1180293593.75,-34.02663
1180293750.0,-34.02805
1180293906.25,-34.02076
1180294062.5,-34.02339
1180294218.75,-34.02485
1180294375.0,-34.02975
1180294531.25,-34.02759
1180294687.5,-34.03418
1180294843.75,-34.01948
1180295000.0,-34.02211
1180295156.25,-34.01973
1180295312.5,-34.02153
1180295468.75,-34.01525
1180295625.0,-34.00471
1180295781.25,-34.01609
1180295937.5,-34.01799
1180296093.75,-34.00732
1180296250.0,-34.00725
1180296406.25,-34.00505
1180296562.5,-33.99998
1180296718.75,-34.00422
1180296875.0,-34.00443
1180297031.25,-34.0059
1180297187.5,-33.99968
1180297343.75,-33.99662
1180297500.0,-33.99588
1180297656.25,-33.99026
1180297812.5,-33.98695
1180297968.75,-33.98653
1180298125.0,-33.99397
1180298281.25,-33.98886
1180298437.5,-33.99744
1180298593.75,-33.98467
1180298750.0,-33.97796
1180298906.25,-33.98438
1180299062.5,-33.98053
1180299218.75,-33.97837
1180299375.0,-33.97747
1180299531.25,-33.98389
1180299687.5,-33.97879
1180299843.75,-33.97388
1180300000.0,-33.9752
1180300156.25,-33.96563
1180300312.5,-33.97588
1180300468.75,-33.96599
1180300625.0,-33.96659
1180300781.25,-33.9713
1180300937.5,-33.97085
1180301093.75,-33.95926
1180301250.0,-33.95864
1180301406.25,-33.96519
1180301562.5,-33.96145
1180301718.75,-33.96372
1180301875.0,-33.96138
1180302031.25,-33.96256
1180302187.5,-33.95422
1180302343.75,-33.95004
1180302500.0,-33.94633
1180302656.25,-33.94709
1180302812.5,-33.95795
1180302968.75,-33.9507
1180303125.0,-33.94411
1180303281.25,-33.94237
1180303437.5,-33.94217
1180303593.75,-33.94171
1180303750.0,-33.9402
1180303906.25,-33.93903
1180304062.5,-33.94659
1180304218.75,-33.93794
1180304375.0,-33.94897
1180304531.25,-33.93318
1180304687.5,-33.93689
1180304843.75,-33.93581
1180305000.0,-33.93975
1180305156.25,-33.9331
1180305312.5,-33.92507
1180305468.75,-33.92762
1180305625.0,-33.92669
1180305781.25,-33.92464
1180305937.5,-33.92083
1180306093.75,-33.92604
1180306250.0,-33.9225
1180306406.25,-33.92031
1180306562.5,-33.91629
1180306718.75,-33.9124
1180306875.0,-33.91508
1180307031.25,-33.91227
1180307187.5,-33.91116
1180307343.75,-33.90644
1180307500.0,-33.91276
1180307656.25,-33.91253
1180307812.5,-33.90515
1180307968.75,-33.9099
1180308125.0,-33.90653
1180308281.25,-33.90753
1180308437.5,-33.89793
1180308593.75,-33.90778
1180308750.0,-33.90132
1180308906.25,-33.8991
1180309062.5,-33.90069
1180309218.75,-33.90236
1180309375.0,-33.90153
1180309531.25,-33.88901
1180309687.5,-33.89919
1180309843.75,-33.89369
1180310000.0,-33.89511
1180310156.25,-33.8872
1180310312.5,-33.89288
1180310468.75,-33.88746
1180310625.0,-33.88868
1180310781.25,-33.88198
1180310937.5,-33.88384
1180311093.75,-33.87929
1180311250.0,-33.8805
1180311406.25,-33.8819
1180311562.5,-33.87825
1180311718.75,-33.87978
1180311875.0,-33.87299
1180312031.25,-33.87476
1180312187.5,-33.87116
1180312343.75,-33.8755
1180312500.0,-33.86571
1180312656.25,-33.86283
1180312812.5,-33.86713
1180312968.75,-33.8529
1180313125.0,-33.8714
1180313281.25,-33.8571
1180313437.5,-33.86213
1180313593.75,-33.84781
1180313750.0,-33.86193
1180313906.25,-33.86085
1180314062.5,-33.85463
1180314218.75,-33.85516
1180314375.0,-33.85135
1180314531.25,-33.84575
1180314687.5,-33.84546
1180314843.75,-33.85541
1180315000.0,-33.84251
1180315156.25,-33.84983
1180315312.5,-33.8425
1180315468.75,-33.8461
1180315625.0,-33.83978
1180315781.25,-33.84272
1180315937.5,-33.84183
1180316093.75,-33.83724
1180316250.0,-33.83707
1180316406.25,-33.8401
1180316562.5,-33.83271
1180316718.75,-33.83516
1180316875.0,-33.83325
1180317031.25,-33.83276
1180317187.5,-33.83235
1180317343.75,-33.82828
1180317500.0,-33.82902
1180317656.25,-33.81914
1180317812.5,-33.81873
1180317968.75,-33.81982
1180318125.0,-33.82157
1180318281.25,-33.82202
1180318437.5,-33.81566
1180318593.75,-33.81843
1180318750.0,-33.81975
1180318906.25,-33.81369
1180319062.5,-33.81247
1180319218.75,-33.81031
1180319375.0,-33.80919
1180319531.25,-33.80858
1180319687.5,-33.80872
1180319843.75,-33.80607
1180320000.0,-33.79589
1180320156.25,-33.80567
1180320312.5,-33.79102
1180320468.75,-33.79928
1180320625.0,-33.80223
1180320781.25,-33.80158
1180320937.5,-33.80278
1180321093.75,-33.79812
1180321250.0,-33.79291
1180321406.25,-33.78556
1180321562.5,-33.79676
1180321718.75,-33.79647
1180321875.0,-33.79129
1180322031.25,-33.79481
1180322187.5,-33.79477
1180322343.75,-33.77975
1180322500.0,-33.78278
1180322656.25,-33.77471
1180322812.5,-33.78065
1180322968.75,-33.78981
1180323125.0,-33.77316
1180323281.25,-33.7774
1180323437.5,-33.77776
1180323593.75,-33.76392
1180323750.0,-33.77666
1180323906.25,-33.77041
1180324062.5,-33.77999
1180324218.75,-33.76569
1180324375.0,-33.76217
1180324531.25,-33.77229
1180324687.5,-33.76497
1180324843.75,-33.76817
1180325000.0,-33.76485
1180325156.25,-33.75441
1180325312.5,-33.75851
1180325468.75,-33.75655
1180325625.0,-33.75446
1180325781.25,-33.76128
1180325937.5,-33.74917
1180326093.75,-33.75009
1180326250.0,-33.76201
1180326406.25,-33.75344
1180326562.5,-33.74102
1180326718.75,-33.74015
1180326875.0,-33.73233
1180327031.25,-33.74737
1180327187.5,-33.73386
1180327343.75,-33.7332
1180327500.0,-33.73797
1180327656.25,-33.7346
1180327812.5,-33.73585
1180327968.75,-33.74012
1180328125.0,-33.73817
1180328281.25,-33.73647
1180328437.5,-33.73273
1180328593.75,-33.7233
1180328750.0,-33.73749
1180328906.25,-33.73458
1180329062.5,-33.728
1180329218.75,-33.71807
1180329375.0,-33.73468
1180329531.25,-33.72554
1180329687.5,-33.71379
1180329843.75,-33.724
1180330000.0,-33.71856
1180330156.25,-33.71139
1180330312.5,-33.7169
1180330468.75,-33.7018
1180330625.0,-33.71115
1180330781.25,-33.70703
1180330937.5,-33.70901
1180331093.75,-33.70296
1180331250.0,-33.71074
1180331406.25,-33.70561
1180331562.5,-33.7057
1180331718.75,-33.70061
1180331875.0,-33.69365
1180332031.25,-33.69876
1180332187.5,-33.69665
1180332343.75,-33.69628
1180332500.0,-33.69493
1180332656.25,-33.70011
1180332812.5,-33.69431
1180332968.75,-33.68449
1180333125.0,-33.69248
1180333281.25,-33.69053
1180333437.5,-33.67804
1180333593.75,-33.68518
1180333750.0,-33.68653
1180333906.25,-33.69102
1180334062.5,-33.67905
1180334218.75,-33.67189
1180334375.0,-33.67783
1180334531.25,-33.67393
1180334687.5,-33.67732
1180334843.75,-33.66529
1180335000.0,-33.68383
1180335156.25,-33.6724
1180335312.5,-33.67111
1180335468.75,-33.6703
1180335625.0,-33.66886
1180335781.25,-33.66372
1180335937.5,-33.66914
1180336093.75,-33.668
1180336250.0,-33.65683
1180336406.25,-33.65665
1180336562.5,-33.66902
1180336718.75,-33.6589
1180336875.0,-33.65717
1180337031.25,-33.65415
1180337187.5,-33.66022
1180337343.75,-33.65974
1180337500.0,-33.6574
1180337656.25,-33.64916
1180337812.5,-33.64661
1180337968.75,-33.64298
1180338125.0,-33.64824
1180338281.25,-33.64655
1180338437.5,-33.64622
1180338593.75,-33.64092
1180338750.0,-33.63378
1180338906.25,-33.6434
1180339062.5,-33.63367
1180339218.75,-33.64001
1180339375.0,-33.64397
1180339531.25,-33.64156
1180339687.5,-33.63282
1180339843.75,-33.62961
1180340000.0,-33.62745
1180340156.25,-33.62906
1180340312.5,-33.62751
1180340468.75,-33.62963
1180340625.0,-33.62214
1180340781.25,-33.62725
1180340937.5,-33.6146
1180341093.75,-33.61959
1180341250.0,-33.62202
1180341406.25,-33.62481
1180341562.5,-33.61096
1180341718.75,-33.60733
1180341875.0,-33.61783
1180342031.25,-33.60737
1180342187.5,-33.61541
1180342343.75,-33.60748
1180342500.0,-33.60917
1180342656.25,-33.60345
1180342812.5,-33.60304
1180342968.75,-33.6069
1180343125.0,-33.59943
1180343281.25,-33.60651
1180343437.5,-33.60134
1180343593.75,-33.59512
1180343750.0,-33.58928
1180343906.25,-33.5939
1180344062.5,-33.59361
1180344218.75,-33.58946
1180344375.0,-33.59558
1180344531.25,-33.58699
1180344687.5,-33.59362
1180344843.75,-33.59313
1180345000.0,-33.58141
1180345156.25,-33.5835
1180345312.5,-33.58436
1180345468.75,-33.5718
1180345625.0,-33.57129
1180345781.25,-33.57687
1180345937.5,-33.573
1180346093.75,-33.57668
1180346250.0,-33.5726
1180346406.25,-33.57331
1180346562.5,-33.58057
1180346718.75,-33.58303
1180346875.0,-33.56264
1180347031.25,-33.56744
1180347187.5,-33.56355
1180347343.75,-33.55769
1180347500.0,-33.57219
1180347656.25,-33.55911
1180347812.5,-33.56523
1180347968.75,-33.5663
1180348125.0,-33.5649
1180348281.25,-33.56178
1180348437.5,-33.55442
1180348593.75,-33.55516
1180348750.0,-33.55567
1180348906.25,-33.54783
1180349062.5,-33.55418
1180349218.75,-33.55089
1180349375.0,-33.54344
1180349531.25,-33.54443
1180349687.5,-33.54243
1180349843.75,-33.5449
1180350000.0,-33.54372
1180350156.25,-33.54287
1180350312.5,-33.53878
1180350468.75,-33.53175
1180350625.0,-33.54035
1180350781.25,-33.52942
1180350937.5,-33.5246
1180351093.75,-33.53569
1180351250.0,-33.53104
1180351406.25,-33.53271
1180351562.5,-33.52439
1180351718.75,-33.52329
1180351875.0,-33.52554
1180352031.25,-33.52238
1180352187.5,-33.51999
1180352343.75,-33.52175
1180352500.0,-33.51706
1180352656.25,-33.51821
1180352812.5,-33.51622
1180352968.75,-33.51283
1180353125.0,-33.51246
1180353281.25,-33.51072
1180353437.5,-33.49627
1180353593.75,-33.51028
1180353750.0,-33.51303
1180353906.25,-33.508
1180354062.5,-33.50729
1180354218.75,-33.50464
1180354375.0,-33.50209
1180354531.25,-33.49873
1180354687.5,-33.50013
1180354843.75,-33.49508
1180355000.0,-33.48948
1180355156.25,-33.494
1180355312.5,-33.49459
1180355468.75,-33.49488
1180355625.0,-33.48795
1180355781.25,-33.48803
1180355937.5,-33.48829
1180356093.75,-33.48215
1180356250.0,-33.48922
1180356406.25,-33.48437
1180356562.5,-33.48038
1180356718.75,-33.48062
1180356875.0,-33.4786
1180357031.25,-33.47689
1180357187.5,-33.47082
1180357343.75,-33.4642
1180357500.0,-33.47229
1180357656.25,-33.47159
1180357812.5,-33.46365
1180357968.75,-33.47702
1180358125.0,-33.47789
1180358281.25,-33.47206
1180358437.5,-33.46819
1180358593.75,-33.45629
1180358750.0,-33.46278
1180358906.25,-33.46519
1180359062.5,-33.45631
1180359218.75,-33.45634
1180359375.0,-33.45225
1180359531.25,-33.45113
1180359687.5,-33.45856
1180359843.75,-33.45287
1180360000.0,-33.4489
1180360156.25,-33.44634
1180360312.5,-33.44998
1180360468.75,-33.44658
1180360625.0,-33.43875
1180360781.25,-33.44605
1180360937.5,-33.45139
1180361093.75,-33.44241
1180361250.0,-33.44522
1180361406.25,-33.44459
1180361562.5,-33.4431
1180361718.75,-33.42812
1180361875.0,-33.43505
1180362031.25,-33.42482
1180362187.5,-33.4351
1180362343.75,-33.43345
1180362500.0,-33.42906
1180362656.25,-33.43607
1180362812.5,-33.42507
1180362968.75,-33.4342
1180363125.0,-33.42988
1180363281.25,-33.41322
1180363437.5,-33.42415
1180363593.75,-33.41906
1180363750.0,-33.41706
1180363906.25,-33.4139
1180364062.5,-33.42101
1180364218.75,-33.4017
1180364375.0,-33.40913
1180364531.25,-33.41631
1180364687.5,-33.40256
1180364843.75,-33.40269
1180365000.0,-33.4039
1180365156.25,-33.40412
1180365312.5,-33.4066
1180365468.75,-33.40359
1180365625.0,-33.39613
1180365781.25,-33.3907
1180365937.5,-33.40617
1180366093.75,-33.40005
1180366250.0,-33.39319
1180366406.25,-33.39568
1180366562.5,-33.39195
1180366718.75,-33.39299
1180366875.0,-33.40233
1180367031.25,-33.3847
1180367187.5,-33.38681
1180367343.75,-33.38005
1180367500.0,-33.38652
1180367656.25,-33.37978
1180367812.5,-33.37435
1180367968.75,-33.37599
1180368125.0,-33.38143
1180368281.25,-33.37471
1180368437.5,-33.36758
1180368593.75,-33.37305
1180368750.0,-33.37455
1180368906.25,-33.35656
1180369062.5,-33.36091
1180369218.75,-33.36719
1180369375.0,-33.36828
1180369531.25,-33.3604
1180369687.5,-33.36449
1180369843.75,-33.35649
1180370000.0,-33.36485
1180370156.25,-33.35768
1180370312.5,-33.3607
1180370468.75,-33.34816
1180370625.0,-33.35406
1180370781.25,-33.34697
1180370937.5,-33.3522
1180371093.75,-33.34983
1180371250.0,-33.3401
1180371406.25,-33.34571
1180371562.5,-33.33891
1180371718.75,-33.34808
1180371875.0,-33.33928
1180372031.25,-33.35106
1180372187.5,-33.34826
1180372343.75,-33.33705
1180372500.0,-33.33421
1180372656.25,-33.32827
1180372812.5,-33.32946
1180372968.75,-33.33689
1180373125.0,-33.32814
1180373281.25,-33.33395
1180373437.5,-33.33017
1180373593.75,-33.32072
1180373750.0,-33.327
1180373906.25,-33.32776
1180374062.5,-33.32286
1180374218.75,-33.32397
1180374375.0,-33.32018
1180374531.25,-33.3223
1180374687.5,-33.31888
1180374843.75,-33.32658
1180375000.0,-33.31801
1180375156.25,-33.31654
1180375312.5,-33.30489
1180375468.75,-33.31175
1180375625.0,-33.31454
1180375781.25,-33.30528
1180375937.5,-33.3083
1180376093.75,-33.30521
1180376250.0,-33.30569
1180376406.25,-33.30763
1180376562.5,-33.30271
1180376718.75,-33.30119
1180376875.0,-33.30204
1180377031.25,-33.29018
1180377187.5,-33.2878
1180377343.75,-33.28992
1180377500.0,-33.29469
1180377656.25,-33.29544
1180377812.5,-33.28559
1180377968.75,-33.28711
1180378125.0,-33.28346
1180378281.25,-33.28212
1180378437.5,-33.28022
1180378593.75,-33.28071
1180378750.0,-33.27811
1180378906.25,-33.27398
1180379062.5,-33.27338
1180379218.75,-33.27112
1180379375.0,-33.27791
1180379531.25,-33.27839
1180379687.5,-33.27334
1180379843.75,-33.26115
1180380000.0,-33.26887
1180380156.25,-33.26354
1180380312.5,-33.26628
1180380468.75,-33.27042
1180380625.0,-33.26684
1180380781.25,-33.26272
1180380937.5,-33.26571
1180381093.75,-33.26062
1180381250.0,-33.25082
1180381406.25,-33.25167
1180381562.5,-33.26308
1180381718.75,-33.26254
1180381875.0,-33.25129
1180382031.25,-33.25196
1180382187.5,-33.24585
1180382343.75,-33.25246
1180382500.0,-33.25208
1180382656.25,-33.24268
1180382812.5,-33.24449
1180382968.75,-33.24921
1180383125.0,-33.24215
1180383281.25,-33.23806
1180383437.5,-33.24518
1180383593.75,-33.23404
1180383750.0,-33.2367
1180383906.25,-33.22223
1180384062.5,-33.23287
1180384218.75,-33.22859
1180384375.0,-33.22156
1180384531.25,-33.23235
1180384687.5,-33.23531
1180384843.75,-33.22859
1180385000.0,-33.22231
1180385156.25,-33.22799
1180385312.5,-33.21977
1180385468.75,-33.21875
1180385625.0,-33.22484
1180385781.25,-33.21492
1180385937.5,-33.21276
1180386093.75,-33.20892
1180386250.0,-33.21047
1180386406.25,-33.21125
1180386562.5,-33.21444
1180386718.75,-33.20772
1180386875.0,-33.20539
1180387031.25,-33.2006
1180387187.5,-33.19721
1180387343.75,-33.19947
1180387500.0,-33.19789
1180387656.25,-33.19727
1180387812.5,-33.19345
1180387968.75,-33.20471
1180388125.0,-33.20415
1180388281.25,-33.19069
1180388437.5,-33.18508
1180388593.75,-33.1872
1180388750.0,-33.18467
1180388906.25,-33.18687
1180389062.5,-33.18248
1180389218.75,-33.18596
1180389375.0,-33.18376
1180389531.25,-33.18117
1180389687.5,-33.17407
1180389843.75,-33.18005
1180390000.0,-33.17404
1180390156.25,-33.17863
1180390312.5,-33.17076
1180390468.75,-33.16674
1180390625.0,-33.17049
1180390781.25,-33.16753
1180390937.5,-33.1638
1180391093.75,-33.16561
1180391250.0,-33.16123
1180391406.25,-33.16023
1180391562.5,-33.16602
1180391718.75,-33.16192
1180391875.0,-33.15536
1180392031.25,-33.15578
1180392187.5,-33.15417
1180392343.75,-33.15826
1180392500.0,-33.14405
1180392656.25,-33.15225
1180392812.5,-33.15387
1180392968.75,-33.15408
1180393125.0,-33.14388
1180393281.25,-33.13758
1180393437.5,-33.14002
1180393593.75,-33.1432
1180393750.0,-33.14083
1180393906.25,-33.13935
1180394062.5,-33.13913
1180394218.75,-33.14105
1180394375.0,-33.13956
1180394531.25,-33.1402
1180394687.5,-33.13339
1180394843.75,-33.12567
1180395000.0,-33.13595
1180395156.25,-33.12412
1180395312.5,-33.12634
1180395468.75,-33.12441
1180395625.0,-33.127
1180395781.25,-33.11906
1180395937.5,-33.12156
1180396093.75,-33.12848
1180396250.0,-33.10997
1180396406.25,-33.11786
1180396562.5,-33.11784
1180396718.75,-33.11639
1180396875.0,-33.11761
1180397031.25,-33.11151
1180397187.5,-33.11491
1180397343.75,-33.11426
1180397500.0,-33.11046
1180397656.25,-33.10317
1180397812.5,-33.09756
1180397968.75,-33.10257
1180398125.0,-33.10748
1180398281.25,-33.09442
1180398437.5,-33.09447
1180398593.75,-33.09453
1180398750.0,-33.10138
1180398906.25,-33.09647
1180399062.5,-33.0937
1180399218.75,-33.08796
1180399375.0,-33.08814
1180399531.25,-33.08859
1180399687.5,-33.08887
1180399843.75,-33.08341
1180400000.0,-33.077
1180400156.25,-33.07406
1180400312.5,-33.08087
1180400468.75,-33.07796
1180400625.0,-33.0773
1180400781.25,-33.07284
1180400937.5,-33.0765
1180401093.75,-33.06533
1180401250.0,-33.07204
1180401406.25,-33.07215
1180401562.5,-33.07189
1180401718.75,-33.06966
1180401875.0,-33.0698
1180402031.25,-33.06903
1180402187.5,-33.06303
1180402343.75,-33.06281
1180402500.0,-33.06586
1180402656.25,-33.0633
1180402812.5,-33.06067
1180402968.75,-33.06235
1180403125.0,-33.06291
1180403281.25,-33.05182
1180403437.5,-33.06039
1180403593.75,-33.05291
1180403750.0,-33.05254
1180403906.25,-33.04207
1180404062.5,-33.04961
1180404218.75,-33.04587
1180404375.0,-33.04599
1180404531.25,-33.04018
1180404687.5,-33.03582
1180404843.75,-33.03997
1180405000.0,-33.03638
1180405156.25,-33.03434
1180405312.5,-33.0386
1180405468.75,-33.02838
1180405625.0,-33.02928
1180405781.25,-33.03026
1180405937.5,-33.02604
1180406093.75,-33.03001
1180406250.0,-33.01618
1180406406.25,-33.03009
1180406562.5,-33.0179
1180406718.75,-33.01743
1180406875.0,-33.02255
1180407031.25,-33.01674
1180407187.5,-33.01085
1180407343.75,-33.01515
1180407500.0,-33.01376
1180407656.25,-33.00619
1180407812.5,-33.00988
1180407968.75,-33.01078
1180408125.0,-33.00963
1180408281.25,-33.00446
1180408437.5,-33.00377
1180408593.75,-33.00193
1180408750.0,-32.9994
1180408906.25,-32.99671
1180409062.5,-33.00161
1180409218.75,-32.99527
1180409375.0,-32.99367
1180409531.25,-32.99162
1180409687.5,-32.99924
1180409843.75,-32.98735
1180410000.0,-32.99221
1180410156.25,-32.9899
1180410312.5,-32.98451
1180410468.75,-32.97659
1180410625.0,-32.97874
1180410781.25,-32.97835
1180410937.5,-32.97784
1180411093.75,-32.98911
1180411250.0,-32.96922
1180411406.25,-32.97662
1180411562.5,-32.9718
1180411718.75,-32.97386
1180411875.0,-32.97296
1180412031.25,-32.96613
1180412187.5,-32.97371
1180412343.75,-32.96356
1180412500.0,-32.97634
1180412656.25,-32.96058
1180412812.5,-32.96323
1180412968.75,-32.9621
1180413125.0,-32.96666
1180413281.25,-32.96666
1180413437.5,-32.95638
1180413593.75,-32.95144
1180413750.0,-32.95111
1180413906.25,-32.95307
1180414062.5,-32.95315
1180414218.75,-32.95044
1180414375.0,-32.95309
1180414531.25,-32.9471
1180414687.5,-32.94855
1180414843.75,-32.94776
1180415000.0,-32.94205
1180415156.25,-32.93674
1180415312.5,-32.93066
1180415468.75,-32.93111
1180415625.0,-32.94641
1180415781.25,-32.9388
1180415937.5,-32.92665
1180416093.75,-32.92648
1180416250.0,-32.9243
1180416406.25,-32.93087
1180416562.5,-32.92698
1180416718.75,-32.92365
1180416875.0,-32.92079
1180417031.25,-32.92859
1180417187.5,-32.92176
1180417343.75,-32.92402
1180417500.0,-32.91867
1180417656.25,-32.91448
1180417812.5,-32.916
1180417968.75,-32.92188
1180418125.0,-32.90687
1180418281.25,-32.90886
1180418437.5,-32.91203
1180418593.75,-32.91019
1180418750.0,-32.90612
1180418906.25,-32.89956
1180419062.5,-32.90369
1180419218.75,-32.90043
1180419375.0,-32.90361
1180419531.25,-32.90042
1180419687.5,-32.89864
1180419843.75,-32.90831
1180420000.0,-32.89547
1180420156.25,-32.88961
1180420312.5,-32.88874
1180420468.75,-32.89046
1180420625.0,-32.8897
1180420781.25,-32.88351
1180420937.5,-32.87932
1180421093.75,-32.87891
1180421250.0,-32.8826
1180421406.25,-32.87851
1180421562.5,-32.87434
1180421718.75,-32.88087
1180421875.0,-32.87989
1180422031.25,-32.87947
1180422187.5,-32.87747
1180422343.75,-32.87487
1180422500.0,-32.86674
1180422656.25,-32.86602
1180422812.5,-32.87513
1180422968.75,-32.86244
1180423125.0,-32.86381
1180423281.25,-32.85844
1180423437.5,-32.86011
1180423593.75,-32.85735
1180423750.0,-32.85944
1180423906.25,-32.85867
1180424062.5,-32.85968
1180424218.75,-32.85649
1180424375.0,-32.85509
1180424531.25,-32.8471
1180424687.5,-32.85545
1180424843.75,-32.84647
1180425000.0,-32.85138
1180425156.25,-32.84257
1180425312.5,-32.84869
1180425468.75,-32.84648
1180425625.0,-32.84363
1180425781.25,-32.84391
1180425937.5,-32.83956
1180426093.75,-32.83312
1180426250.0,-32.83722
1180426406.25,-32.83259
1180426562.5,-32.84137
1180426718.75,-32.82881
1180426875.0,-32.83657
1180427031.25,-32.82912
1180427187.5,-32.82685
1180427343.75,-32.82051
1180427500.0,-32.82778
1180427656.25,-32.82225
1180427812.5,-32.81683
1180427968.75,-32.82224
1180428125.0,-32.81472
1180428281.25,-32.80819
1180428437.5,-32.81603
1180428593.75,-32.81233
1180428750.0,-32.81118
1180428906.25,-32.81311
1180429062.5,-32.8123
1180429218.75,-32.80405
1180429375.0,-32.80176
1180429531.25,-32.80453
1180429687.5,-32.80717
1180429843.75,-32.79618
1180430000.0,-32.79563
1180430156.25,-32.79131
1180430312.5,-32.78769
1180430468.75,-32.78923
1180430625.0,-32.78991
1180430781.25,-32.78562
1180430937.5,-32.79287
1180431093.75,-32.78549
1180431250.0,-32.78208
1180431406.25,-32.78045
1180431562.5,-32.78737
1180431718.75,-32.77915
1180431875.0,-32.77635
1180432031.25,-32.77871
1180432187.5,-32.7757
1180432343.75,-32.77897
1180432500.0,-32.77891
1180432656.25,-32.7752
1180432812.5,-32.77775
1180432968.75,-32.76433
1180433125.0,-32.76477
1180433281.25,-32.76539
1180433437.5,-32.76656
1180433593.75,-32.76398
1180433750.0,-32.76133
1180433906.25,-32.76009
1180434062.5,-32.75114
1180434218.75,-32.75504
1180434375.0,-32.75352
1180434531.25,-32.75161
1180434687.5,-32.74789
1180434843.75,-32.74892
1180435000.0,-32.74788
1180435156.25,-32.74661
1180435312.5,-32.74792
1180435468.75,-32.74076
1180435625.0,-32.74662
1180435781.25,-32.7362
1180435937.5,-32.74157
1180436093.75,-32.74059
1180436250.0,-32.72218
1180436406.25,-32.73158
1180436562.5,-32.73051
1180436718.75,-32.73521
1180436875.0,-32.73335
1180437031.25,-32.73114
1180437187.5,-32.72187
1180437343.75,-32.72725
1180437500.0,-32.72928
1180437656.25,-32.72353
1180437812.5,-32.71894
1180437968.75,-32.7207
1180438125.0,-32.72305
1180438281.25,-32.72058
1180438437.5,-32.71956
1180438593.75,-32.70646
1180438750.0,-32.714
1180438906.25,-32.71373
1180439062.5,-32.71658
1180439218.75,-32.70351
1180439375.0,-32.7087
1180439531.25,-32.70773
1180439687.5,-32.70636
1180439843.75,-32.70142
1180440000.0,-32.70834
1180440156.25,-32.69579
1180440312.5,-32.68859
1180440468.75,-32.6904
1180440625.0,-32.69072
1180440781.25,-32.6867
1180440937.5,-32.69426
1180441093.75,-32.6848
1180441250.0,-32.6884
1180441406.25,-32.6836
1180441562.5,-32.69004
1180441718.75,-32.68689
1180441875.0,-32.67554
1180442031.25,-32.6777
1180442187.5,-32.68689
1180442343.75,-32.67972
1180442500.0,-32.67588
1180442656.25,-32.6754
1180442812.5,-32.66944
1180442968.75,-32.66182
1180443125.0,-32.6711
1180443281.25,-32.67103
1180443437.5,-32.66648
1180443593.75,-32.66948
1180443750.0,-32.65965
1180443906.25,-32.66281
1180444062.5,-32.65816
1180444218.75,-32.65598
1180444375.0,-32.65865
1180444531.25,-32.65117
1180444687.5,-32.65512
1180444843.75,-32.65059
1180445000.0,-32.65368
1180445156.25,-32.65034
1180445312.5,-32.64405
1180445468.75,-32.64709
1180445625.0,-32.63745
1180445781.25,-32.64129
1180445937.5,-32.64201
1180446093.75,-32.63554
1180446250.0,-32.63357
1180446406.25,-32.63792
1180446562.5,-32.63962
1180446718.75,-32.63107
1180446875.0,-32.6253
1180447031.25,-32.63261
1180447187.5,-32.62822
1180447343.75,-32.63223
1180447500.0,-32.62349
1180447656.25,-32.62322
1180447812.5,-32.62468
1180447968.75,-32.61907
1180448125.0,-32.6283
1180448281.25,-32.62285
1180448437.5,-32.61532
1180448593.75,-32.61882
1180448750.0,-32.61415
1180448906.25,-32.6153
1180449062.5,-32.61193
1180449218.75,-32.60688
1180449375.0,-32.61064
1180449531.25,-32.59919
1180449687.5,-32.60608
1180449843.75,-32.60268
1180450000.0,-32.60741
1180450156.25,-32.59554
1180450312.5,-32.60081
1180450468.75,-32.59833
1180450625.0,-32.59463
1180450781.25,-32.59873
1180450937.5,-32.58537
1180451093.75,-32.58749
1180451250.0,-32.58451
1180451406.25,-32.5923
1180451562.5,-32.58299
1180451718.75,-32.57757
1180451875.0,-32.57741
1180452031.25,-32.58244
1180452187.5,-32.57793
1180452343.75,-32.57787
1180452500.0,-32.57813
1180452656.25,-32.57965
1180452812.5,-32.57308
1180452968.75,-32.56782
1180453125.0,-32.57556
1180453281.25,-32.56961
1180453437.5,-32.56952
1180453593.75,-32.57004
1180453750.0,-32.5729
1180453906.25,-32.56564
1180454062.5,-32.55681
1180454218.75,-32.56194
1180454375.0,-32.56041
1180454531.25,-32.56226
1180454687.5,-32.54526
1180454843.75,-32.54665
1180455000.0,-32.5524
1180455156.25,-32.55233
1180455312.5,-32.54187
1180455468.75,-32.54733
1180455625.0,-32.54747
1180455781.25,-32.54487
1180455937.5,-32.53664
1180456093.75,-32.53989
1180456250.0,-32.53258
1180456406.25,-32.53994
1180456562.5,-32.53587
1180456718.75,-32.53279
1180456875.0,-32.52726
1180457031.25,-32.53329
1180457187.5,-32.53494
1180457343.75,-32.52823
1180457500.0,-32.52829
1180457656.25,-32.53308
1180457812.5,-32.52784
1180457968.75,-32.51649
1180458125.0,-32.51963
1180458281.25,-32.51429
1180458437.5,-32.5178
1180458593.75,-32.51313
1180458750.0,-32.51137
1180458906.25,-32.51561
1180459062.5,-32.5102
1180459218.75,-32.50323
1180459375.0,-32.49997
1180459531.25,-32.51002
1180459687.5,-32.50208
1180459843.75,-32.5008
1180460000.0,-32.49887
1180460156.25,-32.50076
1180460312.5,-32.49765
1180460468.75,-32.49547
1180460625.0,-32.50109
1180460781.25,-32.49395
1180460937.5,-32.49783
1180461093.75,-32.49595
1180461250.0,-32.48989
1180461406.25,-32.49041
1180461562.5,-32.48954
1180461718.75,-32.48541
1180461875.0,-32.48196
1180462031.25,-32.48254
1180462187.5,-32.48372
1180462343.75,-32.48779
1180462500.0,-32.48029
1180462656.25,-32.47321
1180462812.5,-32.46715
1180462968.75,-32.47423
1180463125.0,-32.47108
1180463281.25,-32.47285
1180463437.5,-32.46781
1180463593.75,-32.46836
1180463750.0,-32.46253
1180463906.25,-32.45732
1180464062.5,-32.46222
1180464218.75,-32.46275
1180464375.0,-32.45215
1180464531.25,-32.45249
1180464687.5,-32.44746
1180464843.75,-32.46233
1180465000.0,-32.44811
1180465156.25,-32.44857
1180465312.5,-32.45924
1180465468.75,-32.44807
1180465625.0,-32.45022
1180465781.25,-32.44128
1180465937.5,-32.44279
1180466093.75,-32.44004
1180466250.0,-32.43799
1180466406.25,-32.44377
1180466562.5,-32.43582
1180466718.75,-32.43574
1180466875.0,-32.43336
1180467031.25,-32.43445
1180467187.5,-32.43072
1180467343.75,-32.43252
1180467500.0,-32.42893
1180467656.25,-32.42371
1180467812.5,-32.42367
1180467968.75,-32.42631
1180468125.0,-32.42327
1180468281.25,-32.41337
1180468437.5,-32.41481
1180468593.75,-32.41628
1180468750.0,-32.41762
1180468906.25,-32.42046
1180469062.5,-32.41317
1180469218.75,-32.40707
1180469375.0,-32.40616
1180469531.25,-32.41129
1180469687.5,-32.40998
1180469843.75,-32.40281
1180470000.0,-32.40089
1180470156.25,-32.40208
1180470312.5,-32.39167
1180470468.75,-32.38988
1180470625.0,-32.39243
1180470781.25,-32.38821
1180470937.5,-32.39554
1180471093.75,-32.38681
1180471250.0,-32.38498
1180471406.25,-32.38906
1180471562.5,-32.38832
1180471718.75,-32.38707
1180471875.0,-32.37993
1180472031.25,-32.38638
1180472187.5,-32.38221
1180472343.75,-32.38192
1180472500.0,-32.37234
1180472656.25,-32.37359
1180472812.5,-32.37261
1180472968.75,-32.35831
1180473125.0,-32.37912
1180473281.25,-32.36789
1180473437.5,-32.36584
1180473593.75,-32.36364
1180473750.0,-32.36526
1180473906.25,-32.36003
1180474062.5,-32.36095
1180474218.75,-32.35868
1180474375.0,-32.35045
1180474531.25,-32.35402
1180474687.5,-32.35943
1180474843.75,-32.34934
1180475000.0,-32.3506
1180475156.25,-32.35282
1180475312.5,-32.3496
1180475468.75,-32.34199
1180475625.0,-32.33788
1180475781.25,-32.34829
1180475937.5,-32.34093
1180476093.75,-32.3353
1180476250.0,-32.33421
1180476406.25,-32.33156
1180476562.5,-32.33957
1180476718.75,-32.32884
1180476875.0,-32.33096
1180477031.25,-32.33298
1180477187.5,-32.32309
1180477343.75,-32.33187
1180477500.0,-32.32442
1180477656.25,-32.32127
1180477812.5,-32.32025
1180477968.75,-32.3252
1180478125.0,-32.32191
1180478281.25,-32.3182
1180478437.5,-32.31278
1180478593.75,-32.31223
1180478750.0,-32.3117
1180478906.25,-32.31624
1180479062.5,-32.30667
1180479218.75,-32.31247
1180479375.0,-32.30112
1180479531.25,-32.30216
1180479687.5,-32.29763
1180479843.75,-32.30226
1180480000.0,-32.30213
1180480156.25,-32.2967
1180480312.5,-32.29338
1180480468.75,-32.28956
1180480625.0,-32.29263
1180480781.25,-32.29349
1180480937.5,-32.28922
1180481093.75,-32.2865
1180481250.0,-32.2817
1180481406.25,-32.29414
1180481562.5,-32.283
1180481718.75,-32.27985
1180481875.0,-32.28083
1180482031.25,-32.27385
1180482187.5,-32.27238
1180482343.75,-32.28083
1180482500.0,-32.27395
1180482656.25,-32.27358
1180482812.5,-32.27186
1180482968.75,-32.26826
1180483125.0,-32.26181
1180483281.25,-32.25787
1180483437.5,-32.26744
1180483593.75,-32.26732
1180483750.0,-32.26073
1180483906.25,-32.25348
1180484062.5,-32.25821
1180484218.75,-32.2627
1180484375.0,-32.24815
1180484531.25,-32.2495
1180484687.5,-32.24807
1180484843.75,-32.25662
1180485000.0,-32.25389
1180485156.25,-32.24667
1180485312.5,-32.23817
1180485468.75,-32.24492
1180485625.0,-32.23698
1180485781.25,-32.24148
1180485937.5,-32.24051
1180486093.75,-32.23534
1180486250.0,-32.23417
1180486406.25,-32.2332
1180486562.5,-32.23302
1180486718.75,-32.23331
1180486875.0,-32.23363
1180487031.25,-32.22987
1180487187.5,-32.22243
1180487343.75,-32.22557
1180487500.0,-32.22565
1180487656.25,-32.22528
1180487812.5,-32.21809
1180487968.75,-32.21648
1180488125.0,-32.21654
1180488281.25,-32.21225
1180488437.5,-32.20905
1180488593.75,-32.21082
1180488750.0,-32.20616
1180488906.25,-32.21071
1180489062.5,-32.20367
1180489218.75,-32.21187
1180489375.0,-32.20974
1180489531.25,-32.19879
1180489687.5,-32.20012
1180489843.75,-32.19709
1180490000.0,-32.1998
1180490156.25,-32.1997
1180490312.5,-32.20134
1180490468.75,-32.18729
1180490625.0,-32.18468
1180490781.25,-32.18629
1180490937.5,-32.18545
1180491093.75,-32.18572
1180491250.0,-32.18669
1180491406.25,-32.18221
1180491562.5,-32.17431
1180491718.75,-32.17448
1180491875.0,-32.18158
1180492031.25,-32.17455
1180492187.5,-32.17426
1180492343.75,-32.16385
1180492500.0,-32.17217
1180492656.25,-32.16938
1180492812.5,-32.16433
1180492968.75,-32.15966
1180493125.0,-32.16532
1180493281.25,-32.15774
1180493437.5,-32.15321
1180493593.75,-32.15584
1180493750.0,-32.15733
1180493906.25,-32.15366
1180494062.5,-32.15738
1180494218.75,-32.15881
1180494375.0,-32.15075
1180494531.25,-32.14095
1180494687.5,-32.14009
1180494843.75,-32.14426
1180495000.0,-32.14676
1180495156.25,-32.14299
1180495312.5,-32.14032
1180495468.75,-32.13865
1180495625.0,-32.14183
1180495781.25,-32.13928
1180495937.5,-32.13443
1180496093.75,-32.13771
1180496250.0,-32.12316
1180496406.25,-32.12715
1180496562.5,-32.12786
1180496718.75,-32.13037
1180496875.0,-32.12666
1180497031.25,-32.12175
1180497187.5,-32.11976
1180497343.75,-32.12843
1180497500.0,-32.11868
1180497656.25,-32.11707
1180497812.5,-32.11493
1180497968.75,-32.11473
1180498125.0,-32.10942
1180498281.25,-32.11304
1180498437.5,-32.10274
1180498593.75,-32.10157
1180498750.0,-32.10205
1180498906.25,-32.09694
1180499062.5,-32.10061
1180499218.75,-32.10198
1180499375.0,-32.10136
1180499531.25,-32.09449
1180499687.5,-32.09109
1180499843.75,-32.0877
1180500000.0,-32.08825
1180500156.25,-32.08955
1180500312.5,-32.08966
1180500468.75,-32.09158
1180500625.0,-32.08158
1180500781.25,-32.08909
1180500937.5,-32.08505
1180501093.75,-32.0792
1180501250.0,-32.08086
1180501406.25,-32.07922
1180501562.5,-32.07399
1180501718.75,-32.07605
1180501875.0,-32.06401
1180502031.25,-32.06796
1180502187.5,-32.07129
1180502343.75,-32.07213
1180502500.0,-32.0608
1180502656.25,-32.06769
1180502812.5,-32.06441
1180502968.75,-32.0623
1180503125.0,-32.06416
1180503281.25,-32.05532
1180503437.5,-32.05516
1180503593.75,-32.04593
1180503750.0,-32.0505
1180503906.25,-32.04866
1180504062.5,-32.05212
1180504218.75,-32.04852
1180504375.0,-32.05199
1180504531.25,-32.04049
1180504687.5,-32.04377
1180504843.75,-32.04008
1180505000.0,-32.03849
1180505156.25,-32.0347
1180505312.5,-32.03395
1180505468.75,-32.03234
1180505625.0,-32.02842
1180505781.25,-32.02512
1180505937.5,-32.03049
1180506093.75,-32.02843
1180506250.0,-32.02647
1180506406.25,-32.02924
1180506562.5,-32.02975
1180506718.75,-32.02354
1180506875.0,-32.01761
1180507031.25,-32.02011
1180507187.5,-32.02359
1180507343.75,-32.01575
1180507500.0,-32.00885
1180507656.25,-32.01577
1180507812.5,-32.0068
1180507968.75,-32.00914
1180508125.0,-32.00684
1180508281.25,-31.99762
1180508437.5,-31.99647
1180508593.75,-32.00243
1180508750.0,-31.99936
1180508906.25,-32.00395
1180509062.5,-31.99634
1180509218.75,-31.99121
1180509375.0,-31.99719
1180509531.25,-31.98625
1180509687.5,-31.98437
1180509843.75,-31.98483
1180510000.0,-31.99421
1180510156.25,-31.98084
1180510312.5,-31.97578
1180510468.75,-31.97793
1180510625.0,-31.98188
1180510781.25,-31.98005
1180510937.5,-31.97943
1180511093.75,-31.97799
1180511250.0,-31.97733
1180511406.25,-31.97246
1180511562.5,-31.96832
1180511718.75,-31.97601
1180511875.0,-31.96527
1180512031.25,-31.96778
1180512187.5,-31.96176
1180512343.75,-31.95947
1180512500.0,-31.96385
1180512656.25,-31.95671
1180512812.5,-31.95472
1180512968.75,-31.95291
1180513125.0,-31.95825
1180513281.25,-31.95541
1180513437.5,-31.94857
1180513593.75,-31.95162
1180513750.0,-31.94339
1180513906.25,-31.94449
1180514062.5,-31.94177
1180514218.75,-31.94103
1180514375.0,-31.94209
1180514531.25,-31.93776
1180514687.5,-31.93202
1180514843.75,-31.9368
1180515000.0,-31.94009
1180515156.25,-31.9363
1180515312.5,-31.92678
1180515468.75,-31.92999
1180515625.0,-31.92258
1180515781.25,-31.93024
1180515937.5,-31.92684
1180516093.75,-31.92093
1180516250.0,-31.92424
1180516406.25,-31.91121
1180516562.5,-31.91096
1180516718.75,-31.90742
1180516875.0,-31.91277
1180517031.25,-31.91298
1180517187.5,-31.90718
1180517343.75,-31.90837
1180517500.0,-31.89607
1180517656.25,-31.90629
1180517812.5,-31.9014
1180517968.75,-31.90125
1180518125.0,-31.90065
1180518281.25,-31.89899
1180518437.5,-31.8929
1180518593.75,-31.89375
1180518750.0,-31.9052
1180518906.25,-31.88937
1180519062.5,-31.89284
1180519218.75,-31.88461
1180519375.0,-31.88739
1180519531.25,-31.87734
1180519687.5,-31.88619
1180519843.75,-31.88908
1180520000.0,-31.88324
1180520156.25,-31.87914
1180520312.5,-31.8791
1180520468.75,-31.87529
1180520625.0,-31.87618
1180520781.25,-31.87446
1180520937.5,-31.86984
1180521093.75,-31.86959
1180521250.0,-31.8721
1180521406.25,-31.86267
1180521562.5,-31.86206
1180521718.75,-31.86169
1180521875.0,-31.86204
1180522031.25,-31.86156
1180522187.5,-31.85855
1180522343.75,-31.85117
1180522500.0,-31.84673
1180522656.25,-31.85054
1180522812.5,-31.85034
1180522968.75,-31.84136
1180523125.0,-31.84593
1180523281.25,-31.8494
1180523437.5,-31.84148
1180523593.75,-31.83331
1180523750.0,-31.83772
1180523906.25,-31.836
1180524062.5,-31.83787
1180524218.75,-31.83743
1180524375.0,-31.83305
1180524531.25,-31.8268
1180524687.5,-31.83306
1180524843.75,-31.82688
1180525000.0,-31.81936
1180525156.25,-31.81651
1180525312.5,-31.81737
1180525468.75,-31.81489
1180525625.0,-31.81499
1180525781.25,-31.80647
1180525937.5,-31.81746
1180526093.75,-31.81254
1180526250.0,-31.80812
1180526406.25,-31.81276
1180526562.5,-31.80177
1180526718.75,-31.80477
1180526875.0,-31.79698
1180527031.25,-31.8009
1180527187.5,-31.80344
1180527343.75,-31.80011
1180527500.0,-31.8
1180527656.25,-31.80293
1180527812.5,-31.79594
1180527968.75,-31.79086
1180528125.0,-31.78961
1180528281.25,-31.78911
1180528437.5,-31.78446
1180528593.75,-31.78475
1180528750.0,-31.79191
1180528906.25,-31.78997
1180529062.5,-31.78169
1180529218.75,-31.77978
1180529375.0,-31.77288
1180529531.25,-31.7773
1180529687.5,-31.77595
1180529843.75,-31.77243
1180530000.0,-31.77267
1180530156.25,-31.76811
1180530312.5,-31.77095
1180530468.75,-31.76141
1180530625.0,-31.76678
1180530781.25,-31.76246
1180530937.5,-31.76214
1180531093.75,-31.76311
1180531250.0,-31.75473
1180531406.25,-31.7538
1180531562.5,-31.75487
1180531718.75,-31.75421
1180531875.0,-31.75046
1180532031.25,-31.75187
1180532187.5,-31.75176
1180532343.75,-31.74114
1180532500.0,-31.7456
1180532656.25,-31.742
1180532812.5,-31.74622
1180532968.75,-31.74372
1180533125.0,-31.73403
1180533281.25,-31.73197
1180533437.5,-31.73566
1180533593.75,-31.73269
1180533750.0,-31.73409
1180533906.25,-31.72463
1180534062.5,-31.72369
1180534218.75,-31.72235
1180534375.0,-31.72359
1180534531.25,-31.72312
1180534687.5,-31.71809
1180534843.75,-31.71605
1180535000.0,-31.71324
1180535156.25,-31.71276
1180535312.5,-31.71372
1180535468.75,-31.70918
1180535625.0,-31.71252
1180535781.25,-31.71049
1180535937.5,-31.71387
1180536093.75,-31.70601
1180536250.0,-31.7046
1180536406.25,-31.70283
1180536562.5,-31.69529
1180536718.75,-31.69826
1180536875.0,-31.69612
1180537031.25,-31.69699
1180537187.5,-31.69094
1180537343.75,-31.68757
1180537500.0,-31.68773
1180537656.25,-31.68365
1180537812.5,-31.68022
1180537968.75,-31.6889
1180538125.0,-31.6813
1180538281.25,-31.67648
1180538437.5,-31.68481
1180538593.75,-31.67378
1180538750.0,-31.67409
1180538906.25,-31.67129
1180539062.5,-31.67713
1180539218.75,-31.66811
1180539375.0,-31.67075
1180539531.25,-31.66835
1180539687.5,-31.66319
1180539843.75,-31.66757
1180540000.0,-31.66032
1180540156.25,-31.65943
1180540312.5,-31.66091
1180540468.75,-31.65503
1180540625.0,-31.65099
1180540781.25,-31.65305
1180540937.5,-31.6541
1180541093.75,-31.65188
1180541250.0,-31.64384
1180541406.25,-31.6573
1180541562.5,-31.64526
1180541718.75,-31.64409
1180541875.0,-31.64421
1180542031.25,-31.64327
1180542187.5,-31.63967
1180542343.75,-31.64101
1180542500.0,-31.63988
1180542656.25,-31.62673
1180542812.5,-31.63001
1180542968.75,-31.62952
1180543125.0,-31.62718
1180543281.25,-31.62153
1180543437.5,-31.62553
1180543593.75,-31.61415
1180543750.0,-31.61959
1180543906.25,-31.61674
1180544062.5,-31.61365
1180544218.75,-31.6138
1180544375.0,-31.61617
1180544531.25,-31.60976
1180544687.5,-31.61456
1180544843.75,-31.6077
1180545000.0,-31.61116
1180545156.25,-31.60054
1180545312.5,-31.593
1180545468.75,-31.60584
1180545625.0,-31.60345
1180545781.25,-31.60293
1180545937.5,-31.59751
1180546093.75,-31.59587
1180546250.0,-31.58473
1180546406.25,-31.58976
1180546562.5,-31.58433
1180546718.75,-31.58928
1180546875.0,-31.58439
1180547031.25,-31.58136
1180547187.5,-31.58182
1180547343.75,-31.58059
1180547500.0,-31.57411
1180547656.25,-31.57917
1180547812.5,-31.5777
1180547968.75,-31.5743
1180548125.0,-31.5741
1180548281.25,-31.5689
1180548437.5,-31.56275
1180548593.75,-31.56713
1180548750.0,-31.56394
1180548906.25,-31.56314
1180549062.5,-31.56243
1180549218.75,-31.5645
1180549375.0,-31.55263
1180549531.25,-31.55491
1180549687.5,-31.55902
1180549843.75,-31.5538
1180550000.0,-31.55141
1180550156.25,-31.54918
1180550312.5,-31.55212
1180550468.75,-31.54764
1180550625.0,-31.54137
1180550781.25,-31.5418
1180550937.5,-31.53364
1180551093.75,-31.53401
1180551250.0,-31.53816
1180551406.25,-31.53502
1180551562.5,-31.53605
1180551718.75,-31.52669
1180551875.0,-31.53566
1180552031.25,-31.5265
1180552187.5,-31.52533
1180552343.75,-31.52765
1180552500.0,-31.51859
1180552656.25,-31.52616
1180552812.5,-31.51011
1180552968.75,-31.51356
1180553125.0,-31.52368
1180553281.25,-31.51462
1180553437.5,-31.51042
1180553593.75,-31.5117
1180553750.0,-31.50763
1180553906.25,-31.5087
1180554062.5,-31.50909
1180554218.75,-31.49608
1180554375.0,-31.49759
1180554531.25,-31.50065
1180554687.5,-31.49694
1180554843.75,-31.49247
1180555000.0,-31.49247
1180555156.25,-31.49613
1180555312.5,-31.48747
1180555468.75,-31.49505
1180555625.0,-31.4922
1180555781.25,-31.48835
1180555937.5,-31.48422
1180556093.75,-31.4858
1180556250.0,-31.47705
1180556406.25,-31.47943
1180556562.5,-31.47572
1180556718.75,-31.48049
1180556875.0,-31.47339
1180557031.25,-31.47281
1180557187.5,-31.47624
1180557343.75,-31.4683
1180557500.0,-31.46795
1180557656.25,-31.46563
1180557812.5,-31.46552
1180557968.75,-31.4667
1180558125.0,-31.46339
1180558281.25,-31.44935
1180558437.5,-31.45443
1180558593.75,-31.45874
1180558750.0,-31.44876
1180558906.25,-31.44584
1180559062.5,-31.44126
1180559218.75,-31.44311
1180559375.0,-31.44564
1180559531.25,-31.43322
1180559687.5,-31.44191
1180559843.75,-31.44294
1180560000.0,-31.43743
1180560156.25,-31.43816
1180560312.5,-31.43632
1180560468.75,-31.43209
1180560625.0,-31.43406
1180560781.25,-31.42749
1180560937.5,-31.42427
1180561093.75,-31.42885
1180561250.0,-31.4231
1180561406.25,-31.42217
1180561562.5,-31.42392
1180561718.75,-31.41831
1180561875.0,-31.4166
1180562031.25,-31.41672
1180562187.5,-31.4139
1180562343.75,-31.41286
1180562500.0,-31.40771
1180562656.25,-31.40756
1180562812.5,-31.40287
1180562968.75,-31.40242
1180563125.0,-31.40205
1180563281.25,-31.40049
1180563437.5,-31.39898
1180563593.75,-31.39364
1180563750.0,-31.39755
1180563906.25,-31.39363
1180564062.5,-31.39845
1180564218.75,-31.3883
1180564375.0,-31.3878
1180564531.25,-31.38767
1180564687.5,-31.39363
1180564843.75,-31.38443
1180565000.0,-31.38508
1180565156.25,-31.3835
1180565312.5,-31.37157
1180565468.75,-31.37359
1180565625.0,-31.36815
1180565781.25,-31.37748
1180565937.5,-31.37145
1180566093.75,-31.37263
1180566250.0,-31.38
1180566406.25,-31.36399
1180566562.5,-31.36204
1180566718.75,-31.36214
1180566875.0,-31.36172
1180567031.25,-31.35728
1180567187.5,-31.35503
1180567343.75,-31.35855
1180567500.0,-31.35099
1180567656.25,-31.3507
1180567812.5,-31.34718
1180567968.75,-31.34884
1180568125.0,-31.34799
1180568281.25,-31.34315
1180568437.5,-31.33885
1180568593.75,-31.33722
1180568750.0,-31.33998
1180568906.25,-31.33909
1180569062.5,-31.33344
1180569218.75,-31.33574
1180569375.0,-31.33208
1180569531.25,-31.33591
1180569687.5,-31.3292
1180569843.75,-31.3293
1180570000.0,-31.31791
1180570156.25,-31.32387
1180570312.5,-31.32084
1180570468.75,-31.31839
1180570625.0,-31.30973
1180570781.25,-31.31893
1180570937.5,-31.30678
1180571093.75,-31.31182
1180571250.0,-31.31908
1180571406.25,-31.30726
1180571562.5,-31.30727
1180571718.75,-31.29967
1180571875.0,-31.30493
1180572031.25,-31.30523
1180572187.5,-31.29688
1180572343.75,-31.299
1180572500.0,-31.29421
1180572656.25,-31.29549
1180572812.5,-31.29168
1180572968.75,-31.29277
1180573125.0,-31.29268
1180573281.25,-31.28419
1180573437.5,-31.28396
1180573593.75,-31.27557
1180573750.0,-31.28426
1180573906.25,-31.27968
1180574062.5,-31.28411
1180574218.75,-31.27888
1180574375.0,-31.27419
1180574531.25,-31.26775
1180574687.5,-31.27323
1180574843.75,-31.27578
1180575000.0,-31.26364
1180575156.25,-31.2623
1180575312.5,-31.26231
1180575468.75,-31.25714
1180575625.0,-31.26136
1180575781.25,-31.25684
1180575937.5,-31.26094
1180576093.75,-31.2583
1180576250.0,-31.24542
1180576406.25,-31.24996
1180576562.5,-31.25575
1180576718.75,-31.2477
1180576875.0,-31.24362
1180577031.25,-31.24357
1180577187.5,-31.24618
1180577343.75,-31.23022
1180577500.0,-31.23843
1180577656.25,-31.23321
1180577812.5,-31.23506
1180577968.75,-31.23599
1180578125.0,-31.23802
1180578281.25,-31.22793
1180578437.5,-31.22135
1180578593.75,-31.22069
1180578750.0,-31.23166
1180578906.25,-31.22419
1180579062.5,-31.22067
1180579218.75,-31.21694
1180579375.0,-31.21347
1180579531.25,-31.21511
1180579687.5,-31.20798
1180579843.75,-31.20757
1180580000.0,-31.21309
1180580156.25,-31.20616
1180580312.5,-31.20618
1180580468.75,-31.19723
1180580625.0,-31.20216
1180580781.25,-31.19696
1180580937.5,-31.19486
1180581093.75,-31.20041
1180581250.0,-31.19516
1180581406.25,-31.195
1180581562.5,-31.19073
1180581718.75,-31.18719
1180581875.0,-31.18485
1180582031.25,-31.18368
1180582187.5,-31.18888
1180582343.75,-31.1744
1180582500.0,-31.17725
1180582656.25,-31.17629
1180582812.5,-31.17544
1180582968.75,-31.16906
1180583125.0,-31.16981
1180583281.25,-31.17113
1180583437.5,-31.17299
1180583593.75,-31.17014
1180583750.0,-31.16964
1180583906.25,-31.16045
1180584062.5,-31.16277
1180584218.75,-31.15602
1180584375.0,-31.16247
1180584531.25,-31.15675
1180584687.5,-31.15036
1180584843.75,-31.14983
1180585000.0,-31.15523
1180585156.25,-31.14666
1180585312.5,-31.14649
1180585468.75,-31.14695
1180585625.0,-31.14448
1180585781.25,-31.1429
1180585937.5,-31.13966
1180586093.75,-31.13832
1180586250.0,-31.13661
1180586406.25,-31.13316
1180586562.5,-31.12872
1180586718.75,-31.12696
1180586875.0,-31.12415
1180587031.25,-31.12304
1180587187.5,-31.12868
1180587343.75,-31.11935
1180587500.0,-31.11793
1180587656.25,-31.12158
1180587812.5,-31.11565
1180587968.75,-31.11186
1180588125.0,-31.11328
1180588281.25,-31.11054
1180588437.5,-31.10664
1180588593.75,-31.10663
1180588750.0,-31.10681
1180588906.25,-31.10548
1180589062.5,-31.10713
1180589218.75,-31.1018
1180589375.0,-31.1016
1180589531.25,-31.09478
1180589687.5,-31.09234
1180589843.75,-31.09517
1180590000.0,-31.09982
1180590156.25,-31.08744
1180590312.5,-31.09088
1180590468.75,-31.09042
1180590625.0,-31.08116
1180590781.25,-31.08645
1180590937.5,-31.08285
1180591093.75,-31.08808
1180591250.0,-31.0801
1180591406.25,-31.07426
1180591562.5,-31.06916
1180591718.75,-31.07062
1180591875.0,-31.06335
1180592031.25,-31.06929
1180592187.5,-31.06746
1180592343.75,-31.06238
1180592500.0,-31.06229
1180592656.25,-31.06414
1180592812.5,-31.0597
1180592968.75,-31.05563
1180593125.0,-31.0592
1180593281.25,-31.05368
1180593437.5,-31.04914
1180593593.75,-31.04702
1180593750.0,-31.04725
1180593906.25,-31.04648
1180594062.5,-31.04722
1180594218.75,-31.03882
1180594375.0,-31.03959
1180594531.25,-31.03992
1180594687.5,-31.0387
1180594843.75,-31.03539
1180595000.0,-31.03017
1180595156.25,-31.03544
1180595312.5,-31.03186
1180595468.75,-31.02744
1180595625.0,-31.02773
1180595781.25,-31.02177
1180595937.5,-31.02563
1180596093.75,-31.02071
1180596250.0,-31.0159
1180596406.25,-31.01633
1180596562.5,-31.02005
1180596718.75,-31.01889
1180596875.0,-31.01455
1180597031.25,-31.00667
1180597187.5,-31.00701
1180597343.75,-31.00409
1180597500.0,-31.00566
1180597656.25,-31.00225
1180597812.5,-31.00275
1180597968.75,-30.99608
1180598125.0,-30.99202
1180598281.25,-30.99344
1180598437.5,-30.98979
1180598593.75,-30.99018
1180598750.0,-30.98433
1180598906.25,-30.98093
1180599062.5,-30.99484
1180599218.75,-30.98324
1180599375.0,-30.98486
1180599531.25,-30.97478
1180599687.5,-30.97072
1180599843.75,-30.9807
1180600000.0,-30.97221
1180600156.25,-30.97262
1180600312.5,-30.97382
1180600468.75,-30.96771
1180600625.0,-30.97274
1180600781.25,-30.96392
1180600937.5,-30.96011
1180601093.75,-30.96247
1180601250.0,-30.95917
1180601406.25,-30.9558
1180601562.5,-30.9543
1180601718.75,-30.95251
1180601875.0,-30.95156
1180602031.25,-30.95086
1180602187.5,-30.94872
1180602343.75,-30.94324
1180602500.0,-30.95066
1180602656.25,-30.95129
1180602812.5,-30.94746
1180602968.75,-30.94671
1180603125.0,-30.93184
1180603281.25,-30.93722
1180603437.5,-30.93155
1180603593.75,-30.93454
1180603750.0,-30.92798
1180603906.25,-30.92898
1180604062.5,-30.9229
1180604218.75,-30.91789
1180604375.0,-30.91818
1180604531.25,-30.92133
1180604687.5,-30.91861
1180604843.75,-30.91811
1180605000.0,-30.91389
1180605156.25,-30.91096
1180605312.5,-30.91926
1180605468.75,-30.91194
1180605625.0,-30.90745
1180605781.25,-30.9025
1180605937.5,-30.90259
1180606093.75,-30.89878
1180606250.0,-30.8978
1180606406.25,-30.89988
1180606562.5,-30.89744
1180606718.75,-30.89548
1180606875.0,-30.89179
1180607031.25,-30.89494
1180607187.5,-30.88983
1180607343.75,-30.88379
1180607500.0,-30.88493
1180607656.25,-30.88775
1180607812.5,-30.8814
1180607968.75,-30.87846
1180608125.0,-30.88452
1180608281.25,-30.87598
1180608437.5,-30.87097
1180608593.75,-30.87484
1180608750.0,-30.87007
1180608906.25,-30.86626
1180609062.5,-30.86414
1180609218.75,-30.86436
1180609375.0,-30.85983
1180609531.25,-30.86116
1180609687.5,-30.85177
1180609843.75,-30.85548
1180610000.0,-30.85252
1180610156.25,-30.85598
1180610312.5,-30.84293
1180610468.75,-30.84554
1180610625.0,-30.84615
1180610781.25,-30.8447
1180610937.5,-30.84052
1180611093.75,-30.84518
1180611250.0,-30.83973
1180611406.25,-30.83306
1180611562.5,-30.83206
1180611718.75,-30.8325
1180611875.0,-30.83322
1180612031.25,-30.83261
1180612187.5,-30.83249
1180612343.75,-30.82436
1180612500.0,-30.82749
1180612656.25,-30.8227
1180612812.5,-30.82105
1180612968.75,-30.82568
1180613125.0,-30.80936
1180613281.25,-30.81177
1180613437.5,-30.81211
1180613593.75,-30.80817
1180613750.0,-30.80892
1180613906.25,-30.80877
1180614062.5,-30.80062
1180614218.75,-30.80054
1180614375.0,-30.80257
1180614531.25,-30.80296
1180614687.5,-30.79529
1180614843.75,-30.79265
1180615000.0,-30.79386
1180615156.25,-30.79241
1180615312.5,-30.78862
1180615468.75,-30.78429
1180615625.0,-30.78343
1180615781.25,-30.77848
1180615937.5,-30.78243
1180616093.75,-30.78241
1180616250.0,-30.77606
1180616406.25,-30.77917
1180616562.5,-30.77904
1180616718.75,-30.77386
1180616875.0,-30.76479
1180617031.25,-30.76475
1180617187.5,-30.77291
1180617343.75,-30.76067
1180617500.0,-30.76422
1180617656.25,-30.75808
1180617812.5,-30.76003
1180617968.75,-30.75686
1180618125.0,-30.7565
1180618281.25,-30.75208
1180618437.5,-30.75031
1180618593.75,-30.74965
1180618750.0,-30.74804
1180618906.25,-30.74567
1180619062.5,-30.73882
1180619218.75,-30.73968
1180619375.0,-30.73672
1180619531.25,-30.73793
1180619687.5,-30.74154
1180619843.75,-30.73263
1180620000.0,-30.73003
1180620156.25,-30.73463
1180620312.5,-30.72866
1180620468.75,-30.72422
1180620625.0,-30.72744
1180620781.25,-30.72792
1180620937.5,-30.72737
1180621093.75,-30.72232
1180621250.0,-30.71746
1180621406.25,-30.72184
1180621562.5,-30.71844
1180621718.75,-30.71168
1180621875.0,-30.70733
1180622031.25,-30.71
1180622187.5,-30.70741
1180622343.75,-30.70566
1180622500.0,-30.69737
1180622656.25,-30.70354
1180622812.5,-30.69484
1180622968.75,-30.69592
1180623125.0,-30.69547
1180623281.25,-30.69507
1180623437.5,-30.68451
1180623593.75,-30.69263
1180623750.0,-30.68761
1180623906.25,-30.68191
1180624062.5,-30.6826
1180624218.75,-30.68269
1180624375.0,-30.6802
1180624531.25,-30.68072
1180624687.5,-30.67578
1180624843.75,-30.67251
1180625000.0,-30.67151
1180625156.25,-30.66613
1180625312.5,-30.66675
1180625468.75,-30.66061
1180625625.0,-30.66872
1180625781.25,-30.66474
1180625937.5,-30.65827
1180626093.75,-30.65661
1180626250.0,-30.6513
1180626406.25,-30.65074
1180626562.5,-30.65458
1180626718.75,-30.6416
1180626875.0,-30.64611
1180627031.25,-30.64804
1180627187.5,-30.64634
1180627343.75,-30.64532
1180627500.0,-30.64094
1180627656.25,-30.64067
1180627812.5,-30.64133
1180627968.75,-30.63357
1180628125.0,-30.63212
1180628281.25,-30.6281
1180628437.5,-30.62908
1180628593.75,-30.63213
1180628750.0,-30.62866
1180628906.25,-30.6178
1180629062.5,-30.62106
1180629218.75,-30.61553
1180629375.0,-30.61294
1180629531.25,-30.61988
1180629687.5,-30.61224
1180629843.75,-30.61277
1180630000.0,-30.61132
1180630156.25,-30.60409
1180630312.5,-30.60147
1180630468.75,-30.60664
1180630625.0,-30.60177
1180630781.25,-30.5945
1180630937.5,-30.59746
1180631093.75,-30.59142
1180631250.0,-30.58883
1180631406.25,-30.59123
1180631562.5,-30.59587
1180631718.75,-30.5883
1180631875.0,-30.58175
1180632031.25,-30.58238
1180632187.5,-30.58365
1180632343.75,-30.58291
1180632500.0,-30.58326
1180632656.25,-30.56807
1180632812.5,-30.57054
1180632968.75,-30.57052
1180633125.0,-30.56472
1180633281.25,-30.56812
1180633437.5,-30.56681
1180633593.75,-30.56424
1180633750.0,-30.56156
1180633906.25,-30.55474
1180634062.5,-30.55491
1180634218.75,-30.56072
1180634375.0,-30.5562
1180634531.25,-30.5517
1180634687.5,-30.55249
1180634843.75,-30.54706
1180635000.0,-30.54468
1180635156.25,-30.54827
1180635312.5,-30.53848
1180635468.75,-30.5405
1180635625.0,-30.5403
1180635781.25,-30.53523
1180635937.5,-30.53802
1180636093.75,-30.53202
1180636250.0,-30.52799
1180636406.25,-30.5242
1180636562.5,-30.53276
1180636718.75,-30.52609
1180636875.0,-30.5244
1180637031.25,-30.52509
1180637187.5,-30.52036
1180637343.75,-30.52058
1180637500.0,-30.51012
1180637656.25,-30.51676
1180637812.5,-30.51283
1180637968.75,-30.50895
1180638125.0,-30.51052
1180638281.25,-30.51316
1180638437.5,-30.50991
1180638593.75,-30.50863
1180638750.0,-30.5007
1180638906.25,-30.50116
1180639062.5,-30.48955
1180639218.75,-30.49242
1180639375.0,-30.49389
1180639531.25,-30.49042
1180639687.5,-30.48006
1180639843.75,-30.48893
1180640000.0,-30.47866
1180640156.25,-30.48378
1180640312.5,-30.47547
1180640468.75,-30.47431
1180640625.0,-30.47409
1180640781.25,-30.4704
1180640937.5,-30.4724
1180641093.75,-30.46886
1180641250.0,-30.47122
1180641406.25,-30.46899
1180641562.5,-30.46334
1180641718.75,-30.46156
1180641875.0,-30.46386
1180642031.25,-30.4569
1180642187.5,-30.45512
1180642343.75,-30.44821
1180642500.0,-30.4528
1180642656.25,-30.45354
1180642812.5,-30.44634
1180642968.75,-30.44177
1180643125.0,-30.4441
1180643281.25,-30.44403
1180643437.5,-30.43923
1180643593.75,-30.44267
1180643750.0,-30.42908
1180643906.25,-30.4339
1180644062.5,-30.4297
1180644218.75,-30.43484
1180644375.0,-30.42732
1180644531.25,-30.42676
1180644687.5,-30.42893
1180644843.75,-30.42412
1180645000.0,-30.41967
1180645156.25,-30.41862
1180645312.5,-30.41715
1180645468.75,-30.41515
1180645625.0,-30.41129
1180645781.25,-30.41154
1180645937.5,-30.41002
1180646093.75,-30.41221
1180646250.0,-30.41339
1180646406.25,-30.40859
1180646562.5,-30.3964
1180646718.75,-30.40181
1180646875.0,-30.39369
1180647031.25,-30.39509
1180647187.5,-30.3907
1180647343.75,-30.39441
1180647500.0,-30.38863
1180647656.25,-30.38905
1180647812.5,-30.38545
1180647968.75,-30.38344
1180648125.0,-30.38103
1180648281.25,-30.38275
1180648437.5,-30.37752
1180648593.75,-30.37592
1180648750.0,-30.37255
1180648906.25,-30.37537
1180649062.5,-30.36517
1180649218.75,-30.37294
1180649375.0,-30.36489
1180649531.25,-30.36572
1180649687.5,-30.36306
1180649843.75,-30.36158
1180650000.0,-30.35662
1180650156.25,-30.35718
1180650312.5,-30.35108
1180650468.75,-30.34848
1180650625.0,-30.34662
1180650781.25,-30.34673
1180650937.5,-30.34226
1180651093.75,-30.33662
1180651250.0,-30.34675
1180651406.25,-30.3387
1180651562.5,-30.34233
1180651718.75,-30.33136
1180651875.0,-30.33227
1180652031.25,-30.3316
1180652187.5,-30.33135
1180652343.75,-30.33342
1180652500.0,-30.32613
1180652656.25,-30.32665
1180652812.5,-30.3179
1180652968.75,-30.32217
1180653125.0,-30.32023
1180653281.25,-30.31839
1180653437.5,-30.31429
1180653593.75,-30.31177
1180653750.0,-30.30745
1180653906.25,-30.3088
1180654062.5,-30.31183
1180654218.75,-30.30478
1180654375.0,-30.29275
1180654531.25,-30.29408
1180654687.5,-30.30369
1180654843.75,-30.29776
1180655000.0,-30.29302
1180655156.25,-30.29532
1180655312.5,-30.2904
1180655468.75,-30.29053
1180655625.0,-30.28534
1180655781.25,-30.27842
1180655937.5,-30.28009
1180656093.75,-30.2822
1180656250.0,-30.28003
1180656406.25,-30.27924
1180656562.5,-30.27486
1180656718.75,-30.274
1180656875.0,-30.27029
1180657031.25,-30.26982
1180657187.5,-30.25776
1180657343.75,-30.26368
1180657500.0,-30.26121
1180657656.25,-30.25529
1180657812.5,-30.25989
1180657968.75,-30.25776
1180658125.0,-30.24845
1180658281.25,-30.25466
1180658437.5,-30.25024
1180658593.75,-30.24653
1180658750.0,-30.25004
1180658906.25,-30.24409
1180659062.5,-30.24176
1180659218.75,-30.23889
1180659375.0,-30.23479
1180659531.25,-30.23725
1180659687.5,-30.23284
1180659843.75,-30.2284
1180660000.0,-30.22485
1180660156.25,-30.22854
1180660312.5,-30.22757
1180660468.75,-30.22046
1180660625.0,-30.21681
1180660781.25,-30.21935
1180660937.5,-30.21957
1180661093.75,-30.21388
1180661250.0,-30.21486
1180661406.25,-30.21074
1180661562.5,-30.2112
1180661718.75,-30.20838
1180661875.0,-30.20292
1180662031.25,-30.20348
1180662187.5,-30.19938
1180662343.75,-30.20086
1180662500.0,-30.19404
1180662656.25,-30.1902
1180662812.5,-30.19367
1180662968.75,-30.19557
1180663125.0,-30.18631
1180663281.25,-30.18413
1180663437.5,-30.18254
1180663593.75,-30.18256
1180663750.0,-30.17559
1180663906.25,-30.17541
1180664062.5,-30.17622
1180664218.75,-30.1757
1180664375.0,-30.17774
1180664531.25,-30.17009
1180664687.5,-30.16932
1180664843.75,-30.16747
1180665000.0,-30.15892
1180665156.25,-30.16052
1180665312.5,-30.15794
1180665468.75,-30.15984
1180665625.0,-30.15245
1180665781.25,-30.15452
1180665937.5,-30.14876
1180666093.75,-30.15346
1180666250.0,-30.14782
1180666406.25,-30.14863
1180666562.5,-30.13985
1180666718.75,-30.13713
1180666875.0,-30.13819
1180667031.25,-30.13702
1180667187.5,-30.13814
1180667343.75,-30.13321
1180667500.0,-30.13347
1180667656.25,-30.13423
1180667812.5,-30.12963
1180667968.75,-30.1291
1180668125.0,-30.12636
1180668281.25,-30.11937
1180668437.5,-30.11804
1180668593.75,-30.11674
1180668750.0,-30.11516
1180668906.25,-30.11136
1180669062.5,-30.11251
1180669218.75,-30.10699
1180669375.0,-30.10863
1180669531.25,-30.10428
1180669687.5,-30.11012
1180669843.75,-30.09893
1180670000.0,-30.09702
1180670156.25,-30.09675
1180670312.5,-30.09378
1180670468.75,-30.0949
1180670625.0,-30.09122
1180670781.25,-30.08388
1180670937.5,-30.0892
1180671093.75,-30.08219
1180671250.0,-30.07861
1180671406.25,-30.08369
1180671562.5,-30.07713
1180671718.75,-30.07576
1180671875.0,-30.07147
1180672031.25,-30.07411
1180672187.5,-30.07052
1180672343.75,-30.06565
1180672500.0,-30.06586
1180672656.25,-30.06593
1180672812.5,-30.06151
1180672968.75,-30.05904
1180673125.0,-30.06275
1180673281.25,-30.05733
1180673437.5,-30.05454
1180673593.75,-30.05169
1180673750.0,-30.05028
1180673906.25,-30.03974
1180674062.5,-30.04426
1180674218.75,-30.04769
1180674375.0,-30.04206
1180674531.25,-30.037
1180674687.5,-30.03912
1180674843.75,-30.03573
1180675000.0,-30.03475
1180675156.25,-30.02703
1180675312.5,-30.03165
1180675468.75,-30.02596
1180675625.0,-30.02795
1180675781.25,-30.02278
1180675937.5,-30.0226
1180676093.75,-30.01566
1180676250.0,-30.02111
1180676406.25,-30.01635
1180676562.5,-30.01357
1180676718.75,-30.01361
1180676875.0,-30.00427
1180677031.25,-30.00579
1180677187.5,-30.00012
1180677343.75,-30.00356
1180677500.0,-30.00259
1180677656.25,-29.99091
1180677812.5,-29.9978
1180677968.75,-29.9923
1180678125.0,-29.99226
1180678281.25,-29.98356
1180678437.5,-29.98757
1180678593.75,-29.98712
1180678750.0,-29.98107
1180678906.25,-29.97939
1180679062.5,-29.98033
1180679218.75,-29.97084
1180679375.0,-29.97883
1180679531.25,-29.97484
1180679687.5,-29.97149
1180679843.75,-29.96457
1180680000.0,-29.96548
1180680156.25,-29.96466
1180680312.5,-29.96091
1180680468.75,-29.9584
1180680625.0,-29.95848
1180680781.25,-29.95908
1180680937.5,-29.95595
1180681093.75,-29.94902
1180681250.0,-29.95062
1180681406.25,-29.94911
1180681562.5,-29.94798
1180681718.75,-29.94512
1180681875.0,-29.93882
1180682031.25,-29.94439
1180682187.5,-29.93569
1180682343.75,-29.93523
1180682500.0,-29.93214
1180682656.25,-29.93422
1180682812.5,-29.93023
1180682968.75,-29.92657
1180683125.0,-29.92352
1180683281.25,-29.92344
1180683437.5,-29.92237
1180683593.75,-29.9176
1180683750.0,-29.91864
1180683906.25,-29.91219
1180684062.5,-29.91093
1180684218.75,-29.9114
1180684375.0,-29.91037
1180684531.25,-29.90666
1180684687.5,-29.90156
1180684843.75,-29.89824
1180685000.0,-29.90174
1180685156.25,-29.89701
1180685312.5,-29.89329
1180685468.75,-29.89173
1180685625.0,-29.89079
1180685781.25,-29.89164
1180685937.5,-29.88555
1180686093.75,-29.88674
1180686250.0,-29.88585
1180686406.25,-29.8828
1180686562.5,-29.87941
1180686718.75,-29.87384
1180686875.0,-29.87498
1180687031.25,-29.87203
1180687187.5,-29.86921
1180687343.75,-29.86766
1180687500.0,-29.86473
1180687656.25,-29.864
1180687812.5,-29.86289
1180687968.75,-29.85346
1180688125.0,-29.85897
1180688281.25,-29.85267
1180688437.5,-29.85732
1180688593.75,-29.84977
1180688750.0,-29.84676
1180688906.25,-29.84525
1180689062.5,-29.8465
1180689218.75,-29.83904
1180689375.0,-29.83786
1180689531.25,-29.83778
1180689687.5,-29.83391
1180689843.75,-29.83343
1180690000.0,-29.83759
1180690156.25,-29.82583
1180690312.5,-29.82976
1180690468.75,-29.82476
1180690625.0,-29.82836
1180690781.25,-29.81869
1180690937.5,-29.82162
1180691093.75,-29.81695
1180691250.0,-29.81834
1180691406.25,-29.81124
1180691562.5,-29.81042
1180691718.75,-29.8073
1180691875.0,-29.80572
1180692031.25,-29.80738
1180692187.5,-29.80449
1180692343.75,-29.80326
1180692500.0,-29.79969
1180692656.25,-29.79713
1180692812.5,-29.78739
1180692968.75,-29.7854
1180693125.0,-29.78526
1180693281.25,-29.78595
1180693437.5,-29.78573
1180693593.75,-29.7809
1180693750.0,-29.77908
1180693906.25,-29.78131
1180694062.5,-29.77789
1180694218.75,-29.77627
1180694375.0,-29.76967
1180694531.25,-29.77037
1180694687.5,-29.77182
1180694843.75,-29.76951
1180695000.0,-29.76287
1180695156.25,-29.75911
1180695312.5,-29.75874
1180695468.75,-29.7543
1180695625.0,-29.75635
1180695781.25,-29.75071
1180695937.5,-29.75123
1180696093.75,-29.74976
1180696250.0,-29.74357
1180696406.25,-29.75059
1180696562.5,-29.73959
1180696718.75,-29.7349
1180696875.0,-29.73711
1180697031.25,-29.74213
1180697187.5,-29.73581
1180697343.75,-29.7316
1180697500.0,-29.73122
1180697656.25,-29.72696
1180697812.5,-29.72775
1180697968.75,-29.73003
1180698125.0,-29.72171
1180698281.25,-29.71724
1180698437.5,-29.71234
1180698593.75,-29.71472
1180698750.0,-29.70862
1180698906.25,-29.70884
1180699062.5,-29.71178
1180699218.75,-29.70553
1180699375.0,-29.70714
1180699531.25,-29.70298
1180699687.5,-29.69871
1180699843.75,-29.69705
1180700000.0,-29.69772
1180700156.25,-29.69458
1180700312.5,-29.69064
1180700468.75,-29.6851
1180700625.0,-29.68524
1180700781.25,-29.68812
1180700937.5,-29.67769
1180701093.75,-29.67637
1180701250.0,-29.6804
1180701406.25,-29.67608
1180701562.5,-29.67417
1180701718.75,-29.67476
1180701875.0,-29.6658
1180702031.25,-29.66806
1180702187.5,-29.67002
1180702343.75,-29.66311
1180702500.0,-29.65726
1180702656.25,-29.66076
1180702812.5,-29.66237
1180702968.75,-29.65822
1180703125.0,-29.65475
1180703281.25,-29.65306
1180703437.5,-29.64424
1180703593.75,-29.648
1180703750.0,-29.63681
1180703906.25,-29.64151
1180704062.5,-29.63927
1180704218.75,-29.63682
1180704375.0,-29.63322
1180704531.25,-29.63214
1180704687.5,-29.63227
1180704843.75,-29.62842
1180705000.0,-29.62754
1180705156.25,-29.62491
1180705312.5,-29.62448
1180705468.75,-29.61969
1180705625.0,-29.61776
1180705781.25,-29.61924
1180705937.5,-29.61876
1180706093.75,-29.61006
1180706250.0,-29.61742
1180706406.25,-29.60874
1180706562.5,-29.60263
1180706718.75,-29.60554
1180706875.0,-29.59712
1180707031.25,-29.59884
1180707187.5,-29.59864
1180707343.75,-29.59713
1180707500.0,-29.58947
1180707656.25,-29.59381
1180707812.5,-29.58784
1180707968.75,-29.58834
1180708125.0,-29.58553
1180708281.25,-29.58349
1180708437.5,-29.57491
1180708593.75,-29.58136
1180708750.0,-29.57743
1180708906.25,-29.5719
1180709062.5,-29.57495
1180709218.75,-29.56888
1180709375.0,-29.56589
1180709531.25,-29.56996
1180709687.5,-29.56874
1180709843.75,-29.55922
1180710000.0,-29.55411
1180710156.25,-29.55459
1180710312.5,-29.54814
1180710468.75,-29.54974
1180710625.0,-29.54794
1180710781.25,-29.54898
1180710937.5,-29.53998
1180711093.75,-29.54113
1180711250.0,-29.5436
1180711406.25,-29.53838
1180711562.5,-29.53605
1180711718.75,-29.53178
1180711875.0,-29.53038
1180712031.25,-29.5328
1180712187.5,-29.52177
1180712343.75,-29.5248
1180712500.0,-29.52269
1180712656.25,-29.52148
1180712812.5,-29.51502
1180712968.75,-29.51822
1180713125.0,-29.51319
1180713281.25,-29.51343
1180713437.5,-29.51081
1180713593.75,-29.50734
1180713750.0,-29.50817
1180713906.25,-29.49833
1180714062.5,-29.5012
1180714218.75,-29.49776
1180714375.0,-29.49501
1180714531.25,-29.49453
1180714687.5,-29.49352
1180714843.75,-29.49114
1180715000.0,-29.4893
1180715156.25,-29.48562
1180715312.5,-29.48649
1180715468.75,-29.4782
1180715625.0,-29.4808
1180715781.25,-29.4771
1180715937.5,-29.47223
1180716093.75,-29.47044
1180716250.0,-29.47538
1180716406.25,-29.46431
1180716562.5,-29.46339
1180716718.75,-29.46229
1180716875.0,-29.46045
1180717031.25,-29.45997
1180717187.5,-29.46518
1180717343.75,-29.4617
1180717500.0,-29.45474
1180717656.25,-29.45361
1180717812.5,-29.44893
1180717968.75,-29.44429
1180718125.0,-29.44551
1180718281.25,-29.44186
1180718437.5,-29.43994
1180718593.75,-29.43906
1180718750.0,-29.43324
1180718906.25,-29.43562
1180719062.5,-29.4314
1180719218.75,-29.43346
1180719375.0,-29.42663
1180719531.25,-29.42747
1180719687.5,-29.42024
1180719843.75,-29.42079
1180720000.0,-29.41802
1180720156.25,-29.41866
1180720312.5,-29.41326
1180720468.75,-29.41192
1180720625.0,-29.40973
1180720781.25,-29.40657
1180720937.5,-29.40456
1180721093.75,-29.40057
1180721250.0,-29.40057
1180721406.25,-29.39614
1180721562.5,-29.39146
1180721718.75,-29.38774
1180721875.0,-29.3889
1180722031.25,-29.3855
1180722187.5,-29.38421
1180722343.75,-29.38161
1180722500.0,-29.386
1180722656.25,-29.37713
1180722812.5,-29.38033
1180722968.75,-29.37606
1180723125.0,-29.36861
1180723281.25,-29.37465
1180723437.5,-29.36667
1180723593.75,-29.3674
1180723750.0,-29.36174
1180723906.25,-29.36376
1180724062.5,-29.35551
1180724218.75,-29.36004
1180724375.0,-29.3535
1180724531.25,-29.35633
1180724687.5,-29.3534
1180724843.75,-29.3419
1180725000.0,-29.3421
1180725156.25,-29.34201
1180725312.5,-29.33896
1180725468.75,-29.34228
1180725625.0,-29.33491
1180725781.25,-29.33488
1180725937.5,-29.33124
1180726093.75,-29.32998
1180726250.0,-29.32545
1180726406.25,-29.32936
1180726562.5,-29.32359
1180726718.75,-29.32183
1180726875.0,-29.32314
1180727031.25,-29.31642
1180727187.5,-29.31225
1180727343.75,-29.31251
1180727500.0,-29.31147
1180727656.25,-29.31307
1180727812.5,-29.30121
1180727968.75,-29.30095
1180728125.0,-29.30342
1180728281.25,-29.29762
1180728437.5,-29.30209
1180728593.75,-29.29425
1180728750.0,-29.2918
1180728906.25,-29.28733
1180729062.5,-29.28507
1180729218.75,-29.28381
1180729375.0,-29.27862
1180729531.25,-29.2777
1180729687.5,-29.28084
1180729843.75,-29.28058
1180730000.0,-29.27416
1180730156.25,-29.2702
1180730312.5,-29.27104
1180730468.75,-29.2684
1180730625.0,-29.26395
1180730781.25,-29.26145
1180730937.5,-29.26057
1180731093.75,-29.25319
1180731250.0,-29.26001
1180731406.25,-29.25014
1180731562.5,-29.24861
1180731718.75,-29.24653
1180731875.0,-29.24679
1180732031.25,-29.24344
1180732187.5,-29.24119
1180732343.75,-29.23884
1180732500.0,-29.238
1180732656.25,-29.23557
1180732812.5,-29.23811
1180732968.75,-29.22867
1180733125.0,-29.23029
1180733281.25,-29.22104
1180733437.5,-29.22408
1180733593.75,-29.22731
1180733750.0,-29.21794
1180733906.25,-29.21399
1180734062.5,-29.21954
1180734218.75,-29.21567
1180734375.0,-29.21266
1180734531.25,-29.20825
1180734687.5,-29.20928
1180734843.75,-29.19762
1180735000.0,-29.20165
1180735156.25,-29.19892
1180735312.5,-29.19594
1180735468.75,-29.19037
1180735625.0,-29.19399
1180735781.25,-29.18834
1180735937.5,-29.19195
1180736093.75,-29.18507
1180736250.0,-29.18224
1180736406.25,-29.1805
1180736562.5,-29.17832
1180736718.75,-29.17577
1180736875.0,-29.17792
1180737031.25,-29.17635
1180737187.5,-29.1748
1180737343.75,-29.1649
1180737500.0,-29.16412
1180737656.25,-29.16394
1180737812.5,-29.16212
1180737968.75,-29.15583
1180738125.0,-29.15406
1180738281.25,-29.14912
1180738437.5,-29.15399
1180738593.75,-29.14756
1180738750.0,-29.14484
1180738906.25,-29.14465
1180739062.5,-29.14356
1180739218.75,-29.14191
1180739375.0,-29.13836
1180739531.25,-29.13583
1180739687.5,-29.13044
1180739843.75,-29.13213
1180740000.0,-29.12848
1180740156.25,-29.12712
1180740312.5,-29.12331
1180740468.75,-29.12143
1180740625.0,-29.117
1180740781.25,-29.12232
1180740937.5,-29.11349
1180741093.75,-29.11497
1180741250.0,-29.10619
1180741406.25,-29.10731
1180741562.5,-29.10434
1180741718.75,-29.10584
1180741875.0,-29.10053
1180742031.25,-29.10061
1180742187.5,-29.09683
1180742343.75,-29.09432
1180742500.0,-29.09369
1180742656.25,-29.08808
1180742812.5,-29.08417
1180742968.75,-29.08916
1180743125.0,-29.08393
1180743281.25,-29.08125
1180743437.5,-29.08118
1180743593.75,-29.07595
1180743750.0,-29.07483
1180743906.25,-29.07137
1180744062.5,-29.0685
1180744218.75,-29.06867
1180744375.0,-29.06449
1180744531.25,-29.06072
1180744687.5,-29.05615
1180744843.75,-29.05779
1180745000.0,-29.05275
1180745156.25,-29.05446
1180745312.5,-29.05393
1180745468.75,-29.04863
1180745625.0,-29.04659
1180745781.25,-29.04406
1180745937.5,-29.04136
1180746093.75,-29.03698
1180746250.0,-29.03969
1180746406.25,-29.03785
1180746562.5,-29.03378
1180746718.75,-29.02836
1180746875.0,-29.02319
1180747031.25,-29.02707
1180747187.5,-29.02004
1180747343.75,-29.01818
1180747500.0,-29.02009
1180747656.25,-29.01974
1180747812.5,-29.01038
1180747968.75,-29.01423
1180748125.0,-29.00741
1180748281.25,-29.00502
1180748437.5,-29.00495
1180748593.75,-29.00236
1180748750.0,-28.99797
1180748906.25,-29.00075
1180749062.5,-28.99787
1180749218.75,-28.99354
1180749375.0,-28.99089
1180749531.25,-28.9884
1180749687.5,-28.99024
1180749843.75,-28.98691
1180750000.0,-28.98481
1180750156.25,-28.97998
1180750312.5,-28.97812
1180750468.75,-28.97303
1180750625.0,-28.96905
1180750781.25,-28.97276
1180750937.5,-28.96897
1180751093.75,-28.96671
1180751250.0,-28.96225
1180751406.25,-28.95884
1180751562.5,-28.96185
1180751718.75,-28.95499
1180751875.0,-28.95689
1180752031.25,-28.95495
1180752187.5,-28.94952
1180752343.75,-28.94678
1180752500.0,-28.94775
1180752656.25,-28.94213
1180752812.5,-28.93824
1180752968.75,-28.94033
1180753125.0,-28.93943
1180753281.25,-28.93168
1180753437.5,-28.92715
1180753593.75,-28.92645
1180753750.0,-28.92303
1180753906.25,-28.91923
1180754062.5,-28.92246
1180754218.75,-28.92379
1180754375.0,-28.91458
1180754531.25,-28.9098
1180754687.5,-28.90949
1180754843.75,-28.90874
1180755000.0,-28.90778
1180755156.25,-28.90086
1180755312.5,-28.89775
1180755468.75,-28.90173
1180755625.0,-28.89501
1180755781.25,-28.89342
1180755937.5,-28.89267
1180756093.75,-28.89395
1180756250.0,-28.88734
1180756406.25,-28.88908
1180756562.5,-28.88881
1180756718.75,-28.88733
1180756875.0,-28.87659
1180757031.25,-28.87358
1180757187.5,-28.87512
1180757343.75,-28.8745
1180757500.0,-28.86972
1180757656.25,-28.86853
1180757812.5,-28.86276
1180757968.75,-28.85841
1180758125.0,-28.85932
1180758281.25,-28.85526
1180758437.5,-28.8558
1180758593.75,-28.85526
1180758750.0,-28.85297
1180758906.25,-28.8514
1180759062.5,-28.84416
1180759218.75,-28.84285
1180759375.0,-28.8396
1180759531.25,-28.83663
1180759687.5,-28.83661
1180759843.75,-28.83333
1180760000.0,-28.83484
1180760156.25,-28.82875
1180760312.5,-28.8275
1180760468.75,-28.82352
1180760625.0,-28.81877
1180760781.25,-28.81855
1180760937.5,-28.81146
1180761093.75,-28.81611
1180761250.0,-28.81102
1180761406.25,-28.80891
1180761562.5,-28.81093
1180761718.75,-28.80634
1180761875.0,-28.80403
1180762031.25,-28.79958
1180762187.5,-28.79282
1180762343.75,-28.79685
1180762500.0,-28.79342
1180762656.25,-28.79788
1180762812.5,-28.78604
1180762968.75,-28.78366
1180763125.0,-28.78416
1180763281.25,-28.78224
1180763437.5,-28.78121
1180763593.75,-28.77892
1180763750.0,-28.77376
1180763906.25,-28.77538
1180764062.5,-28.77269
1180764218.75,-28.77068
1180764375.0,-28.76554
1180764531.25,-28.76153
1180764687.5,-28.75594
1180764843.75,-28.75671
1180765000.0,-28.75531
1180765156.25,-28.74965
1180765312.5,-28.75184
1180765468.75,-28.75022
1180765625.0,-28.74996
1180765781.25,-28.73961
1180765937.5,-28.73824
1180766093.75,-28.74254
1180766250.0,-28.73345
1180766406.25,-28.73537
1180766562.5,-28.73266
1180766718.75,-28.73438
1180766875.0,-28.73332
1180767031.25,-28.72387
1180767187.5,-28.71802
1180767343.75,-28.72811
1180767500.0,-28.71481
1180767656.25,-28.71511
1180767812.5,-28.71709
1180767968.75,-28.71026
1180768125.0,-28.70847
1180768281.25,-28.70745
1180768437.5,-28.70459
1180768593.75,-28.70712
1180768750.0,-28.69489
1180768906.25,-28.69068
1180769062.5,-28.69124
1180769218.75,-28.69444
1180769375.0,-28.68833
1180769531.25,-28.68448
1180769687.5,-28.6849
1180769843.75,-28.67906
1180770000.0,-28.68296
1180770156.25,-28.67785
1180770312.5,-28.67437
1180770468.75,-28.67003
1180770625.0,-28.66825
1180770781.25,-28.66541
1180770937.5,-28.66669
1180771093.75,-28.65821
1180771250.0,-28.6608
1180771406.25,-28.65548
1180771562.5,-28.65133
1180771718.75,-28.65685
1180771875.0,-28.64778
1180772031.25,-28.64919
1180772187.5,-28.64445
1180772343.75,-28.64014
1180772500.0,-28.64374
1180772656.25,-28.63803
1180772812.5,-28.63676
1180772968.75,-28.63501
1180773125.0,-28.6308
1180773281.25,-28.62705
1180773437.5,-28.62687
1180773593.75,-28.62341
1180773750.0,-28.62492
1180773906.25,-28.61857
1180774062.5,-28.62271
1180774218.75,-28.61192
1180774375.0,-28.61117
1180774531.25,-28.60608
1180774687.5,-28.60847
1180774843.75,-28.60055
1180775000.0,-28.59709
1180775156.25,-28.5984
1180775312.5,-28.59551
1180775468.75,-28.59505
1180775625.0,-28.59125
1180775781.25,-28.59339
1180775937.5,-28.5827
1180776093.75,-28.58639
1180776250.0,-28.58518
1180776406.25,-28.58567
1180776562.5,-28.57724
1180776718.75,-28.57942
1180776875.0,-28.57272
1180777031.25,-28.56635
1180777187.5,-28.56568
1180777343.75,-28.56309
1180777500.0,-28.56942
1180777656.25,-28.56178
1180777812.5,-28.55988
1180777968.75,-28.55445
1180778125.0,-28.55425
1180778281.25,-28.55491
1180778437.5,-28.54759
1180778593.75,-28.54834
1180778750.0,-28.54337
1180778906.25,-28.54259
1180779062.5,-28.54308
1180779218.75,-28.53995
1180779375.0,-28.53399
1180779531.25,-28.52927
1180779687.5,-28.5323
1180779843.75,-28.52887
1180780000.0,-28.52469
1180780156.25,-28.52373
1180780312.5,-28.51826
1180780468.75,-28.51544
1180780625.0,-28.51394
1180780781.25,-28.51549
1180780937.5,-28.51219
1180781093.75,-28.50375
1180781250.0,-28.50347
1180781406.25,-28.50671
1180781562.5,-28.49669
1180781718.75,-28.49423
1180781875.0,-28.49966
1180782031.25,-28.49574
1180782187.5,-28.4848
1180782343.75,-28.48549
1180782500.0,-28.49083
1180782656.25,-28.48602
1180782812.5,-28.487
1180782968.75,-28.47755
1180783125.0,-28.47399
1180783281.25,-28.46803
1180783437.5,-28.46498
1180783593.75,-28.47108
1180783750.0,-28.46571
1180783906.25,-28.46573
1180784062.5,-28.46269
1180784218.75,-28.45549
1180784375.0,-28.4577
1180784531.25,-28.45543
1180784687.5,-28.44765
1180784843.75,-28.44874
1180785000.0,-28.44917
1180785156.25,-28.44327
1180785312.5,-28.44289
1180785468.75,-28.43873
1180785625.0,-28.4304
1180785781.25,-28.43108
1180785937.5,-28.43432
1180786093.75,-28.43045
1180786250.0,-28.42801
1180786406.25,-28.41865
1180786562.5,-28.42194
1180786718.75,-28.41824
1180786875.0,-28.41602
1180787031.25,-28.41208
1180787187.5,-28.41095
1180787343.75,-28.40993
1180787500.0,-28.40904
1180787656.25,-28.40645
1180787812.5,-28.39788
1180787968.75,-28.40221
1180788125.0,-28.39643
1180788281.25,-28.39245
1180788437.5,-28.3936
1180788593.75,-28.38424
1180788750.0,-28.38974
1180788906.25,-28.38496
1180789062.5,-28.38608
1180789218.75,-28.38156
1180789375.0,-28.37449
1180789531.25,-28.3732
1180789687.5,-28.37085
1180789843.75,-28.37155
1180790000.0,-28.36765
1180790156.25,-28.36322
1180790312.5,-28.35991
1180790468.75,-28.35686
1180790625.0,-28.35967
1180790781.25,-28.35618
1180790937.5,-28.34939
1180791093.75,-28.35317
1180791250.0,-28.3483
1180791406.25,-28.33915
1180791562.5,-28.34534
1180791718.75,-28.33999
1180791875.0,-28.33284
1180792031.25,-28.33337
1180792187.5,-28.33511
1180792343.75,-28.32903
1180792500.0,-28.328
1180792656.25,-28.31743
1180792812.5,-28.32154
1180792968.75,-28.32225
1180793125.0,-28.31999
1180793281.25,-28.31607
1180793437.5,-28.31055
1180793593.75,-28.30866
1180793750.0,-28.30263
1180793906.25,-28.30439
1180794062.5,-28.29978
1180794218.75,-28.3
1180794375.0,-28.29906
1180794531.25,-28.29634
1180794687.5,-28.29365
1180794843.75,-28.28862
1180795000.0,-28.28353
1180795156.25,-28.28375
1180795312.5,-28.28233
1180795468.75,-28.28451
1180795625.0,-28.27473
1180795781.25,-28.27049
1180795937.5,-28.26958
1180796093.75,-28.27421
1180796250.0,-28.26814
1180796406.25,-28.26412
1180796562.5,-28.26234
1180796718.75,-28.26103
1180796875.0,-28.25661
1180797031.25,-28.25981
1180797187.5,-28.25329
1180797343.75,-28.24611
1180797500.0,-28.24469
1180797656.25,-28.24748
1180797812.5,-28.2368
1180797968.75,-28.23663
1180798125.0,-28.23592
1180798281.25,-28.23513
1180798437.5,-28.22859
1180798593.75,-28.22665
1180798750.0,-28.22279
1180798906.25,-28.22448
1180799062.5,-28.21943
1180799218.75,-28.22013
1180799375.0,-28.21434
1180799531.25,-28.21345
1180799687.5,-28.20902
1180799843.75,-28.20737
1180800000.0,-28.20888
1180800156.25,-28.20477
1180800312.5,-28.20026
1180800468.75,-28.19886
1180800625.0,-28.19543
1180800781.25,-28.19164
1180800937.5,-28.19217
1180801093.75,-28.1934
1180801250.0,-28.18231
1180801406.25,-28.18185
1180801562.5,-28.1785
1180801718.75,-28.17937
1180801875.0,-28.17064
1180802031.25,-28.17518
1180802187.5,-28.17573
1180802343.75,-28.16211
1180802500.0,-28.16416
1180802656.25,-28.16272
1180802812.5,-28.16134
1180802968.75,-28.15512
1180803125.0,-28.15276
1180803281.25,-28.15534
1180803437.5,-28.15164
1180803593.75,-28.1447
1180803750.0,-28.14324
1180803906.25,-28.14598
1180804062.5,-28.14375
1180804218.75,-28.13964
1180804375.0,-28.13949
1180804531.25,-28.13188
1180804687.5,-28.1291
1180804843.75,-28.12744
1180805000.0,-28.1228
1180805156.25,-28.12464
1180805312.5,-28.11331
1180805468.75,-28.11795
1180805625.0,-28.1125
1180805781.25,-28.1128
1180805937.5,-28.1082
1180806093.75,-28.10462
1180806250.0,-28.10793
1180806406.25,-28.09881
1180806562.5,-28.10214
1180806718.75,-28.09376
1180806875.0,-28.0933
1180807031.25,-28.09252
1180807187.5,-28.08869
1180807343.75,-28.08559
1180807500.0,-28.08265
1180807656.25,-28.08005
1180807812.5,-28.07872
1180807968.75,-28.07698
1180808125.0,-28.0725
1180808281.25,-28.07508
1180808437.5,-28.06515
1180808593.75,-28.06727
1180808750.0,-28.0689
1180808906.25,-28.06095
1180809062.5,-28.05771
1180809218.75,-28.0557
1180809375.0,-28.05541
1180809531.25,-28.05114
1180809687.5,-28.04597
1180809843.75,-28.04312
1180810000.0,-28.04159
1180810156.25,-28.04158
1180810312.5,-28.03596
1180810468.75,-28.03225
1180810625.0,-28.03567
1180810781.25,-28.02851
1180810937.5,-28.02187
1180811093.75,-28.02518
1180811250.0,-28.02313
1180811406.25,-28.01786
1180811562.5,-28.01381
1180811718.75,-28.01354
1180811875.0,-28.00933
1180812031.25,-28.00603
1180812187.5,-28.00756
1180812343.75,-28.0042
1180812500.0,-27.99771
1180812656.25,-28.00033
1180812812.5,-27.99908
1180812968.75,-27.99036
1180813125.0,-27.98737
1180813281.25,-27.98661
1180813437.5,-27.98293
1180813593.75,-27.98352
1180813750.0,-27.97717
1180813906.25,-27.97305
1180814062.5,-27.97851
1180814218.75,-27.97392
1180814375.0,-27.97114
1180814531.25,-27.96675
1180814687.5,-27.9613
1180814843.75,-27.96155
1180815000.0,-27.96193
1180815156.25,-27.95907
1180815312.5,-27.95358
1180815468.75,-27.95193
1180815625.0,-27.95181
1180815781.25,-27.9437
1180815937.5,-27.94333
1180816093.75,-27.94518
1180816250.0,-27.93843
1180816406.25,-27.94056
1180816562.5,-27.93273
1180816718.75,-27.93346
1180816875.0,-27.92699
1180817031.25,-27.92233
1180817187.5,-27.92395
1180817343.75,-27.9214
1180817500.0,-27.91717
1180817656.25,-27.9167
1180817812.5,-27.91428
1180817968.75,-27.90658
1180818125.0,-27.90646
1180818281.25,-27.90706
1180818437.5,-27.90539
1180818593.75,-27.90283
1180818750.0,-27.8982
1180818906.25,-27.89606
1180819062.5,-27.88969
1180819218.75,-27.89014
1180819375.0,-27.88763
1180819531.25,-27.88432
1180819687.5,-27.88552
1180819843.75,-27.87927
1180820000.0,-27.87605
1180820156.25,-27.8764
1180820312.5,-27.87135
1180820468.75,-27.86765
1180820625.0,-27.86828
1180820781.25,-27.8593
1180820937.5,-27.85608
1180821093.75,-27.8584
1180821250.0,-27.85639
1180821406.25,-27.85463
1180821562.5,-27.85266
1180821718.75,-27.84666
1180821875.0,-27.84497
1180822031.25,-27.84089
1180822187.5,-27.84024
1180822343.75,-27.83438
1180822500.0,-27.83508
1180822656.25,-27.83369
1180822812.5,-27.82698
1180822968.75,-27.8249
1180823125.0,-27.82568
1180823281.25,-27.82136
1180823437.5,-27.8189
1180823593.75,-27.81581
1180823750.0,-27.81106
1180823906.25,-27.81046
1180824062.5,-27.80409
1180824218.75,-27.80621
1180824375.0,-27.80529
1180824531.25,-27.80105
1180824687.5,-27.794
1180824843.75,-27.79872
1180825000.0,-27.78901
1180825156.25,-27.79123
1180825312.5,-27.79004
1180825468.75,-27.78594
1180825625.0,-27.78154
1180825781.25,-27.78052
1180825937.5,-27.77779
1180826093.75,-27.77322
1180826250.0,-27.77216
1180826406.25,-27.76833
1180826562.5,-27.7718
1180826718.75,-27.76401
1180826875.0,-27.75969
1180827031.25,-27.75615
1180827187.5,-27.7565
1180827343.75,-27.75344
1180827500.0,-27.7509
1180827656.25,-27.75013
1180827812.5,-27.74446
1180827968.75,-27.74298
1180828125.0,-27.74179
1180828281.25,-27.73865
1180828437.5,-27.73491
1180828593.75,-27.73187
1180828750.0,-27.72473
1180828906.25,-27.72811
1180829062.5,-27.72355
1180829218.75,-27.72288
1180829375.0,-27.71923
1180829531.25,-27.71298
1180829687.5,-27.70936
1180829843.75,-27.70945
1180830000.0,-27.71129
1180830156.25,-27.70879
1180830312.5,-27.70428
1180830468.75,-27.70272
1180830625.0,-27.69596
1180830781.25,-27.69747
1180830937.5,-27.69495
1180831093.75,-27.68803
1180831250.0,-27.68204
1180831406.25,-27.68071
1180831562.5,-27.67842
1180831718.75,-27.67417
1180831875.0,-27.6732
1180832031.25,-27.6714
1180832187.5,-27.66783
1180832343.75,-27.66691
1180832500.0,-27.66468
1180832656.25,-27.66232
1180832812.5,-27.66171
1180832968.75,-27.65797
1180833125.0,-27.65392
1180833281.25,-27.64836
1180833437.5,-27.64908
1180833593.75,-27.6469
1180833750.0,-27.64673
1180833906.25,-27.63983
1180834062.5,-27.63798
1180834218.75,-27.63314
1180834375.0,-27.6344
1180834531.25,-27.62906
1180834687.5,-27.62905
1180834843.75,-27.62316
1180835000.0,-27.62114
1180835156.25,-27.61955
1180835312.5,-27.6167
1180835468.75,-27.61193
1180835625.0,-27.61336
1180835781.25,-27.61203
1180835937.5,-27.60716
1180836093.75,-27.60415
1180836250.0,-27.59768
1180836406.25,-27.59815
1180836562.5,-27.59526
1180836718.75,-27.58939
1180836875.0,-27.58981
1180837031.25,-27.58538
1180837187.5,-27.58228
1180837343.75,-27.58031
1180837500.0,-27.58085
1180837656.25,-27.57533
1180837812.5,-27.57181
1180837968.75,-27.57104
1180838125.0,-27.56534
1180838281.25,-27.56672
1180838437.5,-27.56491
1180838593.75,-27.55829
1180838750.0,-27.55733
1180838906.25,-27.55493
1180839062.5,-27.54999
1180839218.75,-27.54984
1180839375.0,-27.54683
1180839531.25,-27.54262
1180839687.5,-27.53683
1180839843.75,-27.53401
1180840000.0,-27.53418
1180840156.25,-27.53395
1180840312.5,-27.53061
1180840468.75,-27.52408
1180840625.0,-27.52669
1180840781.25,-27.52042
1180840937.5,-27.52506
1180841093.75,-27.51171
1180841250.0,-27.51158
1180841406.25,-27.51073
1180841562.5,-27.5052
1180841718.75,-27.5045
1180841875.0,-27.50382
1180842031.25,-27.5021
1180842187.5,-27.49598
1180842343.75,-27.49509
1180842500.0,-27.4888
1180842656.25,-27.48851
1180842812.5,-27.4863
1180842968.75,-27.48062
1180843125.0,-27.4822
1180843281.25,-27.47384
1180843437.5,-27.47405
1180843593.75,-27.47184
1180843750.0,-27.47078
1180843906.25,-27.46717
1180844062.5,-27.46482
1180844218.75,-27.46424
1180844375.0,-27.46051
1180844531.25,-27.456
1180844687.5,-27.4511
1180844843.75,-27.44771
1180845000.0,-27.45008
1180845156.25,-27.44493
1180845312.5,-27.43866
1180845468.75,-27.44246
1180845625.0,-27.43792
1180845781.25,-27.43206
1180845937.5,-27.43045
1180846093.75,-27.4298
1180846250.0,-27.42171
1180846406.25,-27.42263
1180846562.5,-27.41866
1180846718.75,-27.41688
1180846875.0,-27.41925
1180847031.25,-27.41136
1180847187.5,-27.41148
1180847343.75,-27.40585
1180847500.0,-27.40804
1180847656.25,-27.40178
1180847812.5,-27.40121
1180847968.75,-27.3962
1180848125.0,-27.39427
1180848281.25,-27.3875
1180848437.5,-27.38481
1180848593.75,-27.3842
1180848750.0,-27.38325
1180848906.25,-27.37976
1180849062.5,-27.37857
1180849218.75,-27.37662
1180849375.0,-27.37211
1180849531.25,-27.36845
1180849687.5,-27.36606
1180849843.75,-27.36291
1180850000.0,-27.35828
1180850156.25,-27.35461
1180850312.5,-27.35132
1180850468.75,-27.35265
1180850625.0,-27.34604
1180850781.25,-27.34561
1180850937.5,-27.33969
1180851093.75,-27.34065
1180851250.0,-27.33973
1180851406.25,-27.33125
1180851562.5,-27.33276
1180851718.75,-27.32695
1180851875.0,-27.32575
1180852031.25,-27.32268
1180852187.5,-27.3202
1180852343.75,-27.32024
1180852500.0,-27.31225
1180852656.25,-27.31472
1180852812.5,-27.31051
1180852968.75,-27.30764
1180853125.0,-27.3063
1180853281.25,-27.30204
1180853437.5,-27.30152
1180853593.75,-27.30056
1180853750.0,-27.29607
1180853906.25,-27.29218
1180854062.5,-27.28104
1180854218.75,-27.28837
1180854375.0,-27.27849
1180854531.25,-27.27966
1180854687.5,-27.27774
1180854843.75,-27.27481
1180855000.0,-27.27054
1180855156.25,-27.26414
1180855312.5,-27.26526
1180855468.75,-27.26273
1180855625.0,-27.26205
1180855781.25,-27.25505
1180855937.5,-27.25349
1180856093.75,-27.24846
1180856250.0,-27.24869
1180856406.25,-27.24007
1180856562.5,-27.24083
1180856718.75,-27.23857
1180856875.0,-27.23725
1180857031.25,-27.23256
1180857187.5,-27.23459
1180857343.75,-27.22976
1180857500.0,-27.22865
1180857656.25,-27.22457
1180857812.5,-27.21771
1180857968.75,-27.21964
1180858125.0,-27.21104
1180858281.25,-27.20457
1180858437.5,-27.20926
1180858593.75,-27.20607
1180858750.0,-27.20255
1180858906.25,-27.19582
1180859062.5,-27.19823
1180859218.75,-27.19448
1180859375.0,-27.19509
1180859531.25,-27.18817
1180859687.5,-27.1887
1180859843.75,-27.18328
1180860000.0,-27.17993
1180860156.25,-27.17976
1180860312.5,-27.17314
1180860468.75,-27.16922
1180860625.0,-27.16816
1180860781.25,-27.16575
1180860937.5,-27.1627
1180861093.75,-27.15844
1180861250.0,-27.15885
1180861406.25,-27.15851
1180861562.5,-27.15469
1180861718.75,-27.1492
1180861875.0,-27.14446
1180862031.25,-27.14608
1180862187.5,-27.13891
1180862343.75,-27.13351
1180862500.0,-27.13696
1180862656.25,-27.13261
1180862812.5,-27.1307
1180862968.75,-27.1261
1180863125.0,-27.1244
1180863281.25,-27.12313
1180863437.5,-27.11949
1180863593.75,-27.11287
1180863750.0,-27.1164
1180863906.25,-27.10805
1180864062.5,-27.10814
1180864218.75,-27.1022
1180864375.0,-27.10181
1180864531.25,-27.09305
1180864687.5,-27.09689
1180864843.75,-27.09095
1180865000.0,-27.08743
1180865156.25,-27.0891
1180865312.5,-27.08579
1180865468.75,-27.08027
1180865625.0,-27.08047
1180865781.25,-27.07114
1180865937.5,-27.07297
1180866093.75,-27.06915
1180866250.0,-27.06822
1180866406.25,-27.06287
1180866562.5,-27.06073
1180866718.75,-27.0555
1180866875.0,-27.0508
1180867031.25,-27.0525
1180867187.5,-27.04981
1180867343.75,-27.04337
1180867500.0,-27.04485
1180867656.25,-27.03922
1180867812.5,-27.0401
1180867968.75,-27.03772
1180868125.0,-27.03246
1180868281.25,-27.03202
1180868437.5,-27.02832
1180868593.75,-27.02149
1180868750.0,-27.02419
1180868906.25,-27.02188
1180869062.5,-27.01787
1180869218.75,-27.01246
1180869375.0,-27.01062
1180869531.25,-27.00457
1180869687.5,-27.00736
1180869843.75,-27.00011
1180870000.0,-26.99791
1180870156.25,-26.9939
1180870312.5,-26.99033
1180870468.75,-26.99091
1180870625.0,-26.98503
1180870781.25,-26.98326
1180870937.5,-26.97919
1180871093.75,-26.97551
1180871250.0,-26.97782
1180871406.25,-26.96873
1180871562.5,-26.97058
1180871718.75,-26.96666
1180871875.0,-26.96397
1180872031.25,-26.95858
1180872187.5,-26.95512
1180872343.75,-26.95568
1180872500.0,-26.95437
1180872656.25,-26.94488
1180872812.5,-26.94799
1180872968.75,-26.94436
1180873125.0,-26.94291
1180873281.25,-26.93735
1180873437.5,-26.93378
1180873593.75,-26.93409
1180873750.0,-26.92691
1180873906.25,-26.92679
1180874062.5,-26.92237
1180874218.75,-26.92091
1180874375.0,-26.91536
1180874531.25,-26.91407
1180874687.5,-26.90659
1180874843.75,-26.90783
1180875000.0,-26.9031
1180875156.25,-26.90015
1180875312.5,-26.8999
1180875468.75,-26.89748
1180875625.0,-26.89137
1180875781.25,-26.88752
1180875937.5,-26.88615
1180876093.75,-26.88554
1180876250.0,-26.88022
1180876406.25,-26.879
1180876562.5,-26.87947
1180876718.75,-26.86883
1180876875.0,-26.86978
1180877031.25,-26.86832
1180877187.5,-26.86562
1180877343.75,-26.85875
1180877500.0,-26.85786
1180877656.25,-26.85747
1180877812.5,-26.85329
1180877968.75,-26.84712
1180878125.0,-26.84407
1180878281.25,-26.84861
1180878437.5,-26.84256
1180878593.75,-26.83953
1180878750.0,-26.83947
1180878906.25,-26.83016
1180879062.5,-26.83088
1180879218.75,-26.82622
1180879375.0,-26.82008
1180879531.25,-26.82081
1180879687.5,-26.81635
1180879843.75,-26.81365
1180880000.0,-26.81043
1180880156.25,-26.80783
1180880312.5,-26.80581
1180880468.75,-26.79913
1180880625.0,-26.79795
1180880781.25,-26.79533
1180880937.5,-26.79614
1180881093.75,-26.78766
1180881250.0,-26.78594
1180881406.25,-26.78063
1180881562.5,-26.78222
1180881718.75,-26.78184
1180881875.0,-26.77238
1180882031.25,-26.77725
1180882187.5,-26.76881
1180882343.75,-26.76585
1180882500.0,-26.76773
1180882656.25,-26.7604
1180882812.5,-26.75917
1180882968.75,-26.75434
1180883125.0,-26.75365
1180883281.25,-26.75035
1180883437.5,-26.74867
1180883593.75,-26.74138
1180883750.0,-26.74323
1180883906.25,-26.73606
1180884062.5,-26.73942
1180884218.75,-26.7334
1180884375.0,-26.7285
1180884531.25,-26.72909
1180884687.5,-26.72179
1180884843.75,-26.71679
1180885000.0,-26.7159
1180885156.25,-26.7131
1180885312.5,-26.70544
1180885468.75,-26.71096
1180885625.0,-26.70942
1180885781.25,-26.70355
1180885937.5,-26.70016
1180886093.75,-26.69463
1180886250.0,-26.69789
1180886406.25,-26.68578
1180886562.5,-26.68942
1180886718.75,-26.685
1180886875.0,-26.68144
1180887031.25,-26.67951
1180887187.5,-26.67586
1180887343.75,-26.67219
1180887500.0,-26.67072
1180887656.25,-26.6649
1180887812.5,-26.66485
1180887968.75,-26.66066
1180888125.0,-26.65894
1180888281.25,-26.65544
1180888437.5,-26.6472
1180888593.75,-26.65092
1180888750.0,-26.64265
1180888906.25,-26.64088
1180889062.5,-26.63971
1180889218.75,-26.63521
1180889375.0,-26.63225
1180889531.25,-26.63042
1180889687.5,-26.62671
1180889843.75,-26.62467
1180890000.0,-26.61964
1180890156.25,-26.61916
1180890312.5,-26.61924
1180890468.75,-26.61129
1180890625.0,-26.6104
1180890781.25,-26.604
1180890937.5,-26.60145
1180891093.75,-26.60234
1180891250.0,-26.59909
1180891406.25,-26.5934
1180891562.5,-26.59134
1180891718.75,-26.58496
1180891875.0,-26.58901
1180892031.25,-26.57899
1180892187.5,-26.58119
1180892343.75,-26.57369
1180892500.0,-26.57378
1180892656.25,-26.57271
1180892812.5,-26.56975
1180892968.75,-26.56372
1180893125.0,-26.56298
1180893281.25,-26.55671
1180893437.5,-26.55432
1180893593.75,-26.55485
1180893750.0,-26.54942
1180893906.25,-26.54733
1180894062.5,-26.54207
1180894218.75,-26.54069
1180894375.0,-26.53443
1180894531.25,-26.53757
1180894687.5,-26.53119
1180894843.75,-26.52684
1180895000.0,-26.52676
1180895156.25,-26.51804
1180895312.5,-26.5185
1180895468.75,-26.51484
1180895625.0,-26.51023
1180895781.25,-26.51058
1180895937.5,-26.50667
1180896093.75,-26.5026
1180896250.0,-26.50313
1180896406.25,-26.49739
1180896562.5,-26.4908
1180896718.75,-26.49359
1180896875.0,-26.48658
1180897031.25,-26.48762
1180897187.5,-26.48095
1180897343.75,-26.48183
1180897500.0,-26.47224
1180897656.25,-26.47475
1180897812.5,-26.47209
1180897968.75,-26.46953
1180898125.0,-26.46441
1180898281.25,-26.46136
1180898437.5,-26.45646
1180898593.75,-26.45798
1180898750.0,-26.45269
1180898906.25,-26.45174
1180899062.5,-26.44843
1180899218.75,-26.44605
1180899375.0,-26.4376
1180899531.25,-26.44022
1180899687.5,-26.4316
1180899843.75,-26.42993
1180900000.0,-26.42406
1180900156.25,-26.42429
1180900312.5,-26.41958
1180900468.75,-26.41661
1180900625.0,-26.4146
1180900781.25,-26.41397
1180900937.5,-26.41329
1180901093.75,-26.40565
1180901250.0,-26.40491
1180901406.25,-26.39548
1180901562.5,-26.39419
1180901718.75,-26.39142
1180901875.0,-26.38961
1180902031.25,-26.38562
1180902187.5,-26.38453
1180902343.75,-26.38518
1180902500.0,-26.37831
1180902656.25,-26.37337
1180902812.5,-26.3719
1180902968.75,-26.36958
1180903125.0,-26.36939
1180903281.25,-26.36049
1180903437.5,-26.35987
1180903593.75,-26.35793
1180903750.0,-26.35497
1180903906.25,-26.34883
1180904062.5,-26.35017
1180904218.75,-26.34538
1180904375.0,-26.34015
1180904531.25,-26.33735
1180904687.5,-26.33629
1180904843.75,-26.32835
1180905000.0,-26.32783
1180905156.25,-26.32419
1180905312.5,-26.32372
1180905468.75,-26.31877
1180905625.0,-26.31518
1180905781.25,-26.3144
1180905937.5,-26.31006
1180906093.75,-26.30487
1180906250.0,-26.30529
1180906406.25,-26.30198
1180906562.5,-26.29622
1180906718.75,-26.29294
1180906875.0,-26.29028
1180907031.25,-26.29244
1180907187.5,-26.28442
1180907343.75,-26.28
1180907500.0,-26.28196
1180907656.25,-26.27779
1180907812.5,-26.27711
1180907968.75,-26.26758
1180908125.0,-26.26456
1180908281.25,-26.26143
1180908437.5,-26.26203
1180908593.75,-26.2579
1180908750.0,-26.25365
1180908906.25,-26.24956
1180909062.5,-26.24605
1180909218.75,-26.24562
1180909375.0,-26.245
1180909531.25,-26.24089
1180909687.5,-26.23781
1180909843.75,-26.23615
1180910000.0,-26.23089
1180910156.25,-26.22923
1180910312.5,-26.22587
1180910468.75,-26.22136
1180910625.0,-26.21683
1180910781.25,-26.21545
1180910937.5,-26.20725
1180911093.75,-26.21131
1180911250.0,-26.20341
1180911406.25,-26.20356
1180911562.5,-26.19618
1180911718.75,-26.19146
1180911875.0,-26.19084
1180912031.25,-26.18979
1180912187.5,-26.1878
1180912343.75,-26.18553
1180912500.0,-26.18075
1180912656.25,-26.17607
1180912812.5,-26.17314
1180912968.75,-26.17264
1180913125.0,-26.1706
1180913281.25,-26.16706
1180913437.5,-26.16141
1180913593.75,-26.15865
1180913750.0,-26.15642
1180913906.25,-26.1556
1180914062.5,-26.14781
1180914218.75,-26.14422
1180914375.0,-26.14163
1180914531.25,-26.13816
1180914687.5,-26.13629
1180914843.75,-26.13163
1180915000.0,-26.12635
1180915156.25,-26.12651
1180915312.5,-26.12481
1180915468.75,-26.12043
1180915625.0,-26.1155
1180915781.25,-26.11216
1180915937.5,-26.10925
1180916093.75,-26.10578
1180916250.0,-26.10217
1180916406.25,-26.09808
1180916562.5,-26.09827
1180916718.75,-26.09574
1180916875.0,-26.09016
1180917031.25,-26.09154
1180917187.5,-26.08961
1180917343.75,-26.08099
1180917500.0,-26.07865
1180917656.25,-26.07849
1180917812.5,-26.07133
1180917968.75,-26.06963
1180918125.0,-26.06522
1180918281.25,-26.06196
1180918437.5,-26.06112
1180918593.75,-26.05715
1180918750.0,-26.05397
1180918906.25,-26.05201
1180919062.5,-26.04861
1180919218.75,-26.0454
1180919375.0,-26.03722
1180919531.25,-26.03628
1180919687.5,-26.03371
1180919843.75,-26.02872
1180920000.0,-26.02944
1180920156.25,-26.02453
1180920312.5,-26.02192
1180920468.75,-26.01784
1180920625.0,-26.0158
1180920781.25,-26.01118
1180920937.5,-26.01144
1180921093.75,-26.0023
1180921250.0,-26.00186
1180921406.25,-25.99962
1180921562.5,-25.99388
1180921718.75,-25.99147
1180921875.0,-25.98547
1180922031.25,-25.98625
1180922187.5,-25.98368
1180922343.75,-25.97602
1180922500.0,-25.97631
1180922656.25,-25.97182
1180922812.5,-25.97231
1180922968.75,-25.96605
1180923125.0,-25.96464
1180923281.25,-25.96244
1180923437.5,-25.95863
1180923593.75,-25.95544
1180923750.0,-25.95182
1180923906.25,-25.94708
1180924062.5,-25.94419
1180924218.75,-25.93973
1180924375.0,-25.93747
1180924531.25,-25.93563
1180924687.5,-25.93127
1180924843.75,-25.92951
1180925000.0,-25.92602
1180925156.25,-25.92243
1180925312.5,-25.91773
1180925468.75,-25.91295
1180925625.0,-25.91337
1180925781.25,-25.90763
1180925937.5,-25.90318
1180926093.75,-25.90387
1180926250.0,-25.90195
1180926406.25,-25.89615
1180926562.5,-25.89385
1180926718.75,-25.89
1180926875.0,-25.88811
1180927031.25,-25.8826
1180927187.5,-25.87904
1180927343.75,-25.87346
1180927500.0,-25.87391
1180927656.25,-25.87189
1180927812.5,-25.86763
1180927968.75,-25.86136
1180928125.0,-25.8607
1180928281.25,-25.85983
1180928437.5,-25.85357
1180928593.75,-25.85302
1180928750.0,-25.84647
1180928906.25,-25.84331
1180929062.5,-25.84172
1180929218.75,-25.84069
1180929375.0,-25.83464
1180929531.25,-25.83178
1180929687.5,-25.82525
1180929843.75,-25.82426
1180930000.0,-25.8211
1180930156.25,-25.81766
1180930312.5,-25.81512
1180930468.75,-25.81198
1180930625.0,-25.81223
1180930781.25,-25.8064
1180930937.5,-25.80066
1180931093.75,-25.79687
1180931250.0,-25.79832
1180931406.25,-25.7937
1180931562.5,-25.78649
1180931718.75,-25.78349
1180931875.0,-25.78084
1180932031.25,-25.77995
1180932187.5,-25.77591
1180932343.75,-25.7724
1180932500.0,-25.77033
1180932656.25,-25.76434
1180932812.5,-25.76484
1180932968.75,-25.75904
1180933125.0,-25.75641
1180933281.25,-25.75293
1180933437.5,-25.74926
1180933593.75,-25.7489
1180933750.0,-25.74083
1180933906.25,-25.73651
1180934062.5,-25.73262
1180934218.75,-25.73186
1180934375.0,-25.72959
1180934531.25,-25.72715
1180934687.5,-25.72352
1180934843.75,-25.71848
1180935000.0,-25.71525
1180935156.25,-25.71511
1180935312.5,-25.70827
1180935468.75,-25.70582
1180935625.0,-25.70587
1180935781.25,-25.6989
1180935937.5,-25.69629
1180936093.75,-25.6928
1180936250.0,-25.69384
1180936406.25,-25.68674
1180936562.5,-25.68218
1180936718.75,-25.67775
1180936875.0,-25.67516
1180937031.25,-25.67214
1180937187.5,-25.66919
1180937343.75,-25.66925
1180937500.0,-25.6632
1180937656.25,-25.6587
1180937812.5,-25.65636
1180937968.75,-25.65364
1180938125.0,-25.65039
1180938281.25,-25.64456
1180938437.5,-25.63971
1180938593.75,-25.63656
1180938750.0,-25.63885
1180938906.25,-25.63511
1180939062.5,-25.631
1180939218.75,-25.62817
1180939375.0,-25.61971
1180939531.25,-25.62242
1180939687.5,-25.61703
1180939843.75,-25.61361
1180940000.0,-25.60899
1180940156.25,-25.60862
1180940312.5,-25.60416
1180940468.75,-25.60327
1180940625.0,-25.59575
1180940781.25,-25.59643
1180940937.5,-25.59237
1180941093.75,-25.58683
1180941250.0,-25.58469
1180941406.25,-25.58103
1180941562.5,-25.5803
1180941718.75,-25.57339
1180941875.0,-25.56887
1180942031.25,-25.56428
1180942187.5,-25.56513
1180942343.75,-25.56344
1180942500.0,-25.55559
1180942656.25,-25.55354
1180942812.5,-25.55169
1180942968.75,-25.54399
1180943125.0,-25.54551
1180943281.25,-25.53938
1180943437.5,-25.53729
1180943593.75,-25.53479
1180943750.0,-25.52736
1180943906.25,-25.52755
1180944062.5,-25.5234
1180944218.75,-25.52081
1180944375.0,-25.51603
1180944531.25,-25.51107
1180944687.5,-25.51295
1180944843.75,-25.50653
1180945000.0,-25.50163
1180945156.25,-25.4988
1180945312.5,-25.49841
1180945468.75,-25.49465
1180945625.0,-25.49095
1180945781.25,-25.48623
1180945937.5,-25.48453
1180946093.75,-25.47793
1180946250.0,-25.47485
1180946406.25,-25.4713
1180946562.5,-25.47084
1180946718.75,-25.46427
1180946875.0,-25.46668
1180947031.25,-25.46112
1180947187.5,-25.45622
1180947343.75,-25.45107
1180947500.0,-25.44991
1180947656.25,-25.44559
1180947812.5,-25.44438
1180947968.75,-25.43868
1180948125.0,-25.43667
1180948281.25,-25.42995
1180948437.5,-25.42926
1180948593.75,-25.42498
1180948750.0,-25.41923
1180948906.25,-25.41447
1180949062.5,-25.41414
1180949218.75,-25.41242
1180949375.0,-25.4078
1180949531.25,-25.40282
1180949687.5,-25.4021
1180949843.75,-25.39896
1180950000.0,-25.39487
1180950156.25,-25.39287
1180950312.5,-25.38807
1180950468.75,-25.38681
1180950625.0,-25.38313
1180950781.25,-25.37548
1180950937.5,-25.37025
1180951093.75,-25.37484
1180951250.0,-25.36651
1180951406.25,-25.36346
1180951562.5,-25.36239
1180951718.75,-25.35425
1180951875.0,-25.35599
1180952031.25,-25.35275
1180952187.5,-25.34618
1180952343.75,-25.34498
1180952500.0,-25.3396
1180952656.25,-25.33706
1180952812.5,-25.33397
1180952968.75,-25.33176
1180953125.0,-25.32698
1180953281.25,-25.32194
1180953437.5,-25.31839
1180953593.75,-25.31576
1180953750.0,-25.30945
1180953906.25,-25.30621
1180954062.5,-25.30598
1180954218.75,-25.30129
1180954375.0,-25.29897
1180954531.25,-25.29771
1180954687.5,-25.29179
1180954843.75,-25.28863
1180955000.0,-25.2851
1180955156.25,-25.28235
1180955312.5,-25.27836
1180955468.75,-25.27471
1180955625.0,-25.27172
1180955781.25,-25.26695
1180955937.5,-25.26654
1180956093.75,-25.25919
1180956250.0,-25.25881
1180956406.25,-25.25458
1180956562.5,-25.25101
1180956718.75,-25.24591
1180956875.0,-25.24638
1180957031.25,-25.24106
1180957187.5,-25.2388
1180957343.75,-25.2355
1180957500.0,-25.23066
1180957656.25,-25.22707
1180957812.5,-25.22163
1180957968.75,-25.21753
1180958125.0,-25.21597
1180958281.25,-25.21425
1180958437.5,-25.21119
1180958593.75,-25.20398
1180958750.0,-25.19914
1180958906.25,-25.1958
1180959062.5,-25.1986
1180959218.75,-25.19376
1180959375.0,-25.18914
1180959531.25,-25.18603
1180959687.5,-25.17889
1180959843.75,-25.173
1180960000.0,-25.17274
1180960156.25,-25.17072
1180960312.5,-25.16508
1180960468.75,-25.1645
1180960625.0,-25.16067
1180960781.25,-25.157
1180960937.5,-25.15301
1180961093.75,-25.15047
1180961250.0,-25.14606
1180961406.25,-25.14213
1180961562.5,-25.14073
1180961718.75,-25.13923
1180961875.0,-25.13193
1180962031.25,-25.12648
1180962187.5,-25.12671
1180962343.75,-25.12288
1180962500.0,-25.11833
1180962656.25,-25.11569
1180962812.5,-25.10735
1180962968.75,-25.10648
1180963125.0,-25.10488
1180963281.25,-25.10469
1180963437.5,-25.0969
1180963593.75,-25.09449
1180963750.0,-25.09133
1180963906.25,-25.08328
1180964062.5,-25.08424
1180964218.75,-25.08078
1180964375.0,-25.07597
1180964531.25,-25.07373
1180964687.5,-25.07075
1180964843.75,-25.06719
1180965000.0,-25.06014
1180965156.25,-25.05485
1180965312.5,-25.05359
1180965468.75,-25.05211
1180965625.0,-25.04691
1180965781.25,-25.04537
1180965937.5,-25.04042
1180966093.75,-25.03773
1180966250.0,-25.03408
1180966406.25,-25.0296
1180966562.5,-25.02673
1180966718.75,-25.02676
1180966875.0,-25.0185
1180967031.25,-25.01722
1180967187.5,-25.01379
1180967343.75,-25.00894
1180967500.0,-25.0058
1180967656.25,-25.00219
1180967812.5,-24.99684
1180967968.75,-24.99372
1180968125.0,-24.99518
1180968281.25,-24.98869
1180968437.5,-24.98366
1180968593.75,-24.98092
1180968750.0,-24.97825
1180968906.25,-24.97385
1180969062.5,-24.96778
1180969218.75,-24.96474
1180969375.0,-24.9633
1180969531.25,-24.96228
1180969687.5,-24.9556
1180969843.75,-24.95088
1180970000.0,-24.94756
1180970156.25,-24.94469
1180970312.5,-24.94074
1180970468.75,-24.9352
1180970625.0,-24.93378
1180970781.25,-24.93296
1180970937.5,-24.92709
1180971093.75,-24.92037
1180971250.0,-24.92118
1180971406.25,-24.91892
1180971562.5,-24.91277
1180971718.75,-24.90978
1180971875.0,-24.90574
1180972031.25,-24.89774
1180972187.5,-24.90232
1180972343.75,-24.89811
1180972500.0,-24.89266
1180972656.25,-24.88906
1180972812.5,-24.88024
1180972968.75,-24.88288
1180973125.0,-24.87886
1180973281.25,-24.87325
1180973437.5,-24.87099
1180973593.75,-24.8633
1180973750.0,-24.86096
1180973906.25,-24.86045
1180974062.5,-24.85365
1180974218.75,-24.84846
1180974375.0,-24.84982
1180974531.25,-24.84305
1180974687.5,-24.8382
1180974843.75,-24.83611
1180975000.0,-24.83324
1180975156.25,-24.82615
1180975312.5,-24.82467
1180975468.75,-24.826
1180975625.0,-24.81603
1180975781.25,-24.81574
1180975937.5,-24.81495
1180976093.75,-24.81199
1180976250.0,-24.80382
1180976406.25,-24.80441
1180976562.5,-24.80026
1180976718.75,-24.79641
1180976875.0,-24.79186
1180977031.25,-24.78525
1180977187.5,-24.78414
1180977343.75,-24.78157
1180977500.0,-24.77687
1180977656.25,-24.77347
1180977812.5,-24.76951
1180977968.75,-24.76501
1180978125.0,-24.76378
1180978281.25,-24.75672
1180978437.5,-24.75442
1180978593.75,-24.7501
1180978750.0,-24.74739
1180978906.25,-24.74409
1180979062.5,-24.7394
1180979218.75,-24.7343
1180979375.0,-24.73561
1180979531.25,-24.72818
1180979687.5,-24.72508
1180979843.75,-24.72278
1180980000.0,-24.71821
1180980156.25,-24.71478
1180980312.5,-24.71232
1180980468.75,-24.70802
1180980625.0,-24.70606
1180980781.25,-24.69928
1180980937.5,-24.69865
1180981093.75,-24.69123
1180981250.0,-24.68489
1180981406.25,-24.68754
1180981562.5,-24.68172
1180981718.75,-24.67584
1180981875.0,-24.6719
1180982031.25,-24.66962
1180982187.5,-24.66804
1180982343.75,-24.66151
1180982500.0,-24.65718
1180982656.25,-24.6532
1180982812.5,-24.65325
1180982968.75,-24.64889
1180983125.0,-24.64459
1180983281.25,-24.64338
1180983437.5,-24.6366
1180983593.75,-24.6313
1180983750.0,-24.62958
1180983906.25,-24.62858
1180984062.5,-24.62521
1180984218.75,-24.61976
1180984375.0,-24.61649
1180984531.25,-24.61097
1180984687.5,-24.60709
1180984843.75,-24.60444
1180985000.0,-24.59867
1180985156.25,-24.59367
1180985312.5,-24.59768
1180985468.75,-24.58937
1180985625.0,-24.58506
1180985781.25,-24.58076
1180985937.5,-24.57505
1180986093.75,-24.57279
1180986250.0,-24.57247
1180986406.25,-24.56791
1180986562.5,-24.56496
1180986718.75,-24.55898
1180986875.0,-24.55796
1180987031.25,-24.552
1180987187.5,-24.54658
1180987343.75,-24.54263
1180987500.0,-24.54092
1180987656.25,-24.5341
1180987812.5,-24.53184
1180987968.75,-24.5322
1180988125.0,-24.52439
1180988281.25,-24.52134
1180988437.5,-24.51697
1180988593.75,-24.51673
1180988750.0,-24.51193
1180988906.25,-24.50744
1180989062.5,-24.50327
1180989218.75,-24.49968
1180989375.0,-24.496
1180989531.25,-24.49124
1180989687.5,-24.48798
1180989843.75,-24.4852
1180990000.0,-24.48263
1180990156.25,-24.47835
1180990312.5,-24.47387
1180990468.75,-24.46896
1180990625.0,-24.46875
1180990781.25,-24.4633
1180990937.5,-24.46084
1180991093.75,-24.45672
1180991250.0,-24.45239
1180991406.25,-24.44969
1180991562.5,-24.44598
1180991718.75,-24.44197
1180991875.0,-24.43632
1180992031.25,-24.43406
1180992187.5,-24.43392
1180992343.75,-24.42596
1180992500.0,-24.42542
1180992656.25,-24.41606
1180992812.5,-24.41482
1180992968.75,-24.40817
1180993125.0,-24.40737
1180993281.25,-24.40378
1180993437.5,-24.39793
1180993593.75,-24.39708
1180993750.0,-24.39197
1180993906.25,-24.39214
1180994062.5,-24.38347
1180994218.75,-24.37952
1180994375.0,-24.37414
1180994531.25,-24.37427
1180994687.5,-24.37062
1180994843.75,-24.36456
1180995000.0,-24.36242
1180995156.25,-24.35864
1180995312.5,-24.35612
1180995468.75,-24.3542
1180995625.0,-24.34468
1180995781.25,-24.34489
1180995937.5,-24.33645
1180996093.75,-24.33476
1180996250.0,-24.33347
1180996406.25,-24.32806
1180996562.5,-24.32342
1180996718.75,-24.32318
1180996875.0,-24.31786
1180997031.25,-24.31242
1180997187.5,-24.30523
1180997343.75,-24.30758
1180997500.0,-24.30036
1180997656.25,-24.29592
1180997812.5,-24.29323
1180997968.75,-24.29073
1180998125.0,-24.28695
1180998281.25,-24.28065
1180998437.5,-24.27957
1180998593.75,-24.27456
1180998750.0,-24.27065
1180998906.25,-24.26432
1180999062.5,-24.26395
1180999218.75,-24.25948
1180999375.0,-24.25412
1180999531.25,-24.24948
1180999687.5,-24.24601
1180999843.75,-24.24371
1181000000.0,-24.23999
1181000156.25,-24.23804
1181000312.5,-24.23113
1181000468.75,-24.22884
1181000625.0,-24.22691
1181000781.25,-24.22517
1181000937.5,-24.21811
1181001093.75,-24.21133
1181001250.0,-24.20932
1181001406.25,-24.20788
1181001562.5,-24.20402
1181001718.75,-24.19853
1181001875.0,-24.19461
1181002031.25,-24.1878
1181002187.5,-24.18543
1181002343.75,-24.18353
1181002500.0,-24.17916
1181002656.25,-24.17539
1181002812.5,-24.17293
1181002968.75,-24.16843
1181003125.0,-24.16614
1181003281.25,-24.15914
1181003437.5,-24.15768
1181003593.75,-24.15554
1181003750.0,-24.14729
1181003906.25,-24.14252
1181004062.5,-24.13933
1181004218.75,-24.1371
1181004375.0,-24.13531
1181004531.25,-24.12948
1181004687.5,-24.12493
1181004843.75,-24.11906
1181005000.0,-24.11654
1181005156.25,-24.11102
1181005312.5,-24.10957
1181005468.75,-24.10385
1181005625.0,-24.10261
1181005781.25,-24.09595
1181005937.5,-24.09499
1181006093.75,-24.09052
1181006250.0,-24.08613
1181006406.25,-24.08115
1181006562.5,-24.07709
1181006718.75,-24.07289
1181006875.0,-24.07023
1181007031.25,-24.06811
1181007187.5,-24.06042
1181007343.75,-24.05946
1181007500.0,-24.05543
1181007656.25,-24.04995
1181007812.5,-24.04725
1181007968.75,-24.04333
1181008125.0,-24.03797
1181008281.25,-24.03542
1181008437.5,-24.02992
1181008593.75,-24.02578
1181008750.0,-24.02542
1181008906.25,-24.02183
1181009062.5,-24.01221
1181009218.75,-24.01304
1181009375.0,-24.00562
1181009531.25,-24.00515
1181009687.5,-24.00078
1181009843.75,-23.99668
1181010000.0,-23.99198
1181010156.25,-23.99003
1181010312.5,-23.98456
1181010468.75,-23.98178
1181010625.0,-23.97455
1181010781.25,-23.97369
1181010937.5,-23.9667
1181011093.75,-23.96519
1181011250.0,-23.96228
1181011406.25,-23.9552
1181011562.5,-23.95087
1181011718.75,-23.94639
1181011875.0,-23.94613
1181012031.25,-23.94126
1181012187.5,-23.93668
1181012343.75,-23.93109
1181012500.0,-23.92934
1181012656.25,-23.92591
1181012812.5,-23.92034
1181012968.75,-23.91931
1181013125.0,-23.913
1181013281.25,-23.91218
1181013437.5,-23.90505
1181013593.75,-23.90305
1181013750.0,-23.89848
1181013906.25,-23.89317
1181014062.5,-23.89124
1181014218.75,-23.88642
1181014375.0,-23.8821
1181014531.25,-23.87762
1181014687.5,-23.87313
1181014843.75,-23.86992
1181015000.0,-23.86748
1181015156.25,-23.8611
1181015312.5,-23.85655
1181015468.75,-23.85197
1181015625.0,-23.85252
1181015781.25,-23.84731
1181015937.5,-23.84093
1181016093.75,-23.83497
1181016250.0,-23.83516
1181016406.25,-23.83383
1181016562.5,-23.82552
1181016718.75,-23.82276
1181016875.0,-23.81852
1181017031.25,-23.81503
1181017187.5,-23.81166
1181017343.75,-23.80694
1181017500.0,-23.80466
1181017656.25,-23.79831
1181017812.5,-23.79342
1181017968.75,-23.79113
1181018125.0,-23.78494
1181018281.25,-23.78327
1181018437.5,-23.78177
1181018593.75,-23.77562
1181018750.0,-23.77128
1181018906.25,-23.76793
1181019062.5,-23.76038
1181019218.75,-23.75854
1181019375.0,-23.75635
1181019531.25,-23.75033
1181019687.5,-23.74916
1181019843.75,-23.74041
1181020000.0,-23.73722
1181020156.25,-23.73474
1181020312.5,-23.73317
1181020468.75,-23.72746
1181020625.0,-23.72261
1181020781.25,-23.72021
1181020937.5,-23.71574
1181021093.75,-23.71299
1181021250.0,-23.70673
1181021406.25,-23.70357
1181021562.5,-23.69887
1181021718.75,-23.69467
1181021875.0,-23.69204
1181022031.25,-23.68755
1181022187.5,-23.67968
1181022343.75,-23.67738
1181022500.0,-23.67419
1181022656.25,-23.67131
1181022812.5,-23.66566
1181022968.75,-23.66332
1181023125.0,-23.65726
1181023281.25,-23.65558
1181023437.5,-23.65015
1181023593.75,-23.64675
1181023750.0,-23.64692
1181023906.25,-23.63849
1181024062.5,-23.63063
1181024218.75,-23.63086
1181024375.0,-23.62697
1181024531.25,-23.62127
1181024687.5,-23.61473
1181024843.75,-23.61465
1181025000.0,-23.6113
1181025156.25,-23.60582
1181025312.5,-23.59938
1181025468.75,-23.59634
1181025625.0,-23.5923
1181025781.25,-23.58916
1181025937.5,-23.58619
1181026093.75,-23.58172
1181026250.0,-23.57687
1181026406.25,-23.57554
1181026562.5,-23.5689
1181026718.75,-23.56548
1181026875.0,-23.56034
1181027031.25,-23.55921
1181027187.5,-23.55028
1181027343.75,-23.5483
1181027500.0,-23.54696
1181027656.25,-23.54251
1181027812.5,-23.53713
1181027968.75,-23.5314
1181028125.0,-23.52965
1181028281.25,-23.52378
1181028437.5,-23.5197
1181028593.75,-23.51704
1181028750.0,-23.51217
1181028906.25,-23.50833
1181029062.5,-23.5036
1181029218.75,-23.49683
1181029375.0,-23.49584
1181029531.25,-23.49143
1181029687.5,-23.48828
1181029843.75,-23.48277
1181030000.0,-23.47926
1181030156.25,-23.47689
1181030312.5,-23.4716
1181030468.75,-23.46603
1181030625.0,-23.46308
1181030781.25,-23.45941
1181030937.5,-23.45185
1181031093.75,-23.45302
1181031250.0,-23.4461
1181031406.25,-23.44097
1181031562.5,-23.43837
1181031718.75,-23.43173
1181031875.0,-23.42727
1181032031.25,-23.42699
1181032187.5,-23.42171
1181032343.75,-23.41633
1181032500.0,-23.41323
1181032656.25,-23.40868
1181032812.5,-23.40636
1181032968.75,-23.39831
1181033125.0,-23.39861
1181033281.25,-23.39359
1181033437.5,-23.38987
1181033593.75,-23.3848
1181033750.0,-23.37949
1181033906.25,-23.37734
1181034062.5,-23.37115
1181034218.75,-23.36832
1181034375.0,-23.36418
1181034531.25,-23.36069
1181034687.5,-23.3549
1181034843.75,-23.35215
1181035000.0,-23.35042
1181035156.25,-23.34351
1181035312.5,-23.33716
1181035468.75,-23.33473
1181035625.0,-23.32919
1181035781.25,-23.32615
1181035937.5,-23.32225
1181036093.75,-23.31869
1181036250.0,-23.31382
1181036406.25,-23.30999
1181036562.5,-23.30313
1181036718.75,-23.30131
1181036875.0,-23.29554
1181037031.25,-23.29369
1181037187.5,-23.28925
1181037343.75,-23.28525
1181037500.0,-23.27758
1181037656.25,-23.27637
1181037812.5,-23.27336
1181037968.75,-23.26579
1181038125.0,-23.26451
1181038281.25,-23.25868
1181038437.5,-23.25638
1181038593.75,-23.25128
1181038750.0,-23.24813
1181038906.25,-23.24376
1181039062.5,-23.24209
1181039218.75,-23.23371
1181039375.0,-23.22983
1181039531.25,-23.2259
1181039687.5,-23.22409
1181039843.75,-23.21779
1181040000.0,-23.21294
1181040156.25,-23.21032
1181040312.5,-23.20267
1181040468.75,-23.20017
1181040625.0,-23.19497
1181040781.25,-23.19172
1181040937.5,-23.1888
1181041093.75,-23.18307
1181041250.0,-23.17924
1181041406.25,-23.17482
1181041562.5,-23.16907
1181041718.75,-23.16461
1181041875.0,-23.16147
1181042031.25,-23.16049
1181042187.5,-23.15621
1181042343.75,-23.14812
1181042500.0,-23.14362
1181042656.25,-23.14004
1181042812.5,-23.13943
1181042968.75,-23.13085
1181043125.0,-23.12808
1181043281.25,-23.1235
1181043437.5,-23.12142
1181043593.75,-23.11467
1181043750.0,-23.11191
1181043906.25,-23.10637
1181044062.5,-23.10172
1181044218.75,-23.10019
1181044375.0,-23.0952
1181044531.25,-23.09081
1181044687.5,-23.08384
1181044843.75,-23.08097
1181045000.0,-23.07712
1181045156.25,-23.07463
1181045312.5,-23.06933
1181045468.75,-23.06364
1181045625.0,-23.06203
1181045781.25,-23.05758
1181045937.5,-23.05117
1181046093.75,-23.04747
1181046250.0,-23.04528
1181046406.25,-23.03749
1181046562.5,-23.0317
1181046718.75,-23.03093
1181046875.0,-23.02775
1181047031.25,-23.01997
1181047187.5,-23.01718
1181047343.75,-23.01311
1181047500.0,-23.00894
1181047656.25,-23.00469
1181047812.5,-22.99851
1181047968.75,-22.99492
1181048125.0,-22.99101
1181048281.25,-22.98808
1181048437.5,-22.98124
1181048593.75,-22.97652
1181048750.0,-22.97523
1181048906.25,-22.97112
1181049062.5,-22.96439
1181049218.75,-22.96119
1181049375.0,-22.95739
1181049531.25,-22.9507
1181049687.5,-22.9477
1181049843.75,-22.94447
1181050000.0,-22.94013
1181050156.25,-22.93763
1181050312.5,-22.93089
1181050468.75,-22.9276
1181050625.0,-22.92421
1181050781.25,-22.91751
1181050937.5,-22.9157
1181051093.75,-22.91152
1181051250.0,-22.90735
1181051406.25,-22.90172
1181051562.5,-22.89569
1181051718.75,-22.89199
1181051875.0,-22.88523
1181052031.25,-22.88426
1181052187.5,-22.88009
1181052343.75,-22.87487
1181052500.0,-22.87039
1181052656.25,-22.86445
1181052812.5,-22.86322
1181052968.75,-22.85706
1181053125.0,-22.85253
1181053281.25,-22.8483
1181053437.5,-22.84291
1181053593.75,-22.8389
1181053750.0,-22.83493
1181053906.25,-22.8309
1181054062.5,-22.82608
1181054218.75,-22.823
1181054375.0,-22.81895
1181054531.25,-22.81257
1181054687.5,-22.81093
1181054843.75,-22.807
1181055000.0,-22.79913
1181055156.25,-22.79578
1181055312.5,-22.79197
1181055468.75,-22.78719
1181055625.0,-22.78566
1181055781.25,-22.77911
1181055937.5,-22.77415
1181056093.75,-22.76861
1181056250.0,-22.76632
1181056406.25,-22.76195
1181056562.5,-22.75423
1181056718.75,-22.75303
1181056875.0,-22.74726
1181057031.25,-22.74405
1181057187.5,-22.73891
1181057343.75,-22.73258
1181057500.0,-22.73154
1181057656.25,-22.72729
1181057812.5,-22.72157
1181057968.75,-22.71834
1181058125.0,-22.71073
1181058281.25,-22.71047
1181058437.5,-22.70364
1181058593.75,-22.69987
1181058750.0,-22.69489
1181058906.25,-22.69121
1181059062.5,-22.68633
1181059218.75,-22.68111
1181059375.0,-22.67859
1181059531.25,-22.67463
1181059687.5,-22.66969
1181059843.75,-22.66451
1181060000.0,-22.65982
1181060156.25,-22.65715
1181060312.5,-22.65316
1181060468.75,-22.64633
1181060625.0,-22.64466
1181060781.25,-22.63792
1181060937.5,-22.63331
1181061093.75,-22.63003
1181061250.0,-22.6228
1181061406.25,-22.61912
1181061562.5,-22.61532
1181061718.75,-22.6126
1181061875.0,-22.60719
1181062031.25,-22.603
1181062187.5,-22.59908
1181062343.75,-22.59317
1181062500.0,-22.58902
1181062656.25,-22.58404
1181062812.5,-22.57994
1181062968.75,-22.57821
1181063125.0,-22.57109
1181063281.25,-22.56622
1181063437.5,-22.56221
1181063593.75,-22.55864
1181063750.0,-22.55263
1181063906.25,-22.5504
1181064062.5,-22.54661
1181064218.75,-22.53857
1181064375.0,-22.53383
1181064531.25,-22.52907
1181064687.5,-22.52707
1181064843.75,-22.52137
1181065000.0,-22.51727
1181065156.25,-22.51099
1181065312.5,-22.51005
1181065468.75,-22.50241
1181065625.0,-22.49749
1181065781.25,-22.49353
1181065937.5,-22.48947
1181066093.75,-22.48562
1181066250.0,-22.48172
1181066406.25,-22.47474
1181066562.5,-22.47114
1181066718.75,-22.46894
1181066875.0,-22.4657
1181067031.25,-22.45847
1181067187.5,-22.45459
1181067343.75,-22.44996
1181067500.0,-22.44664
1181067656.25,-22.44073
1181067812.5,-22.43772
1181067968.75,-22.43119
1181068125.0,-22.42573
1181068281.25,-22.4228
1181068437.5,-22.41929
1181068593.75,-22.41563
1181068750.0,-22.41005
1181068906.25,-22.40454
1181069062.5,-22.39943
1181069218.75,-22.39563
1181069375.0,-22.3921
1181069531.25,-22.38658
1181069687.5,-22.38272
1181069843.75,-22.37528
1181070000.0,-22.37307
1181070156.25,-22.36802
1181070312.5,-22.36317
1181070468.75,-22.36013
1181070625.0,-22.35634
1181070781.25,-22.34883
1181070937.5,-22.34688
1181071093.75,-22.34224
1181071250.0,-22.3338
1181071406.25,-22.3322
1181071562.5,-22.32723
1181071718.75,-22.3213
1181071875.0,-22.31888
1181072031.25,-22.31261
1181072187.5,-22.30842
1181072343.75,-22.30337
1181072500.0,-22.30001
1181072656.25,-22.29696
1181072812.5,-22.29222
1181072968.75,-22.28557
1181073125.0,-22.27979
1181073281.25,-22.27802
1181073437.5,-22.27327
1181073593.75,-22.26665
1181073750.0,-22.26609
1181073906.25,-22.25879
1181074062.5,-22.25504
1181074218.75,-22.25086
1181074375.0,-22.24284
1181074531.25,-22.24129
1181074687.5,-22.23598
1181074843.75,-22.2318
1181075000.0,-22.22721
1181075156.25,-22.22494
1181075312.5,-22.21625
1181075468.75,-22.21192
1181075625.0,-22.20839
1181075781.25,-22.20278
1181075937.5,-22.19865
1181076093.75,-22.19382
1181076250.0,-22.18563
1181076406.25,-22.18768
1181076562.5,-22.17993
1181076718.75,-22.17439
1181076875.0,-22.17435
1181077031.25,-22.16625
1181077187.5,-22.1601
1181077343.75,-22.15772
1181077500.0,-22.15299
1181077656.25,-22.14828
1181077812.5,-22.14294
1181077968.75,-22.13942
1181078125.0,-22.13572
1181078281.25,-22.13259
1181078437.5,-22.12602
1181078593.75,-22.12004
1181078750.0,-22.1176
1181078906.25,-22.11292
1181079062.5,-22.10736
1181079218.75,-22.10175
1181079375.0,-22.0976
1181079531.25,-22.09206
1181079687.5,-22.08731
1181079843.75,-22.08426
1181080000.0,-22.07884
1181080156.25,-22.07308
1181080312.5,-22.0679
1181080468.75,-22.06404
1181080625.0,-22.06038
1181080781.25,-22.05491
1181080937.5,-22.05183
1181081093.75,-22.04765
1181081250.0,-22.04218
1181081406.25,-22.03811
1181081562.5,-22.03207
1181081718.75,-22.02878
1181081875.0,-22.0234
1181082031.25,-22.01988
1181082187.5,-22.01346
1181082343.75,-22.00764
1181082500.0,-22.00392
1181082656.25,-22.00176
1181082812.5,-21.99636
1181082968.75,-21.99134
1181083125.0,-21.98572
1181083281.25,-21.98067
1181083437.5,-21.97793
1181083593.75,-21.97267
1181083750.0,-21.96754
1181083906.25,-21.96171
1181084062.5,-21.95736
1181084218.75,-21.95174
1181084375.0,-21.94732
1181084531.25,-21.94356
1181084687.5,-21.93835
1181084843.75,-21.93132
1181085000.0,-21.92889
1181085156.25,-21.92371
1181085312.5,-21.92018
1181085468.75,-21.91566
1181085625.0,-21.91048
1181085781.25,-21.9055
1181085937.5,-21.90081
1181086093.75,-21.89842
1181086250.0,-21.88987
1181086406.25,-21.884
1181086562.5,-21.88021
1181086718.75,-21.87802
1181086875.0,-21.87444
1181087031.25,-21.8678
1181087187.5,-21.86303
1181087343.75,-21.85913
1181087500.0,-21.85455
1181087656.25,-21.84922
1181087812.5,-21.84225
1181087968.75,-21.83912
1181088125.0,-21.83611
1181088281.25,-21.82994
1181088437.5,-21.82518
1181088593.75,-21.82332
1181088750.0,-21.81598
1181088906.25,-21.81133
1181089062.5,-21.806
1181089218.75,-21.802
1181089375.0,-21.79761
1181089531.25,-21.79244
1181089687.5,-21.78789
1181089843.75,-21.78337
1181090000.0,-21.7774
1181090156.25,-21.77441
1181090312.5,-21.76916
1181090468.75,-21.76246
1181090625.0,-21.76132
1181090781.25,-21.7534
1181090937.5,-21.74882
1181091093.75,-21.74582
1181091250.0,-21.73969
1181091406.25,-21.73657
1181091562.5,-21.72999
1181091718.75,-21.72406
1181091875.0,-21.72066
1181092031.25,-21.71651
1181092187.5,-21.71056
1181092343.75,-21.70483
1181092500.0,-21.7011
1181092656.25,-21.69622
1181092812.5,-21.68997
1181092968.75,-21.68878
1181093125.0,-21.6808
1181093281.25,-21.67855
1181093437.5,-21.67116
1181093593.75,-21.6667
1181093750.0,-21.66122
1181093906.25,-21.65799
1181094062.5,-21.65605
1181094218.75,-21.64761
1181094375.0,-21.64355
1181094531.25,-21.63871
1181094687.5,-21.63337
1181094843.75,-21.62859
1181095000.0,-21.62358
1181095156.25,-21.6188
1181095312.5,-21.6143
1181095468.75,-21.60845
1181095625.0,-21.60484
1181095781.25,-21.5976
1181095937.5,-21.59435
1181096093.75,-21.58882
1181096250.0,-21.587
1181096406.25,-21.57977
1181096562.5,-21.57583
1181096718.75,-21.57077
1181096875.0,-21.5673
1181097031.25,-21.5616
1181097187.5,-21.55772
1181097343.75,-21.5523
1181097500.0,-21.54685
1181097656.25,-21.54082
1181097812.5,-21.53622
1181097968.75,-21.53153
1181098125.0,-21.52568
1181098281.25,-21.52345
1181098437.5,-21.51805
1181098593.75,-21.51442
1181098750.0,-21.50777
1181098906.25,-21.50191
1181099062.5,-21.49961
1181099218.75,-21.49259
1181099375.0,-21.48765
1181099531.25,-21.4824
1181099687.5,-21.47732
1181099843.75,-21.472
1181100000.0,-21.46865
1181100156.25,-21.46485
1181100312.5,-21.45938
1181100468.75,-21.45378
1181100625.0,-21.44919
1181100781.25,-21.4456
1181100937.5,-21.43909
1181101093.75,-21.43452
1181101250.0,-21.43086
1181101406.25,-21.42526
1181101562.5,-21.42046
1181101718.75,-21.41451
1181101875.0,-21.41031
1181102031.25,-21.40383
1181102187.5,-21.39873
1181102343.75,-21.39449
1181102500.0,-21.39035
1181102656.25,-21.38537
1181102812.5,-21.38103
1181102968.75,-21.37776
1181103125.0,-21.37021
1181103281.25,-21.36401
1181103437.5,-21.36176
1181103593.75,-21.35592
1181103750.0,-21.35429
1181103906.25,-21.3467
1181104062.5,-21.34091
1181104218.75,-21.33628
1181104375.0,-21.33322
1181104531.25,-21.32834
1181104687.5,-21.32079
1181104843.75,-21.31654
1181105000.0,-21.31089
1181105156.25,-21.30683
1181105312.5,-21.30155
1181105468.75,-21.29608
1181105625.0,-21.29167
1181105781.25,-21.28569
1181105937.5,-21.28233
1181106093.75,-21.27739
1181106250.0,-21.27352
1181106406.25,-21.2669
1181106562.5,-21.26088
1181106718.75,-21.2574
1181106875.0,-21.25204
1181107031.25,-21.24789
1181107187.5,-21.2404
1181107343.75,-21.2386
1181107500.0,-21.23137
1181107656.25,-21.22876
1181107812.5,-21.22305
1181107968.75,-21.21841
1181108125.0,-21.21187
1181108281.25,-21.20868
1181108437.5,-21.20349
1181108593.75,-21.19794
1181108750.0,-21.19221
1181108906.25,-21.18538
1181109062.5,-21.18215
1181109218.75,-21.17695
1181109375.0,-21.17339
1181109531.25,-21.16785
1181109687.5,-21.16039
1181109843.75,-21.15796
1181110000.0,-21.15243
1181110156.25,-21.15109
1181110312.5,-21.14195
1181110468.75,-21.13736
1181110625.0,-21.13218
1181110781.25,-21.12843
1181110937.5,-21.12176
1181111093.75,-21.11599
1181111250.0,-21.11217
1181111406.25,-21.10703
1181111562.5,-21.10186
1181111718.75,-21.09956
1181111875.0,-21.09494
1181112031.25,-21.08668
1181112187.5,-21.08296
1181112343.75,-21.07635
1181112500.0,-21.0717
1181112656.25,-21.06941
1181112812.5,-21.06158
1181112968.75,-21.05589
1181113125.0,-21.05256
1181113281.25,-21.04687
1181113437.5,-21.04394
1181113593.75,-21.03681
1181113750.0,-21.0337
1181113906.25,-21.02589
1181114062.5,-21.02088
1181114218.75,-21.01559
1181114375.0,-21.01203
1181114531.25,-21.00709
1181114687.5,-21.00051
1181114843.75,-20.99748
1181115000.0,-20.9922
1181115156.25,-20.98609
1181115312.5,-20.98248
1181115468.75,-20.97517
1181115625.0,-20.97029
1181115781.25,-20.96586
1181115937.5,-20.96136
1181116093.75,-20.95729
1181116250.0,-20.95442
1181116406.25,-20.94576
1181116562.5,-20.94186
1181116718.75,-20.9349
1181116875.0,-20.93176
1181117031.25,-20.92629
1181117187.5,-20.91963
1181117343.75,-20.91704
1181117500.0,-20.91031
1181117656.25,-20.90527
1181117812.5,-20.89919
1181117968.75,-20.89415
1181118125.0,-20.89139
1181118281.25,-20.88441
1181118437.5,-20.88093
1181118593.75,-20.87398
1181118750.0,-20.86939
1181118906.25,-20.86527
1181119062.5,-20.86029
1181119218.75,-20.85431
1181119375.0,-20.84952
1181119531.25,-20.84545
1181119687.5,-20.83995
1181119843.75,-20.8357
1181120000.0,-20.82848
1181120156.25,-20.82534
1181120312.5,-20.81898
1181120468.75,-20.81381
1181120625.0,-20.80897
1181120781.25,-20.80446
1181120937.5,-20.7971
1181121093.75,-20.79465
1181121250.0,-20.78826
1181121406.25,-20.78353
1181121562.5,-20.77936
1181121718.75,-20.77286
1181121875.0,-20.76719
1181122031.25,-20.76408
1181122187.5,-20.7583
1181122343.75,-20.75378
1181122500.0,-20.74761
1181122656.25,-20.74436
1181122812.5,-20.73733
1181122968.75,-20.73229
1181123125.0,-20.72833
1181123281.25,-20.72238
1181123437.5,-20.71601
1181123593.75,-20.71212
1181123750.0,-20.70528
1181123906.25,-20.70078
1181124062.5,-20.69545
1181124218.75,-20.69199
1181124375.0,-20.68695
1181124531.25,-20.67794
1181124687.5,-20.67414
1181124843.75,-20.67036
1181125000.0,-20.66399
1181125156.25,-20.65929
1181125312.5,-20.65366
1181125468.75,-20.65063
1181125625.0,-20.64363
1181125781.25,-20.63897
1181125937.5,-20.6326
1181126093.75,-20.62778
1181126250.0,-20.62286
1181126406.25,-20.61875
1181126562.5,-20.61386
1181126718.75,-20.60897
1181126875.0,-20.60393
1181127031.25,-20.59706
1181127187.5,-20.59322
1181127343.75,-20.58685
1181127500.0,-20.58285
1181127656.25,-20.57534
1181127812.5,-20.57488
1181127968.75,-20.56568
1181128125.0,-20.56004
1181128281.25,-20.557
1181128437.5,-20.54913
1181128593.75,-20.54593
1181128750.0,-20.54066
1181128906.25,-20.53489
1181129062.5,-20.53151
1181129218.75,-20.52412
1181129375.0,-20.52006
1181129531.25,-20.51528
1181129687.5,-20.50964
1181129843.75,-20.50499
1181130000.0,-20.50112
1181130156.25,-20.49404
1181130312.5,-20.48845
1181130468.75,-20.48412
1181130625.0,-20.4769
1181130781.25,-20.47465
1181130937.5,-20.46816
1181131093.75,-20.46086
1181131250.0,-20.45869
1181131406.25,-20.454
1181131562.5,-20.44827
1181131718.75,-20.44089
1181131875.0,-20.43583
1181132031.25,-20.43068
1181132187.5,-20.42494
1181132343.75,-20.41936
1181132500.0,-20.41629
1181132656.25,-20.41139
1181132812.5,-20.40586
1181132968.75,-20.39868
1181133125.0,-20.39137
1181133281.25,-20.3886
1181133437.5,-20.38457
1181133593.75,-20.37824
1181133750.0,-20.37375
1181133906.25,-20.36616
1181134062.5,-20.36292
1181134218.75,-20.35912
1181134375.0,-20.35173
1181134531.25,-20.34611
1181134687.5,-20.34273
1181134843.75,-20.33641
1181135000.0,-20.33221
1181135156.25,-20.32451
1181135312.5,-20.32104
1181135468.75,-20.31511
1181135625.0,-20.31192
1181135781.25,-20.3023
1181135937.5,-20.2993
1181136093.75,-20.29488
1181136250.0,-20.29037
1181136406.25,-20.28431
1181136562.5,-20.27816
1181136718.75,-20.2744
1181136875.0,-20.2667
1181137031.25,-20.2611
1181137187.5,-20.25636
1181137343.75,-20.25218
1181137500.0,-20.24645
1181137656.25,-20.24159
1181137812.5,-20.23483
1181137968.75,-20.22967
1181138125.0,-20.22442
1181138281.25,-20.22093
1181138437.5,-20.2141
1181138593.75,-20.21006
1181138750.0,-20.20208
1181138906.25,-20.1981
1181139062.5,-20.19324
1181139218.75,-20.18698
1181139375.0,-20.18348
1181139531.25,-20.1777
1181139687.5,-20.1724
1181139843.75,-20.16638
1181140000.0,-20.16104
1181140156.25,-20.15674
1181140312.5,-20.15037
1181140468.75,-20.14632
1181140625.0,-20.14157
1181140781.25,-20.13381
1181140937.5,-20.12967
1181141093.75,-20.12556
1181141250.0,-20.11839
1181141406.25,-20.11251
1181141562.5,-20.11035
1181141718.75,-20.10216
1181141875.0,-20.09694
1181142031.25,-20.0903
1181142187.5,-20.08656
1181142343.75,-20.08385
1181142500.0,-20.07653
1181142656.25,-20.07158
1181142812.5,-20.066
1181142968.75,-20.06128
1181143125.0,-20.05575
1181143281.25,-20.04891
1181143437.5,-20.04296
1181143593.75,-20.03889
1181143750.0,-20.0321
1181143906.25,-20.02778
1181144062.5,-20.02346
1181144218.75,-20.01503
1181144375.0,-20.01365
1181144531.25,-20.00656
1181144687.5,-19.99923
1181144843.75,-19.99529
1181145000.0,-19.99164
1181145156.25,-19.98541
1181145312.5,-19.97755
1181145468.75,-19.9755
1181145625.0,-19.96935
1181145781.25,-19.96507
1181145937.5,-19.95789
1181146093.75,-19.95388
1181146250.0,-19.94956
1181146406.25,-19.94308
1181146562.5,-19.93658
1181146718.75,-19.93126
1181146875.0,-19.92645
1181147031.25,-19.92146
1181147187.5,-19.91439
1181147343.75,-19.91064
1181147500.0,-19.90587
1181147656.25,-19.89795
1181147812.5,-19.89411
1181147968.75,-19.88986
1181148125.0,-19.88219
1181148281.25,-19.8768
1181148437.5,-19.87319
1181148593.75,-19.86628
1181148750.0,-19.86137
1181148906.25,-19.85498
1181149062.5,-19.84916
1181149218.75,-19.84538
1181149375.0,-19.84
1181149531.25,-19.83399
1181149687.5,-19.82916
1181149843.75,-19.82443
1181150000.0,-19.81805
1181150156.25,-19.81214
1181150312.5,-19.80852
1181150468.75,-19.80208
1181150625.0,-19.79671
1181150781.25,-19.79136
1181150937.5,-19.78487
1181151093.75,-19.78092
1181151250.0,-19.7747
1181151406.25,-19.7688
1181151562.5,-19.76344
1181151718.75,-19.75776
1181151875.0,-19.75372
1181152031.25,-19.74706
1181152187.5,-19.74164
1181152343.75,-19.7351
1181152500.0,-19.73036
1181152656.25,-19.72629
1181152812.5,-19.72154
1181152968.75,-19.71412
1181153125.0,-19.7093
1181153281.25,-19.70396
1181153437.5,-19.69694
1181153593.75,-19.69374
1181153750.0,-19.68667
1181153906.25,-19.68185
1181154062.5,-19.678
1181154218.75,-19.67187
1181154375.0,-19.6658
1181154531.25,-19.65868
1181154687.5,-19.65446
1181154843.75,-19.64976
1181155000.0,-19.644
1181155156.25,-19.63774
1181155312.5,-19.63238
1181155468.75,-19.62819
1181155625.0,-19.62231
1181155781.25,-19.61635
1181155937.5,-19.60971
1181156093.75,-19.60677
1181156250.0,-19.59966
1181156406.25,-19.59404
1181156562.5,-19.59013
1181156718.75,-19.58281
1181156875.0,-19.57886
1181157031.25,-19.57483
1181157187.5,-19.56738
1181157343.75,-19.56188
1181157500.0,-19.55719
1181157656.25,-19.55091
1181157812.5,-19.5466
1181157968.75,-19.54091
1181158125.0,-19.53411
1181158281.25,-19.52883
1181158437.5,-19.5239
1181158593.75,-19.51953
1181158750.0,-19.51265
1181158906.25,-19.50533
1181159062.5,-19.50122
1181159218.75,-19.49528
1181159375.0,-19.49078
1181159531.25,-19.48463
1181159687.5,-19.47944
1181159843.75,-19.47392
1181160000.0,-19.46728
1181160156.25,-19.46312
1181160312.5,-19.45645
1181160468.75,-19.4509
1181160625.0,-19.44519
1181160781.25,-19.44235
1181160937.5,-19.43592
1181161093.75,-19.42907
1181161250.0,-19.42499
1181161406.25,-19.4184
1181161562.5,-19.41381
1181161718.75,-19.40801
1181161875.0,-19.40324
1181162031.25,-19.39685
1181162187.5,-19.39112
1181162343.75,-19.38688
1181162500.0,-19.38009
1181162656.25,-19.37541
1181162812.5,-19.3701
1181162968.75,-19.36511
1181163125.0,-19.35959
1181163281.25,-19.35295
1181163437.5,-19.34729
1181163593.75,-19.3406
1181163750.0,-19.33574
1181163906.25,-19.33105
1181164062.5,-19.3254
1181164218.75,-19.321
1181164375.0,-19.31222
1181164531.25,-19.30893
1181164687.5,-19.30197
1181164843.75,-19.2976
1181165000.0,-19.29324
1181165156.25,-19.28386
1181165312.5,-19.28182
1181165468.75,-19.27629
1181165625.0,-19.2701
1181165781.25,-19.2651
1181165937.5,-19.25846
1181166093.75,-19.2519
1181166250.0,-19.24687
1181166406.25,-19.24269
1181166562.5,-19.23743
1181166718.75,-19.23116
1181166875.0,-19.22619
1181167031.25,-19.22018
1181167187.5,-19.21498
1181167343.75,-19.20799
1181167500.0,-19.203
1181167656.25,-19.19728
1181167812.5,-19.19089
1181167968.75,-19.18585
1181168125.0,-19.18229
1181168281.25,-19.17605
1181168437.5,-19.17042
1181168593.75,-19.16474
1181168750.0,-19.15798
1181168906.25,-19.15482
1181169062.5,-19.14794
1181169218.75,-19.14218
1181169375.0,-19.13581
1181169531.25,-19.13177
1181169687.5,-19.12605
1181169843.75,-19.11895
1181170000.0,-19.11377
1181170156.25,-19.10894
1181170312.5,-19.10192
1181170468.75,-19.09676
1181170625.0,-19.09182
1181170781.25,-19.08628
1181170937.5,-19.08174
1181171093.75,-19.07572
1181171250.0,-19.06895
1181171406.25,-19.06525
1181171562.5,-19.05866
1181171718.75,-19.05549
1181171875.0,-19.04707
1181172031.25,-19.04358
1181172187.5,-19.03678
1181172343.75,-19.03196
1181172500.0,-19.02661
1181172656.25,-19.02123
1181172812.5,-19.0139
1181172968.75,-19.00907
1181173125.0,-19.00454
1181173281.25,-18.99902
1181173437.5,-18.99241
1181173593.75,-18.98543
1181173750.0,-18.98328
1181173906.25,-18.97475
1181174062.5,-18.97053
1181174218.75,-18.96382
1181174375.0,-18.95977
1181174531.25,-18.95357
1181174687.5,-18.94806
1181174843.75,-18.94219
1181175000.0,-18.93595
1181175156.25,-18.93038
1181175312.5,-18.92548
1181175468.75,-18.91883
1181175625.0,-18.91315
1181175781.25,-18.9092
1181175937.5,-18.90332
1181176093.75,-18.89696
1181176250.0,-18.89131
1181176406.25,-18.88674
1181176562.5,-18.88134
1181176718.75,-18.87588
1181176875.0,-18.87017
1181177031.25,-18.86299
1181177187.5,-18.8591
1181177343.75,-18.85449
1181177500.0,-18.84537
1181177656.25,-18.84229
1181177812.5,-18.83574
1181177968.75,-18.82871
1181178125.0,-18.82436
1181178281.25,-18.81954
1181178437.5,-18.81475
1181178593.75,-18.80896
1181178750.0,-18.80168
1181178906.25,-18.7975
1181179062.5,-18.79249
1181179218.75,-18.78619
1181179375.0,-18.7787
1181179531.25,-18.77435
1181179687.5,-18.76756
1181179843.75,-18.76316
1181180000.0,-18.75664
1181180156.25,-18.75254
1181180312.5,-18.74609
1181180468.75,-18.74137
1181180625.0,-18.7347
1181180781.25,-18.729
1181180937.5,-18.72377
1181181093.75,-18.71849
1181181250.0,-18.71387
1181181406.25,-18.70789
1181181562.5,-18.70269
1181181718.75,-18.69667
1181181875.0,-18.68956
1181182031.25,-18.68445
1181182187.5,-18.68077
1181182343.75,-18.67585
1181182500.0,-18.66745
1181182656.25,-18.6622
1181182812.5,-18.65689
1181182968.75,-18.6517
1181183125.0,-18.64603
1181183281.25,-18.64114
1181183437.5,-18.63462
1181183593.75,-18.629
1181183750.0,-18.6233
1181183906.25,-18.61717
1181184062.5,-18.61204
1181184218.75,-18.60557
1181184375.0,-18.60162
1181184531.25,-18.59648
1181184687.5,-18.58985
1181184843.75,-18.58483
1181185000.0,-18.57676
1181185156.25,-18.57367
1181185312.5,-18.56737
1181185468.75,-18.56357
1181185625.0,-18.55668
1181185781.25,-18.55202
1181185937.5,-18.54688
1181186093.75,-18.54001
1181186250.0,-18.53409
1181186406.25,-18.52879
1181186562.5,-18.52249
1181186718.75,-18.51784
1181186875.0,-18.51131
1181187031.25,-18.50515
1181187187.5,-18.50017
1181187343.75,-18.49479
1181187500.0,-18.48942
1181187656.25,-18.48331
1181187812.5,-18.47812
1181187968.75,-18.47425
1181188125.0,-18.46727
1181188281.25,-18.46206
1181188437.5,-18.45481
1181188593.75,-18.44994
1181188750.0,-18.44479
1181188906.25,-18.43917
1181189062.5,-18.43333
1181189218.75,-18.42573
1181189375.0,-18.42299
1181189531.25,-18.41711
1181189687.5,-18.41193
1181189843.75,-18.405
1181190000.0,-18.40027
1181190156.25,-18.39465
1181190312.5,-18.38843
1181190468.75,-18.38407
1181190625.0,-18.37714
1181190781.25,-18.37333
1181190937.5,-18.36635
1181191093.75,-18.35964
1181191250.0,-18.35433
1181191406.25,-18.34939
1181191562.5,-18.34443
1181191718.75,-18.33993
1181191875.0,-18.33228
1181192031.25,-18.32728
1181192187.5,-18.32141
1181192343.75,-18.31485
1181192500.0,-18.3105
1181192656.25,-18.30449
1181192812.5,-18.29965
1181192968.75,-18.29309
1181193125.0,-18.28674
1181193281.25,-18.28162
1181193437.5,-18.27638
1181193593.75,-18.27302
1181193750.0,-18.26457
1181193906.25,-18.25996
1181194062.5,-18.25585
1181194218.75,-18.24903
1181194375.0,-18.24391
1181194531.25,-18.23985
1181194687.5,-18.23356
1181194843.75,-18.2274
1181195000.0,-18.22118
1181195156.25,-18.21465
1181195312.5,-18.21055
1181195468.75,-18.20435
1181195625.0,-18.19952
1181195781.25,-18.19174
1181195937.5,-18.1867
1181196093.75,-18.17955
1181196250.0,-18.17617
1181196406.25,-18.16963
1181196562.5,-18.16493
1181196718.75,-18.1603
1181196875.0,-18.15249
1181197031.25,-18.14663
1181197187.5,-18.14313
1181197343.75,-18.13721
1181197500.0,-18.13154
1181197656.25,-18.12668
1181197812.5,-18.12142
1181197968.75,-18.1155
1181198125.0,-18.10959
1181198281.25,-18.10628
1181198437.5,-18.09953
1181198593.75,-18.09336
1181198750.0,-18.08696
1181198906.25,-18.08224
1181199062.5,-18.07675
1181199218.75,-18.06976
1181199375.0,-18.06542
1181199531.25,-18.05902
1181199687.5,-18.05508
1181199843.75,-18.05021
1181200000.0,-18.04291
1181200156.25,-18.0372
1181200312.5,-18.03123
1181200468.75,-18.02539
1181200625.0,-18.02195
1181200781.25,-18.01607
1181200937.5,-18.00901
1181201093.75,-18.00488
1181201250.0,-17.99831
1181201406.25,-17.99342
1181201562.5,-17.98724
1181201718.75,-17.98301
1181201875.0,-17.97693
1181202031.25,-17.97018
1181202187.5,-17.96584
1181202343.75,-17.95997
1181202500.0,-17.95485
1181202656.25,-17.95045
1181202812.5,-17.94265
1181202968.75,-17.93871
1181203125.0,-17.93358
1181203281.25,-17.9281
1181203437.5,-17.9214
1181203593.75,-17.91608
1181203750.0,-17.91098
1181203906.25,-17.90545
1181204062.5,-17.89869
1181204218.75,-17.89337
1181204375.0,-17.8885
1181204531.25,-17.88252
1181204687.5,-17.877
1181204843.75,-17.87058
1181205000.0,-17.86749
1181205156.25,-17.85875
1181205312.5,-17.85464
1181205468.75,-17.84966
1181205625.0,-17.84407
1181205781.25,-17.83798
1181205937.5,-17.83443
1181206093.75,-17.82626
1181206250.0,-17.82234
1181206406.25,-17.81528
1181206562.5,-17.81013
1181206718.75,-17.80412
1181206875.0,-17.80222
1181207031.25,-17.79491
1181207187.5,-17.7877
1181207343.75,-17.7826
1181207500.0,-17.77852
1181207656.25,-17.77091
1181207812.5,-17.76892
1181207968.75,-17.76194
1181208125.0,-17.75687
1181208281.25,-17.74983
1181208437.5,-17.74545
1181208593.75,-17.74068
1181208750.0,-17.7341
1181208906.25,-17.73036
1181209062.5,-17.72293
1181209218.75,-17.71806
1181209375.0,-17.71345
1181209531.25,-17.70567
1181209687.5,-17.70221
1181209843.75,-17.69666
1181210000.0,-17.69023
1181210156.25,-17.68497
1181210312.5,-17.67901
1181210468.75,-17.67363
1181210625.0,-17.66876
1181210781.25,-17.66187
1181210937.5,-17.65686
1181211093.75,-17.65315
1181211250.0,-17.64692
1181211406.25,-17.6419
1181211562.5,-17.63632
1181211718.75,-17.6295
1181211875.0,-17.62536
1181212031.25,-17.61869
1181212187.5,-17.61398
1181212343.75,-17.60906
1181212500.0,-17.60286
1181212656.25,-17.59828
1181212812.5,-17.59124
1181212968.75,-17.58667
1181213125.0,-17.5827
1181213281.25,-17.5758
1181213437.5,-17.57062
1181213593.75,-17.56423
1181213750.0,-17.55967
1181213906.25,-17.55449
1181214062.5,-17.55038
1181214218.75,-17.5424
1181214375.0,-17.53999
1181214531.25,-17.53393
1181214687.5,-17.52721
1181214843.75,-17.52296
1181215000.0,-17.51546
1181215156.25,-17.51138
1181215312.5,-17.50741
1181215468.75,-17.50176
1181215625.0,-17.49445
1181215781.25,-17.48989
1181215937.5,-17.4852
1181216093.75,-17.48001
1181216250.0,-17.47356
1181216406.25,-17.46926
1181216562.5,-17.46369
1181216718.75,-17.45713
1181216875.0,-17.45164
1181217031.25,-17.44703
1181217187.5,-17.44187
1181217343.75,-17.4363
1181217500.0,-17.43046
1181217656.25,-17.42663
1181217812.5,-17.42302
1181217968.75,-17.41615
1181218125.0,-17.40935
1181218281.25,-17.40561
1181218437.5,-17.39878
1181218593.75,-17.39273
1181218750.0,-17.38689
1181218906.25,-17.38255
1181219062.5,-17.37795
1181219218.75,-17.37362
1181219375.0,-17.36728
1181219531.25,-17.3606
1181219687.5,-17.35629
1181219843.75,-17.35157
1181220000.0,-17.34554
1181220156.25,-17.34068
1181220312.5,-17.33528
1181220468.75,-17.32937
1181220625.0,-17.32334
1181220781.25,-17.32053
1181220937.5,-17.31446
1181221093.75,-17.30938
1181221250.0,-17.30328
1181221406.25,-17.29988
1181221562.5,-17.29163
1181221718.75,-17.28753
1181221875.0,-17.28164
1181222031.25,-17.27726
1181222187.5,-17.27269
1181222343.75,-17.26743
1181222500.0,-17.26135
1181222656.25,-17.25627
1181222812.5,-17.25183
1181222968.75,-17.24507
1181223125.0,-17.24139
1181223281.25,-17.23575
1181223437.5,-17.23092
1181223593.75,-17.22445
1181223750.0,-17.22036
1181223906.25,-17.21449
1181224062.5,-17.21043
1181224218.75,-17.20454
1181224375.0,-17.19862
1181224531.25,-17.19385
1181224687.5,-17.18917
1181224843.75,-17.18296
1181225000.0,-17.17868
1181225156.25,-17.17336
1181225312.5,-17.16663
1181225468.75,-17.16225
1181225625.0,-17.15742
1181225781.25,-17.15203
1181225937.5,-17.14543
1181226093.75,-17.14031
1181226250.0,-17.13544
1181226406.25,-17.13087
1181226562.5,-17.12742
1181226718.75,-17.12222
1181226875.0,-17.11765
1181227031.25,-17.11044
1181227187.5,-17.10691
1181227343.75,-17.10114
1181227500.0,-17.09579
1181227656.25,-17.09118
1181227812.5,-17.08404
1181227968.75,-17.07886
1181228125.0,-17.07317
1181228281.25,-17.07033
1181228437.5,-17.06449
1181228593.75,-17.05932
1181228750.0,-17.05527
1181228906.25,-17.04905
1181229062.5,-17.04507
1181229218.75,-17.03918
1181229375.0,-17.03514
1181229531.25,-17.02824
1181229687.5,-17.02465
1181229843.75,-17.01836
1181230000.0,-17.01448
1181230156.25,-17.00994
1181230312.5,-17.00454
1181230468.75,-16.99966
1181230625.0,-16.99366
1181230781.25,-16.99123
1181230937.5,-16.98442
1181231093.75,-16.97807
1181231250.0,-16.97291
1181231406.25,-16.96745
1181231562.5,-16.96349
1181231718.75,-16.95905
1181231875.0,-16.95374
1181232031.25,-16.94853
1181232187.5,-16.94499
1181232343.75,-16.93918
1181232500.0,-16.93294
1181232656.25,-16.92926
1181232812.5,-16.92452
1181232968.75,-16.91891
1181233125.0,-16.91394
1181233281.25,-16.90904
1181233437.5,-16.90339
1181233593.75,-16.89886
1181233750.0,-16.89413
1181233906.25,-16.88923
1181234062.5,-16.88427
1181234218.75,-16.8786
1181234375.0,-16.87405
1181234531.25,-16.86972
1181234687.5,-16.86374
1181234843.75,-16.85976
1181235000.0,-16.85504
1181235156.25,-16.84864
1181235312.5,-16.84473
1181235468.75,-16.84019
1181235625.0,-16.83577
1181235781.25,-16.83026
1181235937.5,-16.82644
1181236093.75,-16.81973
1181236250.0,-16.81464
1181236406.25,-16.81014
1181236562.5,-16.80631
1181236718.75,-16.80082
1181236875.0,-16.79542
1181237031.25,-16.79123
1181237187.5,-16.78649
1181237343.75,-16.78205
1181237500.0,-16.77601
1181237656.25,-16.77087
1181237812.5,-16.76712
1181237968.75,-16.76128
1181238125.0,-16.75737
1181238281.25,-16.75236
1181238437.5,-16.74741
1181238593.75,-16.74267
1181238750.0,-16.73843
1181238906.25,-16.73284
1181239062.5,-16.72773
1181239218.75,-16.72337
1181239375.0,-16.71879
1181239531.25,-16.71548
1181239687.5,-16.71013
1181239843.75,-16.70534
1181240000.0,-16.70109
1181240156.25,-16.69599
1181240312.5,-16.69002
1181240468.75,-16.68699
1181240625.0,-16.68125
1181240781.25,-16.67594
1181240937.5,-16.67269
1181241093.75,-16.66816
1181241250.0,-16.66201
1181241406.25,-16.65737
1181241562.5,-16.65298
1181241718.75,-16.65015
1181241875.0,-16.64372
1181242031.25,-16.63985
1181242187.5,-16.63449
1181242343.75,-16.6301
1181242500.0,-16.62528
1181242656.25,-16.62014
1181242812.5,-16.61611
1181242968.75,-16.61105
1181243125.0,-16.60695
1181243281.25,-16.60283
1181243437.5,-16.59712
1181243593.75,-16.59378
1181243750.0,-16.58825
1181243906.25,-16.58332
1181244062.5,-16.57962
1181244218.75,-16.57547
1181244375.0,-16.57117
1181244531.25,-16.56603
1181244687.5,-16.5625
1181244843.75,-16.5571
1181245000.0,-16.55144
1181245156.25,-16.549
1181245312.5,-16.54366
1181245468.75,-16.53899
1181245625.0,-16.53368
1181245781.25,-16.52905
1181245937.5,-16.52519
1181246093.75,-16.52077
1181246250.0,-16.51624
1181246406.25,-16.5112
1181246562.5,-16.50786
1181246718.75,-16.50283
1181246875.0,-16.49807
1181247031.25,-16.49325
1181247187.5,-16.48956
1181247343.75,-16.48464
1181247500.0,-16.48128
1181247656.25,-16.4754
1181247812.5,-16.47321
1181247968.75,-16.46771
1181248125.0,-16.46349
1181248281.25,-16.4583
1181248437.5,-16.45397
1181248593.75,-16.45014
1181248750.0,-16.4448
1181248906.25,-16.44136
1181249062.5,-16.43565
1181249218.75,-16.43192
1181249375.0,-16.42897
1181249531.25,-16.42412
1181249687.5,-16.42034
1181249843.75,-16.4144
1181250000.0,-16.41201
1181250156.25,-16.40801
1181250312.5,-16.40319
1181250468.75,-16.39827
1181250625.0,-16.39399
1181250781.25,-16.38922
1181250937.5,-16.38594
1181251093.75,-16.38023
1181251250.0,-16.37815
1181251406.25,-16.374
1181251562.5,-16.3697
1181251718.75,-16.36369
1181251875.0,-16.35929
1181252031.25,-16.35616
1181252187.5,-16.35139
1181252343.75,-16.34625
1181252500.0,-16.34137
1181252656.25,-16.33952
1181252812.5,-16.33379
1181252968.75,-16.32999
1181253125.0,-16.3266
1181253281.25,-16.32294
1181253437.5,-16.31743
1181253593.75,-16.31311
1181253750.0,-16.30906
1181253906.25,-16.30581
1181254062.5,-16.30225
1181254218.75,-16.29739
1181254375.0,-16.29474
1181254531.25,-16.28919
1181254687.5,-16.28569
1181254843.75,-16.28173
1181255000.0,-16.27821
1181255156.25,-16.27171
1181255312.5,-16.27061
1181255468.75,-16.26489
1181255625.0,-16.26147
1181255781.25,-16.25543
1181255937.5,-16.25487
1181256093.75,-16.25043
1181256250.0,-16.24462
1181256406.25,-16.24177
1181256562.5,-16.23766
1181256718.75,-16.23364
1181256875.0,-16.22952
1181257031.25,-16.22569
1181257187.5,-16.22132
1181257343.75,-16.21842
1181257500.0,-16.21389
1181257656.25,-16.21077
1181257812.5,-16.20477
1181257968.75,-16.20189
1181258125.0,-16.19843
1181258281.25,-16.19469
1181258437.5,-16.19214
1181258593.75,-16.18759
1181258750.0,-16.18279
1181258906.25,-16.18049
1181259062.5,-16.17463
1181259218.75,-16.17214
1181259375.0,-16.16769
1181259531.25,-16.16458
1181259687.5,-16.16092
1181259843.75,-16.15666
1181260000.0,-16.15208
1181260156.25,-16.14944
1181260312.5,-16.14595
1181260468.75,-16.14228
1181260625.0,-16.13829
1181260781.25,-16.13395
1181260937.5,-16.12967
1181261093.75,-16.12586
1181261250.0,-16.12245
1181261406.25,-16.11958
1181261562.5,-16.1148
1181261718.75,-16.11085
1181261875.0,-16.10825
1181262031.25,-16.10448
1181262187.5,-16.10128
1181262343.75,-16.09771
1181262500.0,-16.09418
1181262656.25,-16.09057
1181262812.5,-16.0861
1181262968.75,-16.08385
1181263125.0,-16.0796
1181263281.25,-16.07706
1181263437.5,-16.07224
1181263593.75,-16.0684
1181263750.0,-16.06526
1181263906.25,-16.06174
1181264062.5,-16.05848
1181264218.75,-16.05509
1181264375.0,-16.0509
1181264531.25,-16.04664
1181264687.5,-16.04395
1181264843.75,-16.04121
1181265000.0,-16.03759
1181265156.25,-16.03374
1181265312.5,-16.03178
1181265468.75,-16.02679
1181265625.0,-16.02411
1181265781.25,-16.02175
1181265937.5,-16.01748
1181266093.75,-16.0137
1181266250.0,-16.01062
1181266406.25,-16.00549
1181266562.5,-16.00285
1181266718.75,-16.00021
1181266875.0,-15.99734
1181267031.25,-15.99383
1181267187.5,-15.99017
1181267343.75,-15.98601
1181267500.0,-15.98415
1181267656.25,-15.97966
1181267812.5,-15.9775
1181267968.75,-15.97458
1181268125.0,-15.97
1181268281.25,-15.96746
1181268437.5,-15.9632
1181268593.75,-15.96113
1181268750.0,-15.95678
1181268906.25,-15.95409
1181269062.5,-15.95159
1181269218.75,-15.9487
1181269375.0,-15.94495
1181269531.25,-15.94115
1181269687.5,-15.93827
1181269843.75,-15.93477
1181270000.0,-15.93173
1181270156.25,-15.92808
1181270312.5,-15.92552
1181270468.75,-15.92337
1181270625.0,-15.92008
1181270781.25,-15.91684
1181270937.5,-15.91383
1181271093.75,-15.9115
1181271250.0,-15.90721
1181271406.25,-15.90452
1181271562.5,-15.90128
1181271718.75,-15.89818
1181271875.0,-15.89456
1181272031.25,-15.89284
1181272187.5,-15.89065
1181272343.75,-15.88788
1181272500.0,-15.88452
1181272656.25,-15.88107
1181272812.5,-15.87707
1181272968.75,-15.87582
1181273125.0,-15.87195
1181273281.25,-15.86884
1181273437.5,-15.86523
1181273593.75,-15.86436
1181273750.0,-15.86143
1181273906.25,-15.85706
1181274062.5,-15.85449
1181274218.75,-15.85079
1181274375.0,-15.85018
1181274531.25,-15.84723
1181274687.5,-15.8434
1181274843.75,-15.84114
1181275000.0,-15.8386
1181275156.25,-15.83578
1181275312.5,-15.83305
1181275468.75,-15.82846
1181275625.0,-15.82726
1181275781.25,-15.82547
1181275937.5,-15.82248
1181276093.75,-15.81979
1181276250.0,-15.81654
1181276406.25,-15.81473
1181276562.5,-15.81164
1181276718.75,-15.80946
1181276875.0,-15.80672
1181277031.25,-15.80281
1181277187.5,-15.80125
1181277343.75,-15.80016
1181277500.0,-15.79653
1181277656.25,-15.79412
1181277812.5,-15.79105
1181277968.75,-15.78976
1181278125.0,-15.78711
1181278281.25,-15.78369
1181278437.5,-15.78042
1181278593.75,-15.78097
1181278750.0,-15.77643
1181278906.25,-15.77258
1181279062.5,-15.77112
1181279218.75,-15.76819
1181279375.0,-15.76579
1181279531.25,-15.76452
1181279687.5,-15.7621
1181279843.75,-15.76064
1181280000.0,-15.75688
1181280156.25,-15.7545
1181280312.5,-15.75185
1181280468.75,-15.75055
1181280625.0,-15.7472
1181280781.25,-15.7462
1181280937.5,-15.74499
1181281093.75,-15.74162
1181281250.0,-15.73726
1181281406.25,-15.73622
1181281562.5,-15.73449
1181281718.75,-15.73171
1181281875.0,-15.72951
1181282031.25,-15.72836
1181282187.5,-15.72565
1181282343.75,-15.7232
1181282500.0,-15.72129
1181282656.25,-15.71866
1181282812.5,-15.71647
1181282968.75,-15.71439
1181283125.0,-15.71223
1181283281.25,-15.71113
1181283437.5,-15.70902
1181283593.75,-15.70619
1181283750.0,-15.70482
1181283906.25,-15.70263
1181284062.5,-15.69988
1181284218.75,-15.69877
1181284375.0,-15.69573
1181284531.25,-15.69427
1181284687.5,-15.69273
1181284843.75,-15.69095
1181285000.0,-15.68685
1181285156.25,-15.68633
1181285312.5,-15.68385
1181285468.75,-15.6828
1181285625.0,-15.68175
1181285781.25,-15.67904
1181285937.5,-15.67763
1181286093.75,-15.67585
1181286250.0,-15.67266
1181286406.25,-15.67179
1181286562.5,-15.6702
1181286718.75,-15.66847
1181286875.0,-15.66535
1181287031.25,-15.66536
1181287187.5,-15.66326
1181287343.75,-15.65992
1181287500.0,-15.66016
1181287656.25,-15.65826
1181287812.5,-15.65509
1181287968.75,-15.65334
1181288125.0,-15.65224
1181288281.25,-15.65076
1181288437.5,-15.64965
1181288593.75,-15.64794
1181288750.0,-15.64629
1181288906.25,-15.64391
1181289062.5,-15.64423
1181289218.75,-15.64056
1181289375.0,-15.63879
1181289531.25,-15.63806
1181289687.5,-15.6362
1181289843.75,-15.63301
1181290000.0,-15.63341
1181290156.25,-15.63216
1181290312.5,-15.63009
1181290468.75,-15.62741
1181290625.0,-15.62765
1181290781.25,-15.62477
1181290937.5,-15.62333
1181291093.75,-15.62332
1181291250.0,-15.62147
1181291406.25,-15.61907
1181291562.5,-15.6184
1181291718.75,-15.61711
1181291875.0,-15.61597
1181292031.25,-15.61571
1181292187.5,-15.61466
1181292343.75,-15.6123
1181292500.0,-15.61145
1181292656.25,-15.60897
1181292812.5,-15.60775
1181292968.75,-15.60738
1181293125.0,-15.60634
1181293281.25,-15.60461
1181293437.5,-15.6034
1181293593.75,-15.60119
1181293750.0,-15.60012
1181293906.25,-15.59903
1181294062.5,-15.5997
1181294218.75,-15.59652
1181294375.0,-15.5959
1181294531.25,-15.59458
1181294687.5,-15.59361
1181294843.75,-15.59292
1181295000.0,-15.59122
1181295156.25,-15.59092
1181295312.5,-15.58971
1181295468.75,-15.58817
1181295625.0,-15.58773
1181295781.25,-15.58641
1181295937.5,-15.58586
1181296093.75,-15.58327
1181296250.0,-15.58382
1181296406.25,-15.58236
1181296562.5,-15.58002
1181296718.75,-15.58132
1181296875.0,-15.58015
1181297031.25,-15.5783
1181297187.5,-15.57819
1181297343.75,-15.57695
1181297500.0,-15.57556
1181297656.25,-15.57447
1181297812.5,-15.57447
1181297968.75,-15.57323
1181298125.0,-15.57403
1181298281.25,-15.57121
1181298437.5,-15.56992
1181298593.75,-15.57059
1181298750.0,-15.57006
1181298906.25,-15.56891
1181299062.5,-15.56879
1181299218.75,-15.56853
1181299375.0,-15.56794
1181299531.25,-15.56627
1181299687.5,-15.56617
1181299843.75,-15.56524
1181300000.0,-15.56406
1181300156.25,-15.56506
1181300312.5,-15.56377
1181300468.75,-15.56316
1181300625.0,-15.5635
1181300781.25,-15.56136
1181300937.5,-15.56187
1181301093.75,-15.56026
1181301250.0,-15.5606
1181301406.25,-15.55937
1181301562.5,-15.55964
1181301718.75,-15.55826
1181301875.0,-15.55817
1181302031.25,-15.55717
1181302187.5,-15.55803
1181302343.75,-15.55564
1181302500.0,-15.55642
1181302656.25,-15.55543
1181302812.5,-15.5566
1181302968.75,-15.5563
1181303125.0,-15.55548
1181303281.25,-15.55584
1181303437.5,-15.55456
1181303593.75,-15.55432
1181303750.0,-15.55451
1181303906.25,-15.5544
1181304062.5,-15.55412
1181304218.75,-15.55201
1181304375.0,-15.55326
1181304531.25,-15.55295
1181304687.5,-15.55292
1181304843.75,-15.55206
1181305000.0,-15.55041
1181305156.25,-15.55201
1181305312.5,-15.55144
1181305468.75,-15.55206
1181305625.0,-15.55226
1181305781.25,-15.55108
1181305937.5,-15.55193
1181306093.75,-15.55168
1181306250.0,-15.55135
1181306406.25,-15.54964
1181306562.5,-15.55175
1181306718.75,-15.55164
1181306875.0,-15.55109
1181307031.25,-15.55136
1181307187.5,-15.5517
1181307343.75,-15.55212
1181307500.0,-15.55207
1181307656.25,-15.55108
1181307812.5,-15.55292
1181307968.75,-15.55296
1181308125.0,-15.55117
1181308281.25,-15.55235
1181308437.5,-15.55322
1181308593.75,-15.55325
1181308750.0,-15.55393
1181308906.25,-15.5541
1181309062.5,-15.55275
1181309218.75,-15.55295
1181309375.0,-15.55429
1181309531.25,-15.55378
1181309687.5,-15.55505
1181309843.75,-15.55346
1181310000.0,-15.55437
1181310156.25,-15.55493
1181310312.5,-15.55541
1181310468.75,-15.55651
1181310625.0,-15.55661
1181310781.25,-15.55652
1181310937.5,-15.55663
1181311093.75,-15.55759
1181311250.0,-15.55658
1181311406.25,-15.55826
1181311562.5,-15.55827
1181311718.75,-15.5582
1181311875.0,-15.55941
1181312031.25,-15.55975
1181312187.5,-15.55945
1181312343.75,-15.56038
1181312500.0,-15.56081
1181312656.25,-15.56112
1181312812.5,-15.56227
1181312968.75,-15.56264
1181313125.0,-15.56305
1181313281.25,-15.56484
1181313437.5,-15.56392
1181313593.75,-15.56523
1181313750.0,-15.56716
1181313906.25,-15.56669
1181314062.5,-15.56657
1181314218.75,-15.56768
1181314375.0,-15.56825
1181314531.25,-15.56975
1181314687.5,-15.5699
1181314843.75,-15.57089
1181315000.0,-15.57107
1181315156.25,-15.57307
1181315312.5,-15.5751
1181315468.75,-15.57336
1181315625.0,-15.5752
1181315781.25,-15.57655
1181315937.5,-15.57558
1181316093.75,-15.57801
1181316250.0,-15.57872
1181316406.25,-15.58019
1181316562.5,-15.58018
1181316718.75,-15.58056
1181316875.0,-15.58194
1181317031.25,-15.58218
1181317187.5,-15.58436
1181317343.75,-15.58549
1181317500.0,-15.58611
1181317656.25,-15.5881
1181317812.5,-15.5872
1181317968.75,-15.58947
1181318125.0,-15.58945
1181318281.25,-15.59094
1181318437.5,-15.59228
1181318593.75,-15.59403
1181318750.0,-15.59455
1181318906.25,-15.59637
1181319062.5,-15.59623
1181319218.75,-15.59706
1181319375.0,-15.59861
1181319531.25,-15.6008
1181319687.5,-15.60264
1181319843.75,-15.60335
1181320000.0,-15.6048
1181320156.25,-15.60453
1181320312.5,-15.60641
1181320468.75,-15.60847
1181320625.0,-15.60911
1181320781.25,-15.60957
1181320937.5,-15.61142
1181321093.75,-15.61266
1181321250.0,-15.61393
1181321406.25,-15.61595
1181321562.5,-15.61596
1181321718.75,-15.6182
1181321875.0,-15.61947
1181322031.25,-15.61889
1181322187.5,-15.62255
1181322343.75,-15.62374
1181322500.0,-15.62507
1181322656.25,-15.6271
1181322812.5,-15.6284
1181322968.75,-15.62936
1181323125.0,-15.63126
1181323281.25,-15.63288
1181323437.5,-15.633
1181323593.75,-15.63434
1181323750.0,-15.63611
1181323906.25,-15.63882
1181324062.5,-15.64039
1181324218.75,-15.64138
1181324375.0,-15.64338
1181324531.25,-15.64421
1181324687.5,-15.64659
1181324843.75,-15.64815
1181325000.0,-15.65061
1181325156.25,-15.65082
1181325312.5,-15.65289
1181325468.75,-15.65537
1181325625.0,-15.65695
1181325781.25,-15.65775
1181325937.5,-15.65989
1181326093.75,-15.66161
1181326250.0,-15.66525
1181326406.25,-15.66559
1181326562.5,-15.66792
1181326718.75,-15.67
1181326875.0,-15.66979
1181327031.25,-15.67341
1181327187.5,-15.67375
1181327343.75,-15.67649
1181327500.0,-15.67885
1181327656.25,-15.67935
1181327812.5,-15.68092
1181327968.75,-15.68413
1181328125.0,-15.68498
1181328281.25,-15.68741
1181328437.5,-15.68904
1181328593.75,-15.69078
1181328750.0,-15.69332
1181328906.25,-15.69606
1181329062.5,-15.69701
1181329218.75,-15.69867
1181329375.0,-15.70051
1181329531.25,-15.70201
1181329687.5,-15.70491
1181329843.75,-15.70785
1181330000.0,-15.70899
1181330156.25,-15.71209
1181330312.5,-15.71245
1181330468.75,-15.71476
1181330625.0,-15.71804
1181330781.25,-15.71926
1181330937.5,-15.72313
1181331093.75,-15.72395
1181331250.0,-15.7267
1181331406.25,-15.72965
1181331562.5,-15.73069
1181331718.75,-15.73297
1181331875.0,-15.73506
1181332031.25,-15.73818
1181332187.5,-15.7386
1181332343.75,-15.7417
1181332500.0,-15.74509
1181332656.25,-15.74608
1181332812.5,-15.74931
1181332968.75,-15.75121
1181333125.0,-15.7536
1181333281.25,-15.75688
1181333437.5,-15.75876
1181333593.75,-15.76091
1181333750.0,-15.76139
1181333906.25,-15.7648
1181334062.5,-15.7668
1181334218.75,-15.77134
1181334375.0,-15.77155
1181334531.25,-15.77536
1181334687.5,-15.77844
1181334843.75,-15.78025
1181335000.0,-15.78314
1181335156.25,-15.78558
1181335312.5,-15.78708
1181335468.75,-15.78999
1181335625.0,-15.79235
1181335781.25,-15.79542
1181335937.5,-15.79747
1181336093.75,-15.80037
1181336250.0,-15.80194
1181336406.25,-15.80493
1181336562.5,-15.80765
1181336718.75,-15.80989
1181336875.0,-15.81326
1181337031.25,-15.81565
1181337187.5,-15.81796
1181337343.75,-15.82112
1181337500.0,-15.82405
1181337656.25,-15.82726
1181337812.5,-15.83025
1181337968.75,-15.83188
1181338125.0,-15.83423
1181338281.25,-15.8374
1181338437.5,-15.84074
1181338593.75,-15.84285
1181338750.0,-15.84531
1181338906.25,-15.84884
1181339062.5,-15.85073
1181339218.75,-15.85511
1181339375.0,-15.85765
1181339531.25,-15.85994
1181339687.5,-15.86253
1181339843.75,-15.86445
1181340000.0,-15.86915
1181340156.25,-15.87176
1181340312.5,-15.87439
1181340468.75,-15.8773
1181340625.0,-15.87935
1181340781.25,-15.88325
1181340937.5,-15.88566
1181341093.75,-15.88729
1181341250.0,-15.89218
1181341406.25,-15.89617
1181341562.5,-15.89943
1181341718.75,-15.90067
1181341875.0,-15.90385
1181342031.25,-15.90726
1181342187.5,-15.90959
1181342343.75,-15.91282
1181342500.0,-15.91435
1181342656.25,-15.91811
1181342812.5,-15.92112
1181342968.75,-15.92391
1181343125.0,-15.92649
1181343281.25,-15.93101
1181343437.5,-15.93468
1181343593.75,-15.93745
1181343750.0,-15.93982
1181343906.25,-15.94322
1181344062.5,-15.94809
1181344218.75,-15.94928
1181344375.0,-15.9519
1181344531.25,-15.95535
1181344687.5,-15.95891
1181344843.75,-15.96134
1181345000.0,-15.96534
1181345156.25,-15.96855
1181345312.5,-15.97134
1181345468.75,-15.97547
1181345625.0,-15.9785
1181345781.25,-15.98225
1181345937.5,-15.98535
1181346093.75,-15.98835
1181346250.0,-15.99216
1181346406.25,-15.99558
1181346562.5,-15.99899
1181346718.75,-16.00163
1181346875.0,-16.00583
1181347031.25,-16.00908
1181347187.5,-16.01196
1181347343.75,-16.01497
1181347500.0,-16.01872
1181347656.25,-16.02187
1181347812.5,-16.02443
1181347968.75,-16.02873
1181348125.0,-16.03182
1181348281.25,-16.03489
1181348437.5,-16.03968
1181348593.75,-16.04284
1181348750.0,-16.04557
1181348906.25,-16.04891
1181349062.5,-16.0519
1181349218.75,-16.05629
1181349375.0,-16.06092
1181349531.25,-16.06296
1181349687.5,-16.06846
1181349843.75,-16.07023
1181350000.0,-16.07347
1181350156.25,-16.07788
1181350312.5,-16.08048
1181350468.75,-16.08535
1181350625.0,-16.08886
1181350781.25,-16.09151
1181350937.5,-16.09653
1181351093.75,-16.09933
1181351250.0,-16.10333
1181351406.25,-16.10692
1181351562.5,-16.11023
1181351718.75,-16.11391
1181351875.0,-16.11808
1181352031.25,-16.12004
1181352187.5,-16.12593
1181352343.75,-16.12864
1181352500.0,-16.13177
1181352656.25,-16.13472
1181352812.5,-16.14044
1181352968.75,-16.14276
1181353125.0,-16.14639
1181353281.25,-16.14986
1181353437.5,-16.15473
1181353593.75,-16.15829
1181353750.0,-16.16145
1181353906.25,-16.16535
1181354062.5,-16.16917
1181354218.75,-16.17429
1181354375.0,-16.17747
1181354531.25,-16.18081
1181354687.5,-16.18521
1181354843.75,-16.18862
1181355000.0,-16.19267
1181355156.25,-16.19596
1181355312.5,-16.19993
1181355468.75,-16.20398
1181355625.0,-16.20766
1181355781.25,-16.21227
1181355937.5,-16.21697
1181356093.75,-16.22174
1181356250.0,-16.22377
1181356406.25,-16.22873
1181356562.5,-16.23224
1181356718.75,-16.23682
1181356875.0,-16.23943
1181357031.25,-16.24474
1181357187.5,-16.24742
1181357343.75,-16.2512
1181357500.0,-16.25596
1181357656.25,-16.26039
1181357812.5,-16.26481
1181357968.75,-16.26769
1181358125.0,-16.27192
1181358281.25,-16.27457
1181358437.5,-16.2792
1181358593.75,-16.28331
1181358750.0,-16.28718
1181358906.25,-16.29182
1181359062.5,-16.29431
1181359218.75,-16.3
1181359375.0,-16.30422
1181359531.25,-16.30834
1181359687.5,-16.31283
1181359843.75,-16.3159
1181360000.0,-16.32164
1181360156.25,-16.32368
1181360312.5,-16.33027
1181360468.75,-16.33254
1181360625.0,-16.33692
1181360781.25,-16.34091
1181360937.5,-16.34584
1181361093.75,-16.34865
1181361250.0,-16.35441
1181361406.25,-16.35793
1181361562.5,-16.36234
1181361718.75,-16.36623
1181361875.0,-16.37116
1181362031.25,-16.37502
1181362187.5,-16.38022
1181362343.75,-16.38427
1181362500.0,-16.38854
1181362656.25,-16.39271
1181362812.5,-16.39721
1181362968.75,-16.40072
1181363125.0,-16.40445
1181363281.25,-16.40887
1181363437.5,-16.41336
1181363593.75,-16.41795
1181363750.0,-16.42197
1181363906.25,-16.4263
1181364062.5,-16.43049
1181364218.75,-16.43589
1181364375.0,-16.44035
1181364531.25,-16.44347
1181364687.5,-16.44798
1181364843.75,-16.45278
1181365000.0,-16.45712
1181365156.25,-16.46277
1181365312.5,-16.46503
1181365468.75,-16.47039
1181365625.0,-16.47452
1181365781.25,-16.47951
1181365937.5,-16.4829
1181366093.75,-16.48847
1181366250.0,-16.49209
1181366406.25,-16.49599
1181366562.5,-16.50114
1181366718.75,-16.50556
1181366875.0,-16.51011
1181367031.25,-16.51578
1181367187.5,-16.51809
1181367343.75,-16.52384
1181367500.0,-16.52828
1181367656.25,-16.533
1181367812.5,-16.53639
1181367968.75,-16.54202
1181368125.0,-16.54621
1181368281.25,-16.55036
1181368437.5,-16.55477
1181368593.75,-16.5588
1181368750.0,-16.56622
1181368906.25,-16.56878
1181369062.5,-16.57347
1181369218.75,-16.57864
1181369375.0,-16.58176
1181369531.25,-16.58583
1181369687.5,-16.59168
1181369843.75,-16.59516
1181370000.0,-16.60073
1181370156.25,-16.60509
1181370312.5,-16.61023
1181370468.75,-16.61582
1181370625.0,-16.61914
1181370781.25,-16.62526
1181370937.5,-16.62881
1181371093.75,-16.63338
1181371250.0,-16.6385
1181371406.25,-16.64233
1181371562.5,-16.64651
1181371718.75,-16.65257
1181371875.0,-16.65588
1181372031.25,-16.66225
1181372187.5,-16.66537
1181372343.75,-16.67182
1181372500.0,-16.67495
1181372656.25,-16.68016
1181372812.5,-16.68343
1181372968.75,-16.6901
1181373125.0,-16.69395
1181373281.25,-16.69921
1181373437.5,-16.70358
1181373593.75,-16.70806
1181373750.0,-16.71292
1181373906.25,-16.71696
1181374062.5,-16.72303
1181374218.75,-16.72689
1181374375.0,-16.73177
1181374531.25,-16.73639
1181374687.5,-16.73961
1181374843.75,-16.7466
1181375000.0,-16.75003
1181375156.25,-16.75703
1181375312.5,-16.75905
1181375468.75,-16.7647
1181375625.0,-16.77076
1181375781.25,-16.77588
1181375937.5,-16.78127
1181376093.75,-16.78649
1181376250.0,-16.78944
1181376406.25,-16.79564
1181376562.5,-16.79941
1181376718.75,-16.80573
1181376875.0,-16.80916
1181377031.25,-16.81596
1181377187.5,-16.82014
1181377343.75,-16.82484
1181377500.0,-16.8282
1181377656.25,-16.83371
1181377812.5,-16.83796
1181377968.75,-16.8434
1181378125.0,-16.84822
1181378281.25,-16.85522
1181378437.5,-16.85688
1181378593.75,-16.86217
1181378750.0,-16.86842
1181378906.25,-16.87268
1181379062.5,-16.87702
1181379218.75,-16.88143
1181379375.0,-16.88749
1181379531.25,-16.89234
1181379687.5,-16.89739
1181379843.75,-16.90252
1181380000.0,-16.90734
1181380156.25,-16.91214
1181380312.5,-16.9169
1181380468.75,-16.92193
1181380625.0,-16.928
1181380781.25,-16.93294
1181380937.5,-16.93792
1181381093.75,-16.94254
1181381250.0,-16.94632
1181381406.25,-16.952
1181381562.5,-16.95745
1181381718.75,-16.961
1181381875.0,-16.96715
1181382031.25,-16.97243
1181382187.5,-16.97869
1181382343.75,-16.98259
1181382500.0,-16.98849
1181382656.25,-16.99241
1181382812.5,-16.99826
1181382968.75,-17.00298
1181383125.0,-17.00869
1181383281.25,-17.01236
1181383437.5,-17.0172
1181383593.75,-17.02384
1181383750.0,-17.02816
1181383906.25,-17.03414
1181384062.5,-17.03911
1181384218.75,-17.04383
1181384375.0,-17.04878
1181384531.25,-17.05358
1181384687.5,-17.05854
1181384843.75,-17.06256
1181385000.0,-17.06859
1181385156.25,-17.07272
1181385312.5,-17.07878
1181385468.75,-17.0863
1181385625.0,-17.08783
1181385781.25,-17.09457
1181385937.5,-17.09969
1181386093.75,-17.10397
1181386250.0,-17.10906
1181386406.25,-17.11639
1181386562.5,-17.1208
1181386718.75,-17.12617
1181386875.0,-17.13093
1181387031.25,-17.13692
1181387187.5,-17.14062
1181387343.75,-17.1467
1181387500.0,-17.15062
1181387656.25,-17.15481
1181387812.5,-17.16108
1181387968.75,-17.16759
1181388125.0,-17.17028
1181388281.25,-17.17712
1181388437.5,-17.18277
1181388593.75,-17.18717
1181388750.0,-17.19349
1181388906.25,-17.1978
1181389062.5,-17.20274
1181389218.75,-17.20702
1181389375.0,-17.21279
1181389531.25,-17.21887
1181389687.5,-17.22436
1181389843.75,-17.22843
1181390000.0,-17.2331
1181390156.25,-17.23978
1181390312.5,-17.24464
1181390468.75,-17.25034
1181390625.0,-17.25405
1181390781.25,-17.26116
1181390937.5,-17.26612
1181391093.75,-17.27053
1181391250.0,-17.27723
1181391406.25,-17.28193
1181391562.5,-17.28659
1181391718.75,-17.29266
1181391875.0,-17.29809
1181392031.25,-17.30237
1181392187.5,-17.30939
1181392343.75,-17.31382
1181392500.0,-17.31946
1181392656.25,-17.3241
1181392812.5,-17.32874
1181392968.75,-17.3347
1181393125.0,-17.33946
1181393281.25,-17.34448
1181393437.5,-17.35028
1181393593.75,-17.35546
1181393750.0,-17.36248
1181393906.25,-17.36703
1181394062.5,-17.37113
1181394218.75,-17.37696
1181394375.0,-17.38317
1181394531.25,-17.38644
1181394687.5,-17.39244
1181394843.75,-17.39859
1181395000.0,-17.40318
1181395156.25,-17.40765
1181395312.5,-17.4136
1181395468.75,-17.41874
1181395625.0,-17.42515
1181395781.25,-17.42912
1181395937.5,-17.43557
1181396093.75,-17.4417
1181396250.0,-17.4461
1181396406.25,-17.45045
1181396562.5,-17.45737
1181396718.75,-17.46198
1181396875.0,-17.46741
1181397031.25,-17.4727
1181397187.5,-17.47765
1181397343.75,-17.48324
1181397500.0,-17.48989
1181397656.25,-17.4949
1181397812.5,-17.49998
1181397968.75,-17.50681
1181398125.0,-17.51214
1181398281.25,-17.51579
1181398437.5,-17.52075
1181398593.75,-17.5283
1181398750.0,-17.53257
1181398906.25,-17.53773
1181399062.5,-17.54441
1181399218.75,-17.54886
1181399375.0,-17.55469
1181399531.25,-17.55871
1181399687.5,-17.56525
1181399843.75,-17.5711
1181400000.0,-17.57579
1181400156.25,-17.58116
1181400312.5,-17.58566
1181400468.75,-17.59006
1181400625.0,-17.59634
1181400781.25,-17.60175
1181400937.5,-17.60773
1181401093.75,-17.61413
1181401250.0,-17.61956
1181401406.25,-17.62543
1181401562.5,-17.6301
1181401718.75,-17.63637
1181401875.0,-17.64068
1181402031.25,-17.64612
1181402187.5,-17.65154
1181402343.75,-17.65706
1181402500.0,-17.66264
1181402656.25,-17.66933
1181402812.5,-17.67387
1181402968.75,-17.67828
1181403125.0,-17.6868
1181403281.25,-17.6906
1181403437.5,-17.69605
1181403593.75,-17.69968
1181403750.0,-17.70724
1181403906.25,-17.71275
1181404062.5,-17.71744
1181404218.75,-17.72244
1181404375.0,-17.7282
1181404531.25,-17.7343
1181404687.5,-17.74
1181404843.75,-17.74367
1181405000.0,-17.75017
1181405156.25,-17.75531
1181405312.5,-17.76159
1181405468.75,-17.76664
1181405625.0,-17.77275
1181405781.25,-17.77575
1181405937.5,-17.78378
1181406093.75,-17.79009
1181406250.0,-17.79356
1181406406.25,-17.79878
1181406562.5,-17.80467
1181406718.75,-17.80997
1181406875.0,-17.81696
1181407031.25,-17.8212
1181407187.5,-17.82674
1181407343.75,-17.83329
1181407500.0,-17.83743
1181407656.25,-17.84446
1181407812.5,-17.85154
1181407968.75,-17.85452
1181408125.0,-17.86095
1181408281.25,-17.86593
1181408437.5,-17.87199
1181408593.75,-17.87618
1181408750.0,-17.88392
1181408906.25,-17.88903
1181409062.5,-17.89317
1181409218.75,-17.89894
1181409375.0,-17.90484
1181409531.25,-17.91048
1181409687.5,-17.91706
1181409843.75,-17.92062
1181410000.0,-17.92679
1181410156.25,-17.93238
1181410312.5,-17.93682
1181410468.75,-17.94269
1181410625.0,-17.94817
1181410781.25,-17.95424
1181410937.5,-17.95805
1181411093.75,-17.96471
1181411250.0,-17.97114
1181411406.25,-17.97626
1181411562.5,-17.9835
1181411718.75,-17.9876
1181411875.0,-17.99178
1181412031.25,-17.99776
1181412187.5,-18.00506
1181412343.75,-18.00946
1181412500.0,-18.01514
1181412656.25,-18.02015
1181412812.5,-18.02688
1181412968.75,-18.03319
1181413125.0,-18.03652
1181413281.25,-18.04484
1181413437.5,-18.04857
1181413593.75,-18.05384
1181413750.0,-18.06061
1181413906.25,-18.06548
1181414062.5,-18.07254
1181414218.75,-18.07729
1181414375.0,-18.08243
1181414531.25,-18.08719
1181414687.5,-18.09192
1181414843.75,-18.09793
1181415000.0,-18.10399
1181415156.25,-18.10836
1181415312.5,-18.11674
1181415468.75,-18.12094
1181415625.0,-18.1273
1181415781.25,-18.13346
1181415937.5,-18.13748
1181416093.75,-18.14272
1181416250.0,-18.14764
1181416406.25,-18.15299
1181416562.5,-18.16066
1181416718.75,-18.1659
1181416875.0,-18.17077
1181417031.25,-18.17753
1181417187.5,-18.18417
1181417343.75,-18.18797
1181417500.0,-18.1943
1181417656.25,-18.20063
1181417812.5,-18.20507
1181417968.75,-18.21195
1181418125.0,-18.21674
1181418281.25,-18.22133
1181418437.5,-18.22688
1181418593.75,-18.23322
1181418750.0,-18.23927
1181418906.25,-18.24382
1181419062.5,-18.24906
1181419218.75,-18.25334
1181419375.0,-18.25969
1181419531.25,-18.26671
1181419687.5,-18.27156
1181419843.75,-18.27718
1181420000.0,-18.28208
1181420156.25,-18.2887
1181420312.5,-18.29282
1181420468.75,-18.30079
1181420625.0,-18.3058
1181420781.25,-18.30895
1181420937.5,-18.31548
1181421093.75,-18.3216
1181421250.0,-18.32615
1181421406.25,-18.33447
1181421562.5,-18.33866
1181421718.75,-18.34395
1181421875.0,-18.35053
1181422031.25,-18.35453
1181422187.5,-18.3597
1181422343.75,-18.36676
1181422500.0,-18.37093
1181422656.25,-18.3791
1181422812.5,-18.38249
1181422968.75,-18.39026
1181423125.0,-18.39525
1181423281.25,-18.40153
1181423437.5,-18.40607
1181423593.75,-18.41201
1181423750.0,-18.41802
1181423906.25,-18.4238
1181424062.5,-18.42879
1181424218.75,-18.43332
1181424375.0,-18.43998
1181424531.25,-18.44531
1181424687.5,-18.45166
1181424843.75,-18.45704
1181425000.0,-18.46099
1181425156.25,-18.46805
1181425312.5,-18.47418
1181425468.75,-18.47884
1181425625.0,-18.48433
1181425781.25,-18.48957
1181425937.5,-18.49454
1181426093.75,-18.50146
1181426250.0,-18.50615
1181426406.25,-18.51185
1181426562.5,-18.51778
1181426718.75,-18.52453
1181426875.0,-18.53059
1181427031.25,-18.53453
1181427187.5,-18.54013
1181427343.75,-18.54635
1181427500.0,-18.55254
1181427656.25,-18.55828
1181427812.5,-18.56291
1181427968.75,-18.56794
1181428125.0,-18.5741
1181428281.25,-18.57912
1181428437.5,-18.58536
1181428593.75,-18.59095
1181428750.0,-18.59579
1181428906.25,-18.60202
1181429062.5,-18.60733
1181429218.75,-18.61305
1181429375.0,-18.61868
1181429531.25,-18.62471
1181429687.5,-18.63182
1181429843.75,-18.63421
1181430000.0,-18.64137
1181430156.25,-18.64709
1181430312.5,-18.65327
1181430468.75,-18.6574
1181430625.0,-18.66468
1181430781.25,-18.66929
1181430937.5,-18.67566
1181431093.75,-18.68014
1181431250.0,-18.68521
1181431406.25,-18.69153
1181431562.5,-18.6957
1181431718.75,-18.70545
1181431875.0,-18.70897
1181432031.25,-18.71472
1181432187.5,-18.72001
1181432343.75,-18.72429
1181432500.0,-18.73092
1181432656.25,-18.73686
1181432812.5,-18.74283
1181432968.75,-18.7467
1181433125.0,-18.75387
1181433281.25,-18.76081
1181433437.5,-18.76531
1181433593.75,-18.77096
1181433750.0,-18.77396
1181433906.25,-18.78243
1181434062.5,-18.78811
1181434218.75,-18.79347
1181434375.0,-18.80023
1181434531.25,-18.80412
1181434687.5,-18.81025
1181434843.75,-18.81566
1181435000.0,-18.8224
1181435156.25,-18.82808
1181435312.5,-18.83103
1181435468.75,-18.83738
1181435625.0,-18.84269
1181435781.25,-18.84865
1181435937.5,-18.85392
1181436093.75,-18.86119
1181436250.0,-18.86576
1181436406.25,-18.87371
1181436562.5,-18.87637
1181436718.75,-18.88198
1181436875.0,-18.88734
1181437031.25,-18.89473
1181437187.5,-18.89879
1181437343.75,-18.90401
1181437500.0,-18.91031
1181437656.25,-18.91506
1181437812.5,-18.92198
1181437968.75,-18.9256
1181438125.0,-18.93195
1181438281.25,-18.93765
1181438437.5,-18.94329
1181438593.75,-18.94906
1181438750.0,-18.95498
1181438906.25,-18.96357
1181439062.5,-18.96625
1181439218.75,-18.97248
1181439375.0,-18.97711
1181439531.25,-18.98387
1181439687.5,-18.98778
1181439843.75,-18.9928
1181440000.0,-19.00121
1181440156.25,-19.00548
1181440312.5,-19.01147
1181440468.75,-19.01505
1181440625.0,-19.02164
1181440781.25,-19.02801
1181440937.5,-19.03374
1181441093.75,-19.03821
1181441250.0,-19.04457
1181441406.25,-19.04926
1181441562.5,-19.05534
1181441718.75,-19.06091
1181441875.0,-19.0669
1181442031.25,-19.07133
1181442187.5,-19.07703
1181442343.75,-19.08288
1181442500.0,-19.08772
1181442656.25,-19.09489
1181442812.5,-19.10032
1181442968.75,-19.10474
1181443125.0,-19.11095
1181443281.25,-19.11638
1181443437.5,-19.12014
1181443593.75,-19.13062
1181443750.0,-19.13292
1181443906.25,-19.13913
1181444062.5,-19.14433
1181444218.75,-19.15071
1181444375.0,-19.15589
1181444531.25,-19.16067
1181444687.5,-19.16711
1181444843.75,-19.17231
1181445000.0,-19.17831
1181445156.25,-19.18416
1181445312.5,-19.18967
1181445468.75,-19.19558
1181445625.0,-19.20087
1181445781.25,-19.20525
1181445937.5,-19.21143
1181446093.75,-19.21573
1181446250.0,-19.22053
1181446406.25,-19.22839
1181446562.5,-19.23338
1181446718.75,-19.23912
1181446875.0,-19.24438
1181447031.25,-19.25114
1181447187.5,-19.25444
1181447343.75,-19.25983
1181447500.0,-19.2657
1181447656.25,-19.27199
1181447812.5,-19.27804
1181447968.75,-19.28358
1181448125.0,-19.28879
1181448281.25,-19.29595
1181448437.5,-19.29919
1181448593.75,-19.30574
1181448750.0,-19.31046
1181448906.25,-19.31641
1181449062.5,-19.32227
1181449218.75,-19.32754
1181449375.0,-19.33302
1181449531.25,-19.33871
1181449687.5,-19.34512
1181449843.75,-19.35056
1181450000.0,-19.35414
1181450156.25,-19.36165
1181450312.5,-19.36669
1181450468.75,-19.37183
1181450625.0,-19.37815
1181450781.25,-19.38467
1181450937.5,-19.38913
1181451093.75,-19.39275
1181451250.0,-19.40003
1181451406.25,-19.40443
1181451562.5,-19.41069
1181451718.75,-19.41587
1181451875.0,-19.4218
1181452031.25,-19.4272
1181452187.5,-19.43295
1181452343.75,-19.43751
1181452500.0,-19.44293
1181452656.25,-19.44792
1181452812.5,-19.4573
1181452968.75,-19.4604
1181453125.0,-19.46649
1181453281.25,-19.47304
1181453437.5,-19.47627
1181453593.75,-19.48356
1181453750.0,-19.48879
1181453906.25,-19.49353
1181454062.5,-19.49949
1181454218.75,-19.50368
1181454375.0,-19.51092
1181454531.25,-19.51536
1181454687.5,-19.52024
1181454843.75,-19.52517
1181455000.0,-19.53465
1181455156.25,-19.53914
1181455312.5,-19.54448
1181455468.75,-19.54941
1181455625.0,-19.55322
1181455781.25,-19.55949
1181455937.5,-19.56434
1181456093.75,-19.56972
1181456250.0,-19.57538
1181456406.25,-19.58038
1181456562.5,-19.58697
1181456718.75,-19.59041
1181456875.0,-19.59816
1181457031.25,-19.60234
1181457187.5,-19.60868
1181457343.75,-19.61334
1181457500.0,-19.61922
1181457656.25,-19.62536
1181457812.5,-19.62958
1181457968.75,-19.63586
1181458125.0,-19.64154
1181458281.25,-19.6457
1181458437.5,-19.65197
1181458593.75,-19.65659
1181458750.0,-19.66255
1181458906.25,-19.66838
1181459062.5,-19.6738
1181459218.75,-19.67967
1181459375.0,-19.68438
1181459531.25,-19.69111
1181459687.5,-19.69511
1181459843.75,-19.70344
1181460000.0,-19.70701
1181460156.25,-19.71177
1181460312.5,-19.71689
1181460468.75,-19.724
1181460625.0,-19.72877
1181460781.25,-19.73475
1181460937.5,-19.7395
1181461093.75,-19.74492
1181461250.0,-19.75117
1181461406.25,-19.75529
1181461562.5,-19.76212
1181461718.75,-19.76573
1181461875.0,-19.77266
1181462031.25,-19.77672
1181462187.5,-19.7834
1181462343.75,-19.78907
1181462500.0,-19.79385
1181462656.25,-19.79906
1181462812.5,-19.80556
1181462968.75,-19.81106
1181463125.0,-19.81601
1181463281.25,-19.81977
1181463437.5,-19.82677
1181463593.75,-19.82987
1181463750.0,-19.83883
1181463906.25,-19.84028
1181464062.5,-19.84853
1181464218.75,-19.85316
1181464375.0,-19.86028
1181464531.25,-19.86505
1181464687.5,-19.87148
1181464843.75,-19.87706
1181465000.0,-19.88274
1181465156.25,-19.88719
1181465312.5,-19.89142
1181465468.75,-19.89815
1181465625.0,-19.90349
1181465781.25,-19.9082
1181465937.5,-19.91448
1181466093.75,-19.91858
1181466250.0,-19.92416
1181466406.25,-19.92851
1181466562.5,-19.93501
1181466718.75,-19.94051
1181466875.0,-19.94528
1181467031.25,-19.95171
1181467187.5,-19.95628
1181467343.75,-19.96304
1181467500.0,-19.9673
1181467656.25,-19.97301
1181467812.5,-19.97714
1181467968.75,-19.98507
1181468125.0,-19.988
1181468281.25,-19.9944
1181468437.5,-19.99694
1181468593.75,-20.00561
1181468750.0,-20.01012
1181468906.25,-20.01505
1181469062.5,-20.02122
1181469218.75,-20.02694
1181469375.0,-20.03274
1181469531.25,-20.03636
1181469687.5,-20.04487
1181469843.75,-20.04913
1181470000.0,-20.05266
1181470156.25,-20.05786
1181470312.5,-20.06491
1181470468.75,-20.07067
1181470625.0,-20.07501
1181470781.25,-20.07945
1181470937.5,-20.08714
1181471093.75,-20.09181
1181471250.0,-20.09686
1181471406.25,-20.10451
1181471562.5,-20.10599
1181471718.75,-20.11085
1181471875.0,-20.11736
1181472031.25,-20.1226
1181472187.5,-20.12846
1181472343.75,-20.13321
1181472500.0,-20.13885
1181472656.25,-20.14426
1181472812.5,-20.14966
1181472968.75,-20.15411
1181473125.0,-20.16134
1181473281.25,-20.16499
1181473437.5,-20.16987
1181473593.75,-20.17694
1181473750.0,-20.18105
1181473906.25,-20.18463
1181474062.5,-20.19364
1181474218.75,-20.19898
1181474375.0,-20.20175
1181474531.25,-20.20889
1181474687.5,-20.21367
1181474843.75,-20.21882
1181475000.0,-20.22653
1181475156.25,-20.23017
1181475312.5,-20.23424
1181475468.75,-20.24006
1181475625.0,-20.24517
1181475781.25,-20.24893
1181475937.5,-20.2555
1181476093.75,-20.26134
1181476250.0,-20.26533
1181476406.25,-20.2739
1181476562.5,-20.27653
1181476718.75,-20.28431
1181476875.0,-20.28626
1181477031.25,-20.29292
1181477187.5,-20.29771
1181477343.75,-20.30426
1181477500.0,-20.31148
1181477656.25,-20.31342
1181477812.5,-20.32001
1181477968.75,-20.32461
1181478125.0,-20.33146
1181478281.25,-20.33556
1181478437.5,-20.34086
1181478593.75,-20.34567
1181478750.0,-20.35026
1181478906.25,-20.35722
1181479062.5,-20.36211
1181479218.75,-20.36723
1181479375.0,-20.37187
1181479531.25,-20.37859
1181479687.5,-20.38427
1181479843.75,-20.38837
1181480000.0,-20.39284
1181480156.25,-20.39863
1181480312.5,-20.40368
1181480468.75,-20.40893
1181480625.0,-20.41527
1181480781.25,-20.41995
1181480937.5,-20.42581
1181481093.75,-20.43091
1181481250.0,-20.4364
1181481406.25,-20.44184
1181481562.5,-20.44353
1181481718.75,-20.44843
1181481875.0,-20.4568
1181482031.25,-20.46259
1181482187.5,-20.46605
1181482343.75,-20.46944
1181482500.0,-20.47739
1181482656.25,-20.48109
1181482812.5,-20.48919
1181482968.75,-20.49393
1181483125.0,-20.49767
1181483281.25,-20.50284
1181483437.5,-20.50994
1181483593.75,-20.51251
1181483750.0,-20.51792
1181483906.25,-20.52547
1181484062.5,-20.52878
1181484218.75,-20.53551
1181484375.0,-20.53806
1181484531.25,-20.5463
1181484687.5,-20.55072
1181484843.75,-20.5552
1181485000.0,-20.56085
1181485156.25,-20.5662
1181485312.5,-20.57178
1181485468.75,-20.5766
1181485625.0,-20.58328
1181485781.25,-20.58554
1181485937.5,-20.59128
1181486093.75,-20.59605
1181486250.0,-20.60284
1181486406.25,-20.60727
1181486562.5,-20.61306
1181486718.75,-20.61664
1181486875.0,-20.62271
1181487031.25,-20.62688
1181487187.5,-20.63505
1181487343.75,-20.63877
1181487500.0,-20.64321
1181487656.25,-20.65115
1181487812.5,-20.65357
1181487968.75,-20.65864
1181488125.0,-20.66553
1181488281.25,-20.67106
1181488437.5,-20.67445
1181488593.75,-20.67877
1181488750.0,-20.68905
1181488906.25,-20.69009
1181489062.5,-20.69576
1181489218.75,-20.70227
1181489375.0,-20.70517
1181489531.25,-20.71163
1181489687.5,-20.71843
1181489843.75,-20.72278
1181490000.0,-20.72824
1181490156.25,-20.7329
1181490312.5,-20.73667
1181490468.75,-20.74293
1181490625.0,-20.74771
1181490781.25,-20.75395
1181490937.5,-20.75927
1181491093.75,-20.76339
1181491250.0,-20.76967
1181491406.25,-20.7744
1181491562.5,-20.77848
1181491718.75,-20.78573
1181491875.0,-20.78963
1181492031.25,-20.79223
1181492187.5,-20.79919
1181492343.75,-20.80509
1181492500.0,-20.80868
1181492656.25,-20.81401
1181492812.5,-20.82226
1181492968.75,-20.82325
1181493125.0,-20.82943
1181493281.25,-20.83445
1181493437.5,-20.83907
1181493593.75,-20.84473
1181493750.0,-20.84965
1181493906.25,-20.85404
1181494062.5,-20.85998
1181494218.75,-20.86477
1181494375.0,-20.87339
1181494531.25,-20.87599
1181494687.5,-20.87965
1181494843.75,-20.88632
1181495000.0,-20.8889
1181495156.25,-20.89516
1181495312.5,-20.90123
1181495468.75,-20.90605
1181495625.0,-20.91287
1181495781.25,-20.91813
1181495937.5,-20.92539
1181496093.75,-20.92777
1181496250.0,-20.93207
1181496406.25,-20.93669
1181496562.5,-20.94105
1181496718.75,-20.94701
1181496875.0,-20.95174
1181497031.25,-20.95817
1181497187.5,-20.96341
1181497343.75,-20.96762
1181497500.0,-20.97453
1181497656.25,-20.97513
1181497812.5,-20.9827
1181497968.75,-20.98706
1181498125.0,-20.99367
1181498281.25,-20.99703
1181498437.5,-21.00293
1181498593.75,-21.0076
1181498750.0,-21.01516
1181498906.25,-21.01603
1181499062.5,-21.0235
1181499218.75,-21.02846
1181499375.0,-21.0316
1181499531.25,-21.03984
1181499687.5,-21.04283
1181499843.75,-21.04761
1181500000.0,-21.05499
1181500156.25,-21.05984
1181500312.5,-21.06279
1181500468.75,-21.06869
1181500625.0,-21.07128
1181500781.25,-21.07854
1181500937.5,-21.08632
1181501093.75,-21.08935
1181501250.0,-21.09614
1181501406.25,-21.09799
1181501562.5,-21.10382
1181501718.75,-21.1083
1181501875.0,-21.1134
1181502031.25,-21.11887
1181502187.5,-21.12338
1181502343.75,-21.12784
1181502500.0,-21.13521
1181502656.25,-21.1412
1181502812.5,-21.14301
1181502968.75,-21.14831
1181503125.0,-21.15519
1181503281.25,-21.1584
1181503437.5,-21.16554
1181503593.75,-21.16916
1181503750.0,-21.17478
1181503906.25,-21.17722
1181504062.5,-21.18415
1181504218.75,-21.18843
1181504375.0,-21.19518
1181504531.25,-21.19913
1181504687.5,-21.20316
1181504843.75,-21.2107
1181505000.0,-21.2155
1181505156.25,-21.21889
1181505312.5,-21.22433
1181505468.75,-21.22959
1181505625.0,-21.23336
1181505781.25,-21.23985
1181505937.5,-21.24548
1181506093.75,-21.24644
1181506250.0,-21.25514
1181506406.25,-21.25937
1181506562.5,-21.26596
1181506718.75,-21.27014
1181506875.0,-21.27741
1181507031.25,-21.27762
1181507187.5,-21.28239
1181507343.75,-21.29009
1181507500.0,-21.29312
1181507656.25,-21.30093
1181507812.5,-21.30205
1181507968.75,-21.30845
1181508125.0,-21.31479
1181508281.25,-21.31871
1181508437.5,-21.32098
1181508593.75,-21.32731
1181508750.0,-21.33344
1181508906.25,-21.3387
1181509062.5,-21.34451
1181509218.75,-21.34853
1181509375.0,-21.3538
1181509531.25,-21.35997
1181509687.5,-21.36485
1181509843.75,-21.36449
1181510000.0,-21.37158
1181510156.25,-21.37748
1181510312.5,-21.38454
1181510468.75,-21.38826
1181510625.0,-21.39223
1181510781.25,-21.39719
1181510937.5,-21.39982
1181511093.75,-21.40942
1181511250.0,-21.41039
1181511406.25,-21.41715
1181511562.5,-21.41936
1181511718.75,-21.4271
1181511875.0,-21.43391
1181512031.25,-21.43835
1181512187.5,-21.44354
1181512343.75,-21.4459
1181512500.0,-21.45162
1181512656.25,-21.45517
1181512812.5,-21.45984
1181512968.75,-21.46534
1181513125.0,-21.47087
1181513281.25,-21.47668
1181513437.5,-21.47977
1181513593.75,-21.48562
1181513750.0,-21.48996
1181513906.25,-21.49633
1181514062.5,-21.49976
1181514218.75,-21.50584
1181514375.0,-21.51084
1181514531.25,-21.51665
1181514687.5,-21.5221
1181514843.75,-21.52398
1181515000.0,-21.52886
1181515156.25,-21.53461
1181515312.5,-21.53975
1181515468.75,-21.54361
1181515625.0,-21.54787
1181515781.25,-21.55499
1181515937.5,-21.55993
1181516093.75,-21.56133
1181516250.0,-21.56752
1181516406.25,-21.57537
1181516562.5,-21.57906
1181516718.75,-21.58366
1181516875.0,-21.58746
1181517031.25,-21.5946
1181517187.5,-21.5984
1181517343.75,-21.60486
1181517500.0,-21.607
1181517656.25,-21.61236
1181517812.5,-21.61907
1181517968.75,-21.62297
1181518125.0,-21.6309
1181518281.25,-21.6334
1181518437.5,-21.63666
1181518593.75,-21.64214
1181518750.0,-21.6463
1181518906.25,-21.65074
1181519062.5,-21.65676
1181519218.75,-21.66045
1181519375.0,-21.66455
1181519531.25,-21.67024
1181519687.5,-21.67505
1181519843.75,-21.67944
1181520000.0,-21.68528
1181520156.25,-21.68971
1181520312.5,-21.69376
1181520468.75,-21.69721
1181520625.0,-21.70173
1181520781.25,-21.70569
1181520937.5,-21.71326
1181521093.75,-21.7167
1181521250.0,-21.72244
1181521406.25,-21.7277
1181521562.5,-21.73509
1181521718.75,-21.73657
1181521875.0,-21.74146
1181522031.25,-21.74663
1181522187.5,-21.75258
1181522343.75,-21.75798
1181522500.0,-21.76172
1181522656.25,-21.76568
1181522812.5,-21.77228
1181522968.75,-21.77599
1181523125.0,-21.78062
1181523281.25,-21.78421
1181523437.5,-21.79048
1181523593.75,-21.79552
1181523750.0,-21.80039
1181523906.25,-21.80452
1181524062.5,-21.81194
1181524218.75,-21.81316
1181524375.0,-21.81754
1181524531.25,-21.82386
1181524687.5,-21.82888
1181524843.75,-21.83319
1181525000.0,-21.83994
1181525156.25,-21.8436
1181525312.5,-21.84787
1181525468.75,-21.85105
1181525625.0,-21.85856
1181525781.25,-21.86332
1181525937.5,-21.86812
1181526093.75,-21.87008
1181526250.0,-21.87635
1181526406.25,-21.88149
1181526562.5,-21.88619
1181526718.75,-21.89056
1181526875.0,-21.8957
1181527031.25,-21.90056
1181527187.5,-21.90421
1181527343.75,-21.91109
1181527500.0,-21.91198
1181527656.25,-21.91701
1181527812.5,-21.92236
1181527968.75,-21.92769
1181528125.0,-21.9335
1181528281.25,-21.93682
1181528437.5,-21.94135
1181528593.75,-21.94679
1181528750.0,-21.95151
1181528906.25,-21.9572
1181529062.5,-21.96243
1181529218.75,-21.9647
1181529375.0,-21.9704
1181529531.25,-21.9754
1181529687.5,-21.97798
1181529843.75,-21.98452
1181530000.0,-21.99048
1181530156.25,-21.99388
1181530312.5,-21.99932
1181530468.75,-22.00371
1181530625.0,-22.00855
1181530781.25,-22.01149
1181530937.5,-22.01703
1181531093.75,-22.02132
1181531250.0,-22.02866
1181531406.25,-22.02988
1181531562.5,-22.03581
1181531718.75,-22.04137
1181531875.0,-22.0454
1181532031.25,-22.05054
1181532187.5,-22.05405
1181532343.75,-22.06112
1181532500.0,-22.06516
1181532656.25,-22.07048
1181532812.5,-22.07481
1181532968.75,-22.07772
1181533125.0,-22.08137
1181533281.25,-22.08702
1181533437.5,-22.09111
1181533593.75,-22.09629
1181533750.0,-22.10257
1181533906.25,-22.10647
1181534062.5,-22.11125
1181534218.75,-22.11611
1181534375.0,-22.12023
1181534531.25,-22.12628
1181534687.5,-22.12862
1181534843.75,-22.13509
1181535000.0,-22.13832
1181535156.25,-22.14367
1181535312.5,-22.14786
1181535468.75,-22.15175
1181535625.0,-22.1568
1181535781.25,-22.16212
1181535937.5,-22.16629
1181536093.75,-22.1725
1181536250.0,-22.17322
1181536406.25,-22.18137
1181536562.5,-22.18302
1181536718.75,-22.191
1181536875.0,-22.19575
1181537031.25,-22.19683
1181537187.5,-22.20361
1181537343.75,-22.2084
1181537500.0,-22.21442
1181537656.25,-22.21486
1181537812.5,-22.22102
1181537968.75,-22.22699
1181538125.0,-22.23079
1181538281.25,-22.23512
1181538437.5,-22.23987
1181538593.75,-22.24348
1181538750.0,-22.24889
1181538906.25,-22.25695
1181539062.5,-22.25794
1181539218.75,-22.26409
1181539375.0,-22.26808
1181539531.25,-22.27171
1181539687.5,-22.27573
1181539843.75,-22.28412
1181540000.0,-22.28739
1181540156.25,-22.29054
1181540312.5,-22.29508
1181540468.75,-22.30021
1181540625.0,-22.30494
1181540781.25,-22.31079
1181540937.5,-22.31145
1181541093.75,-22.3157
1181541250.0,-22.32093
1181541406.25,-22.32778
1181541562.5,-22.33278
1181541718.75,-22.33782
1181541875.0,-22.34278
1181542031.25,-22.3448
1181542187.5,-22.35072
1181542343.75,-22.355
1181542500.0,-22.35873
1181542656.25,-22.36729
1181542812.5,-22.36753
1181542968.75,-22.37263
1181543125.0,-22.37622
1181543281.25,-22.38348
1181543437.5,-22.38566
1181543593.75,-22.39187
1181543750.0,-22.39748
1181543906.25,-22.40195
1181544062.5,-22.4071
1181544218.75,-22.40761
1181544375.0,-22.41331
1181544531.25,-22.42013
1181544687.5,-22.42276
1181544843.75,-22.42647
1181545000.0,-22.43078
1181545156.25,-22.43663
1181545312.5,-22.44431
1181545468.75,-22.44611
1181545625.0,-22.44961
1181545781.25,-22.45759
1181545937.5,-22.45795
1181546093.75,-22.46311
1181546250.0,-22.47087
1181546406.25,-22.47153
1181546562.5,-22.47447
1181546718.75,-22.48202
1181546875.0,-22.48685
1181547031.25,-22.48979
1181547187.5,-22.4964
1181547343.75,-22.50052
1181547500.0,-22.50619
1181547656.25,-22.50939
1181547812.5,-22.51431
1181547968.75,-22.51939
1181548125.0,-22.52308
1181548281.25,-22.52362
1181548437.5,-22.5308
1181548593.75,-22.53782
1181548750.0,-22.54093
1181548906.25,-22.54559
1181549062.5,-22.5498
1181549218.75,-22.55465
1181549375.0,-22.55688
1181549531.25,-22.56161
1181549687.5,-22.56614
1181549843.75,-22.57378
1181550000.0,-22.57537
1181550156.25,-22.57833
1181550312.5,-22.58696
1181550468.75,-22.58929
1181550625.0,-22.59411
1181550781.25,-22.60118
1181550937.5,-22.60517
1181551093.75,-22.60575
1181551250.0,-22.61164
1181551406.25,-22.6156
1181551562.5,-22.61959
1181551718.75,-22.62369
1181551875.0,-22.63024
1181552031.25,-22.63406
1181552187.5,-22.63985
1181552343.75,-22.64087
1181552500.0,-22.64539
1181552656.25,-22.64928
1181552812.5,-22.65659
1181552968.75,-22.66068
1181553125.0,-22.667
1181553281.25,-22.6681
1181553437.5,-22.67536
1181553593.75,-22.67857
1181553750.0,-22.6834
1181553906.25,-22.68963
1181554062.5,-22.691
1181554218.75,-22.69769
1181554375.0,-22.70317
1181554531.25,-22.7063
1181554687.5,-22.71069
1181554843.75,-22.71396
1181555000.0,-22.72002
1181555156.25,-22.72298
1181555312.5,-22.72773
1181555468.75,-22.73038
1181555625.0,-22.73794
1181555781.25,-22.74209
1181555937.5,-22.74691
1181556093.75,-22.75055
1181556250.0,-22.75564
1181556406.25,-22.75607
1181556562.5,-22.76329
1181556718.75,-22.76542
1181556875.0,-22.77261
1181557031.25,-22.7743
1181557187.5,-22.78018
1181557343.75,-22.78347
1181557500.0,-22.7901
1181557656.25,-22.79483
1181557812.5,-22.79945
1181557968.75,-22.79976
1181558125.0,-22.80687
1181558281.25,-22.81065
1181558437.5,-22.81732
1181558593.75,-22.82051
1181558750.0,-22.82335
1181558906.25,-22.82786
1181559062.5,-22.83132
1181559218.75,-22.83702
1181559375.0,-22.84308
1181559531.25,-22.84914
1181559687.5,-22.85215
1181559843.75,-22.85644
1181560000.0,-22.86018
1181560156.25,-22.86422
1181560312.5,-22.86596
1181560468.75,-22.87235
1181560625.0,-22.87792
1181560781.25,-22.8806
1181560937.5,-22.88604
1181561093.75,-22.89171
1181561250.0,-22.89127
1181561406.25,-22.89909
1181561562.5,-22.90174
1181561718.75,-22.90584
1181561875.0,-22.9117
1181562031.25,-22.91664
1181562187.5,-22.91993
1181562343.75,-22.92598
1181562500.0,-22.92768
1181562656.25,-22.93374
1181562812.5,-22.9378
1181562968.75,-22.94019
1181563125.0,-22.9469
1181563281.25,-22.9489
1181563437.5,-22.95533
1181563593.75,-22.96078
1181563750.0,-22.96482
1181563906.25,-22.96786
1181564062.5,-22.97112
1181564218.75,-22.9786
1181564375.0,-22.97991
1181564531.25,-22.98594
1181564687.5,-22.98873
1181564843.75,-22.99318
1181565000.0,-22.9988
1181565156.25,-23.00355
1181565312.5,-23.00583
1181565468.75,-23.00927
1181565625.0,-23.01541
1181565781.25,-23.01921
1181565937.5,-23.02505
1181566093.75,-23.02916
1181566250.0,-23.03115
1181566406.25,-23.03589
1181566562.5,-23.04042
1181566718.75,-23.04604
1181566875.0,-23.04877
1181567031.25,-23.05539
1181567187.5,-23.05709
1181567343.75,-23.06586
1181567500.0,-23.06604
1181567656.25,-23.07194
1181567812.5,-23.07639
1181567968.75,-23.07961
1181568125.0,-23.08436
1181568281.25,-23.08888
1181568437.5,-23.0941
1181568593.75,-23.09821
1181568750.0,-23.10138
1181568906.25,-23.10763
1181569062.5,-23.11157
1181569218.75,-23.11633
1181569375.0,-23.11724
1181569531.25,-23.12495
1181569687.5,-23.12769
1181569843.75,-23.13267
1181570000.0,-23.13646
1181570156.25,-23.1383
1181570312.5,-23.14293
1181570468.75,-23.14696
1181570625.0,-23.14929
1181570781.25,-23.15972
1181570937.5,-23.16254
1181571093.75,-23.16445
1181571250.0,-23.16787
1181571406.25,-23.17233
1181571562.5,-23.1769
1181571718.75,-23.18343
1181571875.0,-23.18712
1181572031.25,-23.1904
1181572187.5,-23.19298
1181572343.75,-23.19831
1181572500.0,-23.20179
1181572656.25,-23.20862
1181572812.5,-23.21626
1181572968.75,-23.21708
1181573125.0,-23.21879
1181573281.25,-23.22608
1181573437.5,-23.23083
1181573593.75,-23.23207
1181573750.0,-23.2344
1181573906.25,-23.24255
1181574062.5,-23.2453
1181574218.75,-23.24971
1181574375.0,-23.25579
1181574531.25,-23.25683
1181574687.5,-23.26362
1181574843.75,-23.26706
1181575000.0,-23.266
1181575156.25,-23.27197
1181575312.5,-23.27641
1181575468.75,-23.28201
1181575625.0,-23.29131
1181575781.25,-23.29152
1181575937.5,-23.29926
1181576093.75,-23.303
1181576250.0,-23.30539
1181576406.25,-23.30846
1181576562.5,-23.31443
1181576718.75,-23.31627
1181576875.0,-23.32204
1181577031.25,-23.32221
1181577187.5,-23.32844
1181577343.75,-23.33345
1181577500.0,-23.33886
1181577656.25,-23.34225
1181577812.5,-23.34416
1181577968.75,-23.35025
1181578125.0,-23.35342
1181578281.25,-23.36066
1181578437.5,-23.36188
1181578593.75,-23.36279
1181578750.0,-23.37039
1181578906.25,-23.37671
1181579062.5,-23.38184
1181579218.75,-23.38579
1181579375.0,-23.38722
1181579531.25,-23.39166
1181579687.5,-23.39451
1181579843.75,-23.4001
1181580000.0,-23.40375
1181580156.25,-23.4102
1181580312.5,-23.41411
1181580468.75,-23.41714
1181580625.0,-23.42056
1181580781.25,-23.42403
1181580937.5,-23.43025
1181581093.75,-23.43327
1181581250.0,-23.4391
1181581406.25,-23.44127
1181581562.5,-23.44464
1181581718.75,-23.45008
1181581875.0,-23.45646
1181582031.25,-23.45481
1181582187.5,-23.46459
1181582343.75,-23.46898
1181582500.0,-23.47048
1181582656.25,-23.47556
1181582812.5,-23.47958
1181582968.75,-23.48429
1181583125.0,-23.4879
1181583281.25,-23.49186
1181583437.5,-23.49741
1181583593.75,-23.50078
1181583750.0,-23.50517
1181583906.25,-23.50913
1181584062.5,-23.5108
1181584218.75,-23.51615
1181584375.0,-23.52075
1181584531.25,-23.52292
1181584687.5,-23.52822
1181584843.75,-23.53319
1181585000.0,-23.53521
1181585156.25,-23.54256
1181585312.5,-23.54652
1181585468.75,-23.5483
1181585625.0,-23.5511
1181585781.25,-23.55799
1181585937.5,-23.56416
1181586093.75,-23.5658
1181586250.0,-23.56976
1181586406.25,-23.57154
1181586562.5,-23.57868
1181586718.75,-23.57961
1181586875.0,-23.58608
1181587031.25,-23.58974
1181587187.5,-23.59323
1181587343.75,-23.59908
1181587500.0,-23.60404
1181587656.25,-23.60621
1181587812.5,-23.61164
1181587968.75,-23.61454
1181588125.0,-23.61778
1181588281.25,-23.62064
1181588437.5,-23.62766
1181588593.75,-23.62966
1181588750.0,-23.6371
1181588906.25,-23.63508
1181589062.5,-23.64353
1181589218.75,-23.64931
1181589375.0,-23.64962
1181589531.25,-23.65415
1181589687.5,-23.65872
1181589843.75,-23.66451
1181590000.0,-23.66512
1181590156.25,-23.67323
1181590312.5,-23.67437
1181590468.75,-23.67831
1181590625.0,-23.6848
1181590781.25,-23.68609
1181590937.5,-23.68999
1181591093.75,-23.6981
1181591250.0,-23.69822
1181591406.25,-23.70576
1181591562.5,-23.70746
1181591718.75,-23.71217
1181591875.0,-23.71578
1181592031.25,-23.71859
1181592187.5,-23.7239
1181592343.75,-23.72526
1181592500.0,-23.73104
1181592656.25,-23.73442
1181592812.5,-23.73999
1181592968.75,-23.74177
1181593125.0,-23.74702
1181593281.25,-23.7513
1181593437.5,-23.75653
1181593593.75,-23.75911
1181593750.0,-23.76169
1181593906.25,-23.76893
1181594062.5,-23.77097
1181594218.75,-23.77794
1181594375.0,-23.77824
1181594531.25,-23.78263
1181594687.5,-23.78941
1181594843.75,-23.79274
1181595000.0,-23.7951
1181595156.25,-23.79665
1181595312.5,-23.80401
1181595468.75,-23.8087
1181595625.0,-23.81207
1181595781.25,-23.8171
1181595937.5,-23.82425
1181596093.75,-23.82384
1181596250.0,-23.82948
1181596406.25,-23.83223
1181596562.5,-23.83803
1181596718.75,-23.84305
1181596875.0,-23.84399
1181597031.25,-23.84591
1181597187.5,-23.85338
1181597343.75,-23.85474
1181597500.0,-23.85964
1181597656.25,-23.86482
1181597812.5,-23.86594
1181597968.75,-23.87204
1181598125.0,-23.876
1181598281.25,-23.87959
1181598437.5,-23.88332
1181598593.75,-23.88879
1181598750.0,-23.89186
1181598906.25,-23.89733
1181599062.5,-23.89981
1181599218.75,-23.90281
1181599375.0,-23.90777
1181599531.25,-23.91106
1181599687.5,-23.91623
1181599843.75,-23.92051
1181600000.0,-23.92484
1181600156.25,-23.9288
1181600312.5,-23.93048
1181600468.75,-23.93734
1181600625.0,-23.93885
1181600781.25,-23.94321
1181600937.5,-23.9473
1181601093.75,-23.95169
1181601250.0,-23.9547
1181601406.25,-23.96215
1181601562.5,-23.96453
1181601718.75,-23.96498
1181601875.0,-23.97219
1181602031.25,-23.97584
1181602187.5,-23.97762
1181602343.75,-23.98337
1181602500.0,-23.98464
1181602656.25,-23.99039
1181602812.5,-23.99405
1181602968.75,-23.99717
1181603125.0,-24.00252
1181603281.25,-24.01006
1181603437.5,-24.01044
1181603593.75,-24.01438
1181603750.0,-24.01732
1181603906.25,-24.02308
1181604062.5,-24.02537
1181604218.75,-24.02823
1181604375.0,-24.03304
1181604531.25,-24.03427
1181604687.5,-24.04002
1181604843.75,-24.04439
1181605000.0,-24.04957
1181605156.25,-24.05352
1181605312.5,-24.05849
1181605468.75,-24.06254
1181605625.0,-24.0668
1181605781.25,-24.07015
1181605937.5,-24.07089
1181606093.75,-24.07723
1181606250.0,-24.08052
1181606406.25,-24.0846
1181606562.5,-24.09055
1181606718.75,-24.09377
1181606875.0,-24.09475
1181607031.25,-24.09775
1181607187.5,-24.10197
1181607343.75,-24.10851
1181607500.0,-24.11135
1181607656.25,-24.11418
1181607812.5,-24.11834
1181607968.75,-24.12194
1181608125.0,-24.1276
1181608281.25,-24.13399
1181608437.5,-24.13431
1181608593.75,-24.13859
1181608750.0,-24.14371
1181608906.25,-24.14485
1181609062.5,-24.15068
1181609218.75,-24.157
1181609375.0,-24.15682
1181609531.25,-24.16422
1181609687.5,-24.16557
1181609843.75,-24.17023
1181610000.0,-24.17243
1181610156.25,-24.17939
1181610312.5,-24.18017
1181610468.75,-24.18642
1181610625.0,-24.18943
1181610781.25,-24.1947
1181610937.5,-24.1968
1181611093.75,-24.20236
1181611250.0,-24.20442
1181611406.25,-24.21189
1181611562.5,-24.20972
1181611718.75,-24.21566
1181611875.0,-24.22002
1181612031.25,-24.22298
1181612187.5,-24.22449
1181612343.75,-24.2318
1181612500.0,-24.23522
1181612656.25,-24.23998
1181612812.5,-24.24265
1181612968.75,-24.24784
1181613125.0,-24.25046
1181613281.25,-24.25303
1181613437.5,-24.25739
1181613593.75,-24.26168
1181613750.0,-24.26365
1181613906.25,-24.27091
1181614062.5,-24.27055
1181614218.75,-24.27599
1181614375.0,-24.28031
1181614531.25,-24.28522
1181614687.5,-24.28807
1181614843.75,-24.29314
1181615000.0,-24.29797
1181615156.25,-24.29892
1181615312.5,-24.30289
1181615468.75,-24.31002
1181615625.0,-24.31274
1181615781.25,-24.31398
1181615937.5,-24.32159
1181616093.75,-24.3236
1181616250.0,-24.327
1181616406.25,-24.33165
1181616562.5,-24.33344
1181616718.75,-24.34004
1181616875.0,-24.34465
1181617031.25,-24.34696
1181617187.5,-24.35085
1181617343.75,-24.35527
1181617500.0,-24.36032
1181617656.25,-24.3616
1181617812.5,-24.36783
1181617968.75,-24.37014
1181618125.0,-24.37367
1181618281.25,-24.37266
1181618437.5,-24.38176
1181618593.75,-24.38552
1181618750.0,-24.38654
1181618906.25,-24.39159
1181619062.5,-24.39557
1181619218.75,-24.39969
1181619375.0,-24.40285
1181619531.25,-24.40872
1181619687.5,-24.41079
1181619843.75,-24.41468
1181620000.0,-24.41802
1181620156.25,-24.42091
1181620312.5,-24.42373
1181620468.75,-24.4304
1181620625.0,-24.43147
1181620781.25,-24.43681
1181620937.5,-24.43838
1181621093.75,-24.44303
1181621250.0,-24.4504
1181621406.25,-24.45173
1181621562.5,-24.45707
1181621718.75,-24.46416
1181621875.0,-24.46381
1181622031.25,-24.46752
1181622187.5,-24.47066
1181622343.75,-24.47476
1181622500.0,-24.47874
1181622656.25,-24.48071
1181622812.5,-24.48843
1181622968.75,-24.49027
1181623125.0,-24.49375
1181623281.25,-24.4966
1181623437.5,-24.50254
1181623593.75,-24.50118
1181623750.0,-24.50519
1181623906.25,-24.51209
1181624062.5,-24.51731
1181624218.75,-24.52056
1181624375.0,-24.52083
1181624531.25,-24.52807
1181624687.5,-24.53181
1181624843.75,-24.53218
1181625000.0,-24.53979
1181625156.25,-24.54058
1181625312.5,-24.54421
1181625468.75,-24.55086
1181625625.0,-24.55395
1181625781.25,-24.55758
1181625937.5,-24.55965
1181626093.75,-24.56404
1181626250.0,-24.56943
1181626406.25,-24.57339
1181626562.5,-24.57739
1181626718.75,-24.58163
1181626875.0,-24.58277
1181627031.25,-24.58893
1181627187.5,-24.59262
1181627343.75,-24.59504
1181627500.0,-24.5968
1181627656.25,-24.60096
1181627812.5,-24.60538
1181627968.75,-24.61096
1181628125.0,-24.61426
1181628281.25,-24.61428
1181628437.5,-24.62043
1181628593.75,-24.62363
1181628750.0,-24.62496
1181628906.25,-24.63288
1181629062.5,-24.63479
1181629218.75,-24.63798
1181629375.0,-24.64122
1181629531.25,-24.6447
1181629687.5,-24.64983
1181629843.75,-24.65249
1181630000.0,-24.65528
1181630156.25,-24.65777
1181630312.5,-24.66547
1181630468.75,-24.66796
1181630625.0,-24.67057
1181630781.25,-24.67367
1181630937.5,-24.67865
1181631093.75,-24.68449
1181631250.0,-24.68523
1181631406.25,-24.68918
1181631562.5,-24.69227
1181631718.75,-24.69811
1181631875.0,-24.6991
1181632031.25,-24.70349
1181632187.5,-24.70959
1181632343.75,-24.70922
1181632500.0,-24.7158
1181632656.25,-24.72168
1181632812.5,-24.72394
1181632968.75,-24.72879
1181633125.0,-24.73222
1181633281.25,-24.73397
1181633437.5,-24.73959
1181633593.75,-24.74043
1181633750.0,-24.7466
1181633906.25,-24.74881
1181634062.5,-24.75088
1181634218.75,-24.75727
1181634375.0,-24.75944
1181634531.25,-24.7639
1181634687.5,-24.76489
1181634843.75,-24.77038
1181635000.0,-24.77107
1181635156.25,-24.77697
1181635312.5,-24.78107
1181635468.75,-24.78431
1181635625.0,-24.79193
1181635781.25,-24.7932
1181635937.5,-24.79545
1181636093.75,-24.80102
1181636250.0,-24.80454
1181636406.25,-24.807
1181636562.5,-24.80824
1181636718.75,-24.81413
1181636875.0,-24.81511
1181637031.25,-24.82146
1181637187.5,-24.82478
1181637343.75,-24.82807
1181637500.0,-24.83372
1181637656.25,-24.83759
1181637812.5,-24.84122
1181637968.75,-24.84279
1181638125.0,-24.84634
1181638281.25,-24.85044
1181638437.5,-24.85244
1181638593.75,-24.85819
1181638750.0,-24.86201
1181638906.25,-24.86273
1181639062.5,-24.86887
1181639218.75,-24.87219
1181639375.0,-24.87504
1181639531.25,-24.88109
1181639687.5,-24.87995
1181639843.75,-24.88877
1181640000.0,-24.8884
1181640156.25,-24.89408
1181640312.5,-24.89599
1181640468.75,-24.89941
1181640625.0,-24.90357
1181640781.25,-24.90801
1181640937.5,-24.90984
1181641093.75,-24.9161
1181641250.0,-24.91789
1181641406.25,-24.92317
1181641562.5,-24.92567
1181641718.75,-24.93116
1181641875.0,-24.9342
1181642031.25,-24.93661
1181642187.5,-24.94044
1181642343.75,-24.94289
1181642500.0,-24.94837
1181642656.25,-24.95105
1181642812.5,-24.95663
1181642968.75,-24.95673
1181643125.0,-24.96019
1181643281.25,-24.96772
1181643437.5,-24.96663
1181643593.75,-24.97274
1181643750.0,-24.97603
1181643906.25,-24.97948
1181644062.5,-24.97924
1181644218.75,-24.98612
1181644375.0,-24.98872
1181644531.25,-24.99383
1181644687.5,-24.99954
1181644843.75,-25.00132
1181645000.0,-25.00292
1181645156.25,-25.01006
1181645312.5,-25.01135
1181645468.75,-25.01696
1181645625.0,-25.01976
1181645781.25,-25.02459
1181645937.5,-25.02669
1181646093.75,-25.03068
1181646250.0,-25.03064
1181646406.25,-25.03686
1181646562.5,-25.03871
1181646718.75,-25.04503
1181646875.0,-25.0464
1181647031.25,-25.05339
1181647187.5,-25.05185
1181647343.75,-25.05925
1181647500.0,-25.0645
1181647656.25,-25.06518
1181647812.5,-25.06964
1181647968.75,-25.06916
1181648125.0,-25.07903
1181648281.25,-25.08019
1181648437.5,-25.08467
1181648593.75,-25.08681
1181648750.0,-25.08697
1181648906.25,-25.09401
1181649062.5,-25.09714
1181649218.75,-25.10287
1181649375.0,-25.10568
1181649531.25,-25.10621
1181649687.5,-25.10921
1181649843.75,-25.111
1181650000.0,-25.11721
1181650156.25,-25.11979
1181650312.5,-25.12587
1181650468.75,-25.13156
1181650625.0,-25.13403
1181650781.25,-25.13646
1181650937.5,-25.13726
1181651093.75,-25.13889
1181651250.0,-25.15035
1181651406.25,-25.15003
1181651562.5,-25.15253
1181651718.75,-25.15754
1181651875.0,-25.16136
1181652031.25,-25.16536
1181652187.5,-25.16816
1181652343.75,-25.17039
1181652500.0,-25.17956
1181652656.25,-25.1775
1181652812.5,-25.17971
1181652968.75,-25.18336
1181653125.0,-25.18812
1181653281.25,-25.19065
1181653437.5,-25.19853
1181653593.75,-25.19779
1181653750.0,-25.20104
1181653906.25,-25.2065
1181654062.5,-25.20895
1181654218.75,-25.20987
1181654375.0,-25.21504
1181654531.25,-25.22107
1181654687.5,-25.22129
1181654843.75,-25.22603
1181655000.0,-25.22811
1181655156.25,-25.23293
1181655312.5,-25.23472
1181655468.75,-25.24341
1181655625.0,-25.24261
1181655781.25,-25.25058
1181655937.5,-25.24921
1181656093.75,-25.25384
1181656250.0,-25.25521
1181656406.25,-25.26316
1181656562.5,-25.26513
1181656718.75,-25.26718
1181656875.0,-25.27387
1181657031.25,-25.27843
1181657187.5,-25.28015
1181657343.75,-25.28349
1181657500.0,-25.28734
1181657656.25,-25.28925
1181657812.5,-25.29352
1181657968.75,-25.29656
1181658125.0,-25.29839
1181658281.25,-25.30132
1181658437.5,-25.30851
1181658593.75,-25.30791
1181658750.0,-25.31447
1181658906.25,-25.31934
1181659062.5,-25.32017
1181659218.75,-25.32344
1181659375.0,-25.3258
1181659531.25,-25.3307
1181659687.5,-25.33679
1181659843.75,-25.33648
1181660000.0,-25.3408
1181660156.25,-25.34599
1181660312.5,-25.34719
1181660468.75,-25.35019
1181660625.0,-25.35578
1181660781.25,-25.35719
1181660937.5,-25.36057
1181661093.75,-25.3658
1181661250.0,-25.36781
1181661406.25,-25.37153
1181661562.5,-25.37599
1181661718.75,-25.37887
1181661875.0,-25.37951
1181662031.25,-25.38624
1181662187.5,-25.38613
1181662343.75,-25.39432
1181662500.0,-25.39564
1181662656.25,-25.40277
1181662812.5,-25.40091
1181662968.75,-25.40753
1181663125.0,-25.40954
1181663281.25,-25.41106
1181663437.5,-25.41412
1181663593.75,-25.42026
1181663750.0,-25.42539
1181663906.25,-25.43097
1181664062.5,-25.42851
1181664218.75,-25.4321
1181664375.0,-25.43727
1181664531.25,-25.44044
1181664687.5,-25.44524
1181664843.75,-25.44617
1181665000.0,-25.45066
1181665156.25,-25.45519
1181665312.5,-25.45698
1181665468.75,-25.45988
1181665625.0,-25.46449
1181665781.25,-25.46707
1181665937.5,-25.47045
1181666093.75,-25.47246
1181666250.0,-25.48035
1181666406.25,-25.48222
1181666562.5,-25.48591
1181666718.75,-25.48968
1181666875.0,-25.48999
1181667031.25,-25.49561
1181667187.5,-25.49929
1181667343.75,-25.50154
1181667500.0,-25.50442
1181667656.25,-25.50684
1181667812.5,-25.51073
1181667968.75,-25.51735
1181668125.0,-25.5167
1181668281.25,-25.52306
1181668437.5,-25.52594
1181668593.75,-25.52747
1181668750.0,-25.53296
1181668906.25,-25.53313
1181669062.5,-25.54179
1181669218.75,-25.54238
1181669375.0,-25.54557
1181669531.25,-25.54836
1181669687.5,-25.55226
1181669843.75,-25.55382
1181670000.0,-25.55815
1181670156.25,-25.55985
1181670312.5,-25.56585
1181670468.75,-25.56479
1181670625.0,-25.57306
1181670781.25,-25.57915
1181670937.5,-25.58
1181671093.75,-25.58537
1181671250.0,-25.58817
1181671406.25,-25.58973
1181671562.5,-25.59377
1181671718.75,-25.59385
1181671875.0,-25.59847
1181672031.25,-25.60584
1181672187.5,-25.60386
1181672343.75,-25.61119
1181672500.0,-25.61456
1181672656.25,-25.61304
1181672812.5,-25.62044
1181672968.75,-25.62481
1181673125.0,-25.62872
1181673281.25,-25.62638
1181673437.5,-25.63364
1181673593.75,-25.63695
1181673750.0,-25.63962
1181673906.25,-25.64278
1181674062.5,-25.64508
1181674218.75,-25.64684
1181674375.0,-25.65444
1181674531.25,-25.65619
1181674687.5,-25.65796
1181674843.75,-25.65816
1181675000.0,-25.66825
1181675156.25,-25.67184
1181675312.5,-25.67145
1181675468.75,-25.6769
1181675625.0,-25.67986
1181675781.25,-25.68266
1181675937.5,-25.68466
1181676093.75,-25.6898
1181676250.0,-25.69149
1181676406.25,-25.69908
1181676562.5,-25.6984
1181676718.75,-25.69928
1181676875.0,-25.70841
1181677031.25,-25.70802
1181677187.5,-25.71518
1181677343.75,-25.71548
1181677500.0,-25.72081
1181677656.25,-25.72046
1181677812.5,-25.72451
1181677968.75,-25.72951
1181678125.0,-25.73524
1181678281.25,-25.73758
1181678437.5,-25.73873
1181678593.75,-25.74101
1181678750.0,-25.74559
1181678906.25,-25.74749
1181679062.5,-25.75371
1181679218.75,-25.75347
1181679375.0,-25.76026
1181679531.25,-25.7586
1181679687.5,-25.76403
1181679843.75,-25.76563
1181680000.0,-25.77146
1181680156.25,-25.77681
1181680312.5,-25.77761
1181680468.75,-25.78265
1181680625.0,-25.78565
1181680781.25,-25.78614
1181680937.5,-25.78729
1181681093.75,-25.79701
1181681250.0,-25.80138
1181681406.25,-25.80236
1181681562.5,-25.80327
1181681718.75,-25.80635
1181681875.0,-25.81166
1181682031.25,-25.81594
1181682187.5,-25.82073
1181682343.75,-25.82006
1181682500.0,-25.82067
1181682656.25,-25.83008
1181682812.5,-25.83184
1181682968.75,-25.83457
1181683125.0,-25.83418
1181683281.25,-25.84196
1181683437.5,-25.84466
1181683593.75,-25.84949
1181683750.0,-25.85023
1181683906.25,-25.85442
1181684062.5,-25.85516
1181684218.75,-25.86055
1181684375.0,-25.86549
1181684531.25,-25.8674
1181684687.5,-25.86962
1181684843.75,-25.87342
1181685000.0,-25.87707
1181685156.25,-25.88317
1181685312.5,-25.88791
1181685468.75,-25.8821
1181685625.0,-25.89178
1181685781.25,-25.89362
1181685937.5,-25.89858
1181686093.75,-25.89687
1181686250.0,-25.90321
1181686406.25,-25.90619
1181686562.5,-25.90945
1181686718.75,-25.91735
1181686875.0,-25.91539
1181687031.25,-25.9187
1181687187.5,-25.92308
1181687343.75,-25.92607
1181687500.0,-25.92747
1181687656.25,-25.92773
1181687812.5,-25.93162
1181687968.75,-25.93736
1181688125.0,-25.94194
1181688281.25,-25.94349
1181688437.5,-25.9477
1181688593.75,-25.95159
1181688750.0,-25.95535
1181688906.25,-25.95796
1181689062.5,-25.96234
1181689218.75,-25.96391
1181689375.0,-25.9649
1181689531.25,-25.97152
1181689687.5,-25.97605
1181689843.75,-25.97883
1181690000.0,-25.98143
1181690156.25,-25.98321
1181690312.5,-25.98944
1181690468.75,-25.98914
1181690625.0,-25.99044
1181690781.25,-26.00007
1181690937.5,-25.998
1181691093.75,-26.00179
1181691250.0,-26.00356
1181691406.25,-26.00875
1181691562.5,-26.00978
1181691718.75,-26.01574
1181691875.0,-26.02191
1181692031.25,-26.02331
1181692187.5,-26.02226
1181692343.75,-26.0307
1181692500.0,-26.02893
1181692656.25,-26.03448
1181692812.5,-26.03905
1181692968.75,-26.03979
1181693125.0,-26.04462
1181693281.25,-26.04751
1181693437.5,-26.05111
1181693593.75,-26.05427
1181693750.0,-26.05525
1181693906.25,-26.06318
1181694062.5,-26.06241
1181694218.75,-26.0688
1181694375.0,-26.07355
1181694531.25,-26.07108
1181694687.5,-26.0798
1181694843.75,-26.08051
1181695000.0,-26.08109
1181695156.25,-26.0878
1181695312.5,-26.08846
1181695468.75,-26.09186
1181695625.0,-26.10171
1181695781.25,-26.09945
1181695937.5,-26.10143
1181696093.75,-26.10377
1181696250.0,-26.1064
1181696406.25,-26.11319
1181696562.5,-26.1133
1181696718.75,-26.11254
1181696875.0,-26.12257
1181697031.25,-26.12711
1181697187.5,-26.12667
1181697343.75,-26.13125
1181697500.0,-26.13493
1181697656.25,-26.13658
1181697812.5,-26.13985
1181697968.75,-26.14598
1181698125.0,-26.14515
1181698281.25,-26.1518
1181698437.5,-26.15503
1181698593.75,-26.15789
1181698750.0,-26.15787
1181698906.25,-26.16408
1181699062.5,-26.16788
1181699218.75,-26.17
1181699375.0,-26.17687
1181699531.25,-26.17547
1181699687.5,-26.17783
1181699843.75,-26.18468
1181700000.0,-26.18269
1181700156.25,-26.18754
1181700312.5,-26.19126
1181700468.75,-26.19099
1181700625.0,-26.19498
1181700781.25,-26.19992
1181700937.5,-26.20745
1181701093.75,-26.20532
1181701250.0,-26.20867
1181701406.25,-26.2153
1181701562.5,-26.21517
1181701718.75,-26.22033
1181701875.0,-26.22127
1181702031.25,-26.22603
1181702187.5,-26.2299
1181702343.75,-26.23305
1181702500.0,-26.2362
1181702656.25,-26.23813
1181702812.5,-26.24073
1181702968.75,-26.24695
1181703125.0,-26.25264
1181703281.25,-26.25265
1181703437.5,-26.25417
1181703593.75,-26.25611
1181703750.0,-26.26072
1181703906.25,-26.26543
1181704062.5,-26.26547
1181704218.75,-26.26995
1181704375.0,-26.27337
1181704531.25,-26.27644
1181704687.5,-26.27689
1181704843.75,-26.28035
1181705000.0,-26.28772
1181705156.25,-26.28713
1181705312.5,-26.2896
1181705468.75,-26.29377
1181705625.0,-26.30221
1181705781.25,-26.2985
1181705937.5,-26.304
1181706093.75,-26.30743
1181706250.0,-26.31249
1181706406.25,-26.3123
1181706562.5,-26.31774
1181706718.75,-26.31846
1181706875.0,-26.31966
1181707031.25,-26.32452
1181707187.5,-26.32893
1181707343.75,-26.33212
1181707500.0,-26.3333
1181707656.25,-26.33969
1181707812.5,-26.34264
1181707968.75,-26.34717
1181708125.0,-26.34556
1181708281.25,-26.3496
1181708437.5,-26.35413
1181708593.75,-26.35361
1181708750.0,-26.35822
1181708906.25,-26.36442
1181709062.5,-26.36313
1181709218.75,-26.36735
1181709375.0,-26.36967
1181709531.25,-26.37747
1181709687.5,-26.3788
1181709843.75,-26.38334
1181710000.0,-26.38683
1181710156.25,-26.38661
1181710312.5,-26.38795
1181710468.75,-26.39563
1181710625.0,-26.39441
1181710781.25,-26.40152
1181710937.5,-26.40391
1181711093.75,-26.40766
1181711250.0,-26.41087
1181711406.25,-26.41167
1181711562.5,-26.41618
1181711718.75,-26.41934
1181711875.0,-26.4197
1181712031.25,-26.42438
1181712187.5,-26.42559
1181712343.75,-26.43025
1181712500.0,-26.43612
1181712656.25,-26.44066
1181712812.5,-26.44325
1181712968.75,-26.44384
1181713125.0,-26.44777
1181713281.25,-26.44621
1181713437.5,-26.45191
1181713593.75,-26.45494
1181713750.0,-26.45816
1181713906.25,-26.45979
1181714062.5,-26.46434
1181714218.75,-26.46818
1181714375.0,-26.46849
1181714531.25,-26.46837
1181714687.5,-26.47845
1181714843.75,-26.48498
1181715000.0,-26.48272
1181715156.25,-26.48679
1181715312.5,-26.49272
1181715468.75,-26.49072
1181715625.0,-26.49253
1181715781.25,-26.49773
1181715937.5,-26.50288
1181716093.75,-26.50274
1181716250.0,-26.50953
1181716406.25,-26.51111
1181716562.5,-26.51477
1181716718.75,-26.51678
1181716875.0,-26.51827
1181717031.25,-26.52428
1181717187.5,-26.52827
1181717343.75,-26.52629
1181717500.0,-26.53465
1181717656.25,-26.52993
1181717812.5,-26.53526
1181717968.75,-26.54035
1181718125.0,-26.54155
1181718281.25,-26.55147
1181718437.5,-26.54867
1181718593.75,-26.55256
1181718750.0,-26.55543
1181718906.25,-26.55938
1181719062.5,-26.5584
1181719218.75,-26.56399
1181719375.0,-26.57081
1181719531.25,-26.57249
1181719687.5,-26.57476
1181719843.75,-26.5804
1181720000.0,-26.57596
1181720156.25,-26.58213
1181720312.5,-26.58452
1181720468.75,-26.58895
1181720625.0,-26.593
1181720781.25,-26.5975
1181720937.5,-26.59354
1181721093.75,-26.60171
1181721250.0,-26.60632
1181721406.25,-26.60375
1181721562.5,-26.60788
1181721718.75,-26.61229
1181721875.0,-26.61823
1181722031.25,-26.61759
1181722187.5,-26.62486
1181722343.75,-26.62341
1181722500.0,-26.6298
1181722656.25,-26.6315
1181722812.5,-26.63807
1181722968.75,-26.63887
1181723125.0,-26.63956
1181723281.25,-26.64394
1181723437.5,-26.65102
1181723593.75,-26.65067
1181723750.0,-26.65075
1181723906.25,-26.65121
1181724062.5,-26.66175
1181724218.75,-26.6643
1181724375.0,-26.66662
1181724531.25,-26.66872
1181724687.5,-26.67063
1181724843.75,-26.67498
1181725000.0,-26.67701
1181725156.25,-26.68052
1181725312.5,-26.68907
1181725468.75,-26.68419
1181725625.0,-26.68416
1181725781.25,-26.69182
1181725937.5,-26.69449
1181726093.75,-26.69891
1181726250.0,-26.70374
1181726406.25,-26.70271
1181726562.5,-26.70843
1181726718.75,-26.71104
1181726875.0,-26.71362
1181727031.25,-26.71395
1181727187.5,-26.71847
1181727343.75,-26.72251
1181727500.0,-26.72582
1181727656.25,-26.72973
1181727812.5,-26.72884
1181727968.75,-26.73472
1181728125.0,-26.73902
1181728281.25,-26.73687
1181728437.5,-26.74393
1181728593.75,-26.74486
1181728750.0,-26.74957
1181728906.25,-26.74966
1181729062.5,-26.75402
1181729218.75,-26.75793
1181729375.0,-26.75753
1181729531.25,-26.76095
1181729687.5,-26.76385
1181729843.75,-26.7674
1181730000.0,-26.77314
1181730156.25,-26.77718
1181730312.5,-26.78179
1181730468.75,-26.78279
1181730625.0,-26.7837
1181730781.25,-26.78993
1181730937.5,-26.79049
1181731093.75,-26.79413
1181731250.0,-26.79608
1181731406.25,-26.79847
1181731562.5,-26.80006
1181731718.75,-26.8017
1181731875.0,-26.80712
1181732031.25,-26.8125
1181732187.5,-26.81149
1181732343.75,-26.81815
1181732500.0,-26.82004
1181732656.25,-26.82474
1181732812.5,-26.8241
1181732968.75,-26.83065
1181733125.0,-26.8294
1181733281.25,-26.83659
1181733437.5,-26.8386
1181733593.75,-26.84077
1181733750.0,-26.84661
1181733906.25,-26.8484
1181734062.5,-26.84903
1181734218.75,-26.85114
1181734375.0,-26.85667
1181734531.25,-26.85991
1181734687.5,-26.86386
1181734843.75,-26.86773
1181735000.0,-26.86603
1181735156.25,-26.87231
1181735312.5,-26.8739
1181735468.75,-26.88055
1181735625.0,-26.87895
1181735781.25,-26.88224
1181735937.5,-26.88462
1181736093.75,-26.88607
1181736250.0,-26.88862
1181736406.25,-26.89125
1181736562.5,-26.89518
1181736718.75,-26.89767
1181736875.0,-26.90026
1181737031.25,-26.90569
1181737187.5,-26.90937
1181737343.75,-26.91184
1181737500.0,-26.91098
1181737656.25,-26.91712
1181737812.5,-26.9174
1181737968.75,-26.92037
1181738125.0,-26.92606
1181738281.25,-26.92852
1181738437.5,-26.92894
1181738593.75,-26.93537
1181738750.0,-26.94009
1181738906.25,-26.93932
1181739062.5,-26.94102
1181739218.75,-26.9463
1181739375.0,-26.95021
1181739531.25,-26.95135
1181739687.5,-26.94979
1181739843.75,-26.9553
1181740000.0,-26.96067
1181740156.25,-26.96023
1181740312.5,-26.96647
1181740468.75,-26.9737
1181740625.0,-26.97268
1181740781.25,-26.97386
1181740937.5,-26.97561
1181741093.75,-26.97963
1181741250.0,-26.98305
1181741406.25,-26.99206
1181741562.5,-26.98631
1181741718.75,-26.99411
1181741875.0,-26.99838
1181742031.25,-26.9967
1181742187.5,-26.99831
1181742343.75,-27.00415
1181742500.0,-27.00593
1181742656.25,-27.00902
1181742812.5,-27.0138
1181742968.75,-27.0191
1181743125.0,-27.01812
1181743281.25,-27.01749
1181743437.5,-27.0232
1181743593.75,-27.02563
1181743750.0,-27.0279
1181743906.25,-27.03579
1181744062.5,-27.03835
1181744218.75,-27.03698
1181744375.0,-27.03926
1181744531.25,-27.04366
1181744687.5,-27.05353
1181744843.75,-27.05069
1181745000.0,-27.05218
1181745156.25,-27.06079
1181745312.5,-27.05912
1181745468.75,-27.06354
1181745625.0,-27.0661
1181745781.25,-27.0675
1181745937.5,-27.07034
1181746093.75,-27.07651
1181746250.0,-27.07487
1181746406.25,-27.07608
1181746562.5,-27.08071
1181746718.75,-27.08706
1181746875.0,-27.09167
1181747031.25,-27.0887
1181747187.5,-27.09031
1181747343.75,-27.10147
1181747500.0,-27.09546
1181747656.25,-27.09956
1181747812.5,-27.10832
1181747968.75,-27.10638
1181748125.0,-27.11058
1181748281.25,-27.114
1181748437.5,-27.11837
1181748593.75,-27.11947
1181748750.0,-27.12693
1181748906.25,-27.12497
1181749062.5,-27.13012
1181749218.75,-27.13361
1181749375.0,-27.13181
1181749531.25,-27.13726
1181749687.5,-27.1389
1181749843.75,-27.14015
1181750000.0,-27.15054
1181750156.25,-27.15008
1181750312.5,-27.1547
1181750468.75,-27.15032
1181750625.0,-27.15638
1181750781.25,-27.16302
1181750937.5,-27.16639
1181751093.75,-27.16534
1181751250.0,-27.16954
1181751406.25,-27.16925
1181751562.5,-27.17437
1181751718.75,-27.17317
1181751875.0,-27.18035
1181752031.25,-27.18214
1181752187.5,-27.18255
1181752343.75,-27.19006
1181752500.0,-27.19164
1181752656.25,-27.19044
1181752812.5,-27.19766
1181752968.75,-27.20423
1181753125.0,-27.20228
1181753281.25,-27.20758
1181753437.5,-27.20601
1181753593.75,-27.21111
1181753750.0,-27.2131
1181753906.25,-27.2152
1181754062.5,-27.22145
1181754218.75,-27.22194
1181754375.0,-27.22473
1181754531.25,-27.23036
1181754687.5,-27.22915
1181754843.75,-27.23751
1181755000.0,-27.23474
1181755156.25,-27.23684
1181755312.5,-27.23805
1181755468.75,-27.245
1181755625.0,-27.24964
1181755781.25,-27.24645
1181755937.5,-27.252
1181756093.75,-27.25651
1181756250.0,-27.25873
1181756406.25,-27.26023
1181756562.5,-27.26498
1181756718.75,-27.26683
1181756875.0,-27.26834
1181757031.25,-27.27103
1181757187.5,-27.27996
1181757343.75,-27.27637
1181757500.0,-27.27882
1181757656.25,-27.28194
1181757812.5,-27.2837
1181757968.75,-27.28902
1181758125.0,-27.28938
1181758281.25,-27.29598
1181758437.5,-27.29464
1181758593.75,-27.30316
1181758750.0,-27.30253
1181758906.25,-27.30687
1181759062.5,-27.30678
1181759218.75,-27.31277
1181759375.0,-27.31182
1181759531.25,-27.32016
1181759687.5,-27.32244
1181759843.75,-27.32435
1181760000.0,-27.32382
1181760156.25,-27.33084
1181760312.5,-27.33331
1181760468.75,-27.33515
1181760625.0,-27.33773
1181760781.25,-27.33879
1181760937.5,-27.3435
1181761093.75,-27.3456
1181761250.0,-27.34554
1181761406.25,-27.35105
1181761562.5,-27.35427
1181761718.75,-27.35621
1181761875.0,-27.35939
1181762031.25,-27.35961
1181762187.5,-27.36275
1181762343.75,-27.36956
1181762500.0,-27.3662
1181762656.25,-27.37082
1181762812.5,-27.37356
1181762968.75,-27.38015
1181763125.0,-27.38206
1181763281.25,-27.38215
1181763437.5,-27.38706
1181763593.75,-27.39198
1181763750.0,-27.38867
1181763906.25,-27.39385
1181764062.5,-27.3998
1181764218.75,-27.4015
1181764375.0,-27.40457
1181764531.25,-27.40254
1181764687.5,-27.40986
1181764843.75,-27.41237
1181765000.0,-27.41471
1181765156.25,-27.41722
1181765312.5,-27.42053
1181765468.75,-27.42304
1181765625.0,-27.42674
1181765781.25,-27.42794
1181765937.5,-27.43218
1181766093.75,-27.43408
1181766250.0,-27.43595
1181766406.25,-27.44016
1181766562.5,-27.44122
1181766718.75,-27.44414
1181766875.0,-27.45212
1181767031.25,-27.44861
1181767187.5,-27.45574
1181767343.75,-27.45854
1181767500.0,-27.46099
1181767656.25,-27.46155
1181767812.5,-27.46382
1181767968.75,-27.46946
1181768125.0,-27.46791
1181768281.25,-27.47647
1181768437.5,-27.47222
1181768593.75,-27.47651
1181768750.0,-27.47879
1181768906.25,-27.48568
1181769062.5,-27.48819
1181769218.75,-27.48559
1181769375.0,-27.49533
1181769531.25,-27.49252
1181769687.5,-27.50003
1181769843.75,-27.4985
1181770000.0,-27.50394
1181770156.25,-27.50593
1181770312.5,-27.51151
1181770468.75,-27.51145
1181770625.0,-27.51455
1181770781.25,-27.51546
1181770937.5,-27.51657
1181771093.75,-27.52061
1181771250.0,-27.52615
1181771406.25,-27.5274
1181771562.5,-27.52968
1181771718.75,-27.53176
1181771875.0,-27.53535
1181772031.25,-27.54132
1181772187.5,-27.5442
1181772343.75,-27.54436
1181772500.0,-27.54533
1181772656.25,-27.5555
1181772812.5,-27.54917
1181772968.75,-27.55674
1181773125.0,-27.55845
1181773281.25,-27.56216
1181773437.5,-27.56713
1181773593.75,-27.56358
1181773750.0,-27.57041
1181773906.25,-27.56599
1181774062.5,-27.57578
1181774218.75,-27.57573
1181774375.0,-27.58225
1181774531.25,-27.58644
1181774687.5,-27.58298
1181774843.75,-27.59042
1181775000.0,-27.59085
1181775156.25,-27.59511
1181775312.5,-27.59797
1181775468.75,-27.6016
1181775625.0,-27.59985
1181775781.25,-27.60351
1181775937.5,-27.60748
1181776093.75,-27.60848
1181776250.0,-27.61553
1181776406.25,-27.61497
1181776562.5,-27.61774
1181776718.75,-27.61651
1181776875.0,-27.62641
1181777031.25,-27.62444
1181777187.5,-27.63224
1181777343.75,-27.63062
1181777500.0,-27.6359
1181777656.25,-27.63533
1181777812.5,-27.64338
1181777968.75,-27.64332
1181778125.0,-27.64342
1181778281.25,-27.64442
1181778437.5,-27.64739
1181778593.75,-27.65217
1181778750.0,-27.65667
1181778906.25,-27.65444
1181779062.5,-27.6625
1181779218.75,-27.66805
1181779375.0,-27.66703
1181779531.25,-27.66903
1181779687.5,-27.66653
1181779843.75,-27.67283
1181780000.0,-27.67629
1181780156.25,-27.67774
1181780312.5,-27.68624
1181780468.75,-27.68792
1181780625.0,-27.69089
1181780781.25,-27.69024
1181780937.5,-27.70148
1181781093.75,-27.69336
1181781250.0,-27.69854
1181781406.25,-27.7036
1181781562.5,-27.70582
1181781718.75,-27.708
1181781875.0,-27.70657
1181782031.25,-27.71114
1181782187.5,-27.71018
1181782343.75,-27.71826
1181782500.0,-27.71892
1181782656.25,-27.72359
1181782812.5,-27.73173
1181782968.75,-27.72997
1181783125.0,-27.73194
1181783281.25,-27.73406
1181783437.5,-27.73645
1181783593.75,-27.73627
1181783750.0,-27.73812
1181783906.25,-27.74447
1181784062.5,-27.74684
1181784218.75,-27.75039
1181784375.0,-27.75125
1181784531.25,-27.75743
1181784687.5,-27.75616
1181784843.75,-27.75939
1181785000.0,-27.76542
1181785156.25,-27.76911
1181785312.5,-27.76617
1181785468.75,-27.76844
1181785625.0,-27.77353
1181785781.25,-27.77653
1181785937.5,-27.77996
1181786093.75,-27.78468
1181786250.0,-27.78423
1181786406.25,-27.78202
1181786562.5,-27.7885
1181786718.75,-27.793
1181786875.0,-27.79185
1181787031.25,-27.79668
1181787187.5,-27.80009
1181787343.75,-27.80094
1181787500.0,-27.80313
1181787656.25,-27.80817
1181787812.5,-27.81079
1181787968.75,-27.81383
1181788125.0,-27.81741
1181788281.25,-27.81695
1181788437.5,-27.82267
1181788593.75,-27.81936
1181788750.0,-27.82564
1181788906.25,-27.82939
1181789062.5,-27.82904
1181789218.75,-27.83437
1181789375.0,-27.84033
1181789531.25,-27.84258
1181789687.5,-27.84631
1181789843.75,-27.84281
1181790000.0,-27.84983
1181790156.25,-27.84774
1181790312.5,-27.85067
1181790468.75,-27.85761
1181790625.0,-27.86085
1181790781.25,-27.86386
1181790937.5,-27.8591
1181791093.75,-27.86602
1181791250.0,-27.86552
1181791406.25,-27.87117
1181791562.5,-27.8724
1181791718.75,-27.87634
1181791875.0,-27.87612
1181792031.25,-27.8812
1181792187.5,-27.88323
1181792343.75,-27.88237
1181792500.0,-27.88935
1181792656.25,-27.89808
1181792812.5,-27.89837
1181792968.75,-27.90047
1181793125.0,-27.9002
1181793281.25,-27.90429
1181793437.5,-27.90899
1181793593.75,-27.90861
1181793750.0,-27.90992
1181793906.25,-27.91557
1181794062.5,-27.91768
1181794218.75,-27.91974
1181794375.0,-27.92658
1181794531.25,-27.9241
1181794687.5,-27.92926
1181794843.75,-27.92828
1181795000.0,-27.93194
1181795156.25,-27.93798
1181795312.5,-27.93863
1181795468.75,-27.94316
1181795625.0,-27.94362
1181795781.25,-27.94494
1181795937.5,-27.94712
1181796093.75,-27.95184
1181796250.0,-27.95445
1181796406.25,-27.95596
1181796562.5,-27.95988
1181796718.75,-27.96488
1181796875.0,-27.96712
1181797031.25,-27.96632
1181797187.5,-27.96317
1181797343.75,-27.97446
1181797500.0,-27.97304
1181797656.25,-27.97742
1181797812.5,-27.98118
1181797968.75,-27.98181
1181798125.0,-27.98219
1181798281.25,-27.99076
1181798437.5,-27.99363
1181798593.75,-27.99274
1181798750.0,-27.99535
1181798906.25,-28.00184
1181799062.5,-28.00222
1181799218.75,-28.00553
1181799375.0,-28.00396
1181799531.25,-28.00713
1181799687.5,-28.01208
1181799843.75,-28.01043
1181800000.0,-28.01735
1181800156.25,-28.02045
1181800312.5,-28.02325
1181800468.75,-28.02687
1181800625.0,-28.02613
1181800781.25,-28.02692
1181800937.5,-28.03442
1181801093.75,-28.03535
1181801250.0,-28.0361
1181801406.25,-28.03692
1181801562.5,-28.04327
1181801718.75,-28.0467
1181801875.0,-28.04499
1181802031.25,-28.04972
1181802187.5,-28.05707
1181802343.75,-28.06065
1181802500.0,-28.06019
1181802656.25,-28.06158
1181802812.5,-28.06126
1181802968.75,-28.07104
1181803125.0,-28.06874
1181803281.25,-28.07408
1181803437.5,-28.079
1181803593.75,-28.07723
1181803750.0,-28.07502
1181803906.25,-28.08303
1181804062.5,-28.08203
1181804218.75,-28.08775
1181804375.0,-28.0857
1181804531.25,-28.09226
1181804687.5,-28.10006
1181804843.75,-28.09664
1181805000.0,-28.09957
1181805156.25,-28.09969
1181805312.5,-28.10542
1181805468.75,-28.10753
1181805625.0,-28.1085
1181805781.25,-28.11129
1181805937.5,-28.11083
1181806093.75,-28.11856
1181806250.0,-28.12013
1181806406.25,-28.11992
1181806562.5,-28.1264
1181806718.75,-28.12671
1181806875.0,-28.13067
1181807031.25,-28.13161
1181807187.5,-28.13244
1181807343.75,-28.13453
1181807500.0,-28.14142
1181807656.25,-28.14212
1181807812.5,-28.14111
1181807968.75,-28.14676
1181808125.0,-28.15022
1181808281.25,-28.15685
1181808437.5,-28.15312
1181808593.75,-28.15882
1181808750.0,-28.16164
1181808906.25,-28.16126
1181809062.5,-28.16314
1181809218.75,-28.17009
1181809375.0,-28.16591
1181809531.25,-28.17614
1181809687.5,-28.17834
1181809843.75,-28.1775
1181810000.0,-28.18642
1181810156.25,-28.18155
1181810312.5,-28.18777
1181810468.75,-28.18307
1181810625.0,-28.19258
1181810781.25,-28.19646
1181810937.5,-28.19758
1181811093.75,-28.20042
1181811250.0,-28.19812
1181811406.25,-28.2022
1181811562.5,-28.20618
1181811718.75,-28.20872
1181811875.0,-28.21189
1181812031.25,-28.21588
1181812187.5,-28.21597
1181812343.75,-28.22235
1181812500.0,-28.21891
1181812656.25,-28.22735
1181812812.5,-28.22606
1181812968.75,-28.23608
1181813125.0,-28.23041
1181813281.25,-28.23215
1181813437.5,-28.24039
1181813593.75,-28.24389
1181813750.0,-28.24422
1181813906.25,-28.24694
1181814062.5,-28.24831
1181814218.75,-28.25122
1181814375.0,-28.25564
1181814531.25,-28.25457
1181814687.5,-28.25768
1181814843.75,-28.26134
1181815000.0,-28.2588
1181815156.25,-28.26324
1181815312.5,-28.26745
1181815468.75,-28.27039
1181815625.0,-28.2781
1181815781.25,-28.27641
1181815937.5,-28.27464
1181816093.75,-28.2836
1181816250.0,-28.28412
1181816406.25,-28.2807
1181816562.5,-28.28956
1181816718.75,-28.29391
1181816875.0,-28.29279
1181817031.25,-28.29879
1181817187.5,-28.30095
1181817343.75,-28.2949
1181817500.0,-28.30352
1181817656.25,-28.30941
1181817812.5,-28.30802
1181817968.75,-28.313
1181818125.0,-28.31137
1181818281.25,-28.31759
1181818437.5,-28.32018
1181818593.75,-28.31848
1181818750.0,-28.32321
1181818906.25,-28.31916
1181819062.5,-28.32698
1181819218.75,-28.33345
1181819375.0,-28.329
1181819531.25,-28.33892
1181819687.5,-28.33739
1181819843.75,-28.34306
1181820000.0,-28.34174
1181820156.25,-28.35051
1181820312.5,-28.34617
1181820468.75,-28.34909
1181820625.0,-28.35497
1181820781.25,-28.35293
1181820937.5,-28.36033
1181821093.75,-28.36124
1181821250.0,-28.36757
1181821406.25,-28.36778
1181821562.5,-28.3694
1181821718.75,-28.37221
1181821875.0,-28.37122
1181822031.25,-28.37875
1181822187.5,-28.38133
1181822343.75,-28.384
1181822500.0,-28.3807
1181822656.25,-28.3869
1181822812.5,-28.38608
1181822968.75,-28.3921
1181823125.0,-28.39673
1181823281.25,-28.39624
1181823437.5,-28.39738
1181823593.75,-28.39736
1181823750.0,-28.40652
1181823906.25,-28.40458
1181824062.5,-28.41113
1181824218.75,-28.4131
1181824375.0,-28.41128
1181824531.25,-28.41703
1181824687.5,-28.418
1181824843.75,-28.41979
1181825000.0,-28.42422
1181825156.25,-28.42216
1181825312.5,-28.42968
1181825468.75,-28.43207
1181825625.0,-28.43548
1181825781.25,-28.43549
1181825937.5,-28.43804
1181826093.75,-28.43592
1181826250.0,-28.44646
1181826406.25,-28.44652
1181826562.5,-28.44835
1181826718.75,-28.44843
1181826875.0,-28.4532
1181827031.25,-28.4484
1181827187.5,-28.45537
1181827343.75,-28.46182
1181827500.0,-28.46409
1181827656.25,-28.46328
1181827812.5,-28.46749
1181827968.75,-28.468
1181828125.0,-28.47393
1181828281.25,-28.47268
1181828437.5,-28.47912
1181828593.75,-28.47889
1181828750.0,-28.48533
1181828906.25,-28.48363
1181829062.5,-28.4875
1181829218.75,-28.48985
1181829375.0,-28.49345
1181829531.25,-28.4964
1181829687.5,-28.49971
1181829843.75,-28.49822
1181830000.0,-28.50367
1181830156.25,-28.50684
1181830312.5,-28.50979
1181830468.75,-28.51099
1181830625.0,-28.50874
1181830781.25,-28.51161
1181830937.5,-28.51982
1181831093.75,-28.52113
1181831250.0,-28.51987
1181831406.25,-28.52347
1181831562.5,-28.52509
1181831718.75,-28.53234
1181831875.0,-28.52903
1181832031.25,-28.53238
1181832187.5,-28.53546
1181832343.75,-28.54314
1181832500.0,-28.54363
1181832656.25,-28.54251
1181832812.5,-28.54782
1181832968.75,-28.55058
1181833125.0,-28.55015
1181833281.25,-28.55615
1181833437.5,-28.55419
1181833593.75,-28.55494
1181833750.0,-28.56236
1181833906.25,-28.5661
1181834062.5,-28.56155
1181834218.75,-28.56808
1181834375.0,-28.57442
1181834531.25,-28.57325
1181834687.5,-28.57917
1181834843.75,-28.57867
1181835000.0,-28.5771
1181835156.25,-28.58679
1181835312.5,-28.58632
1181835468.75,-28.59012
1181835625.0,-28.59161
1181835781.25,-28.59684
1181835937.5,-28.59125
1181836093.75,-28.60011
1181836250.0,-28.60006
1181836406.25,-28.60232
1181836562.5,-28.6096
1181836718.75,-28.60883
1181836875.0,-28.60464
1181837031.25,-28.61601
1181837187.5,-28.61633
1181837343.75,-28.61789
1181837500.0,-28.61789
1181837656.25,-28.61923
1181837812.5,-28.62728
1181837968.75,-28.62527
1181838125.0,-28.62952
1181838281.25,-28.63143
1181838437.5,-28.63758
1181838593.75,-28.6351
1181838750.0,-28.63321
1181838906.25,-28.639
1181839062.5,-28.64411
1181839218.75,-28.64872
1181839375.0,-28.65507
1181839531.25,-28.64782
1181839687.5,-28.65646
1181839843.75,-28.65043
1181840000.0,-28.6595
1181840156.25,-28.66608
1181840312.5,-28.66172
1181840468.75,-28.66703
1181840625.0,-28.67003
1181840781.25,-28.6708
1181840937.5,-28.67393
1181841093.75,-28.67422
1181841250.0,-28.67624
1181841406.25,-28.67798
1181841562.5,-28.68316
1181841718.75,-28.68064
1181841875.0,-28.69054
1181842031.25,-28.693
1181842187.5,-28.69791
1181842343.75,-28.69406
1181842500.0,-28.69893
1181842656.25,-28.7002
1181842812.5,-28.70929
1181842968.75,-28.70654
1181843125.0,-28.70875
1181843281.25,-28.71237
1181843437.5,-28.71136
1181843593.75,-28.71417
1181843750.0,-28.71721
1181843906.25,-28.71906
1181844062.5,-28.71969
1181844218.75,-28.72447
1181844375.0,-28.7275
1181844531.25,-28.7323
1181844687.5,-28.73481
1181844843.75,-28.73397
1181845000.0,-28.73781
1181845156.25,-28.74293
1181845312.5,-28.74294
1181845468.75,-28.74418
1181845625.0,-28.74768
1181845781.25,-28.74222
1181845937.5,-28.75284
1181846093.75,-28.75083
1181846250.0,-28.75673
1181846406.25,-28.75594
1181846562.5,-28.75844
1181846718.75,-28.76336
1181846875.0,-28.76547
1181847031.25,-28.76588
1181847187.5,-28.76526
1181847343.75,-28.76751
1181847500.0,-28.77138
1181847656.25,-28.78193
1181847812.5,-28.77859
1181847968.75,-28.78411
1181848125.0,-28.77993
1181848281.25,-28.78157
1181848437.5,-28.78721
1181848593.75,-28.79155
1181848750.0,-28.79289
1181848906.25,-28.79601
1181849062.5,-28.80184
1181849218.75,-28.80049
1181849375.0,-28.80388
1181849531.25,-28.80803
1181849687.5,-28.81249
1181849843.75,-28.80891
1181850000.0,-28.81394
1181850156.25,-28.81378
1181850312.5,-28.81911
1181850468.75,-28.81421
1181850625.0,-28.82051
1181850781.25,-28.82742
1181850937.5,-28.83097
1181851093.75,-28.82987
1181851250.0,-28.832
1181851406.25,-28.83587
1181851562.5,-28.83545
1181851718.75,-28.83847
1181851875.0,-28.84112
1181852031.25,-28.84304
1181852187.5,-28.84611
1181852343.75,-28.84096
1181852500.0,-28.84867
1181852656.25,-28.85298
1181852812.5,-28.85313
1181852968.75,-28.85934
1181853125.0,-28.86078
1181853281.25,-28.86552
1181853437.5,-28.86973
1181853593.75,-28.86419
1181853750.0,-28.86786
1181853906.25,-28.87495
1181854062.5,-28.87525
1181854218.75,-28.87708
1181854375.0,-28.87695
1181854531.25,-28.883
1181854687.5,-28.88202
1181854843.75,-28.88871
1181855000.0,-28.88828
1181855156.25,-28.89253
1181855312.5,-28.89582
1181855468.75,-28.89778
1181855625.0,-28.9078
1181855781.25,-28.90046
1181855937.5,-28.90504
1181856093.75,-28.90317
1181856250.0,-28.90887
1181856406.25,-28.9051
1181856562.5,-28.91428
1181856718.75,-28.9165
1181856875.0,-28.91967
1181857031.25,-28.92372
1181857187.5,-28.92016
1181857343.75,-28.92607
1181857500.0,-28.9248
1181857656.25,-28.93346
1181857812.5,-28.93499
1181857968.75,-28.93556
1181858125.0,-28.93362
1181858281.25,-28.94059
1181858437.5,-28.93691
1181858593.75,-28.94232
1181858750.0,-28.94467
1181858906.25,-28.9493
1181859062.5,-28.94518
1181859218.75,-28.95227
1181859375.0,-28.95272
1181859531.25,-28.95695
1181859687.5,-28.96361
1181859843.75,-28.96542
1181860000.0,-28.9656
1181860156.25,-28.97143
1181860312.5,-28.97069
1181860468.75,-28.9726
1181860625.0,-28.97515
1181860781.25,-28.96858
1181860937.5,-28.97865
1181861093.75,-28.98165
1181861250.0,-28.98396
1181861406.25,-28.98585
1181861562.5,-28.98486
1181861718.75,-28.99014
1181861875.0,-28.99039
1181862031.25,-28.99065
1181862187.5,-28.99604
1181862343.75,-29.00311
1181862500.0,-29.00523
1181862656.25,-29.00257
1181862812.5,-29.00589
1181862968.75,-29.01019
1181863125.0,-29.00727
1181863281.25,-29.01459
1181863437.5,-29.01398
1181863593.75,-29.02113
1181863750.0,-29.01913
1181863906.25,-29.02495
1181864062.5,-29.02469
1181864218.75,-29.02689
1181864375.0,-29.02902
1181864531.25,-29.02826
1181864687.5,-29.0351
1181864843.75,-29.03911
1181865000.0,-29.0417
1181865156.25,-29.04449
1181865312.5,-29.03977
1181865468.75,-29.04649
1181865625.0,-29.04695
1181865781.25,-29.05118
1181865937.5,-29.05235
1181866093.75,-29.05889
1181866250.0,-29.05425
1181866406.25,-29.06386
1181866562.5,-29.06195
1181866718.75,-29.06545
1181866875.0,-29.06809
1181867031.25,-29.07252
1181867187.5,-29.06977
1181867343.75,-29.07293
1181867500.0,-29.07701
1181867656.25,-29.08273
1181867812.5,-29.07878
1181867968.75,-29.08463
1181868125.0,-29.08496
1181868281.25,-29.09089
1181868437.5,-29.09195
1181868593.75,-29.094
1181868750.0,-29.09684
1181868906.25,-29.09377
1181869062.5,-29.1007
1181869218.75,-29.10222
1181869375.0,-29.10304
1181869531.25,-29.10708
1181869687.5,-29.11115
1181869843.75,-29.1168
1181870000.0,-29.11442
1181870156.25,-29.11428
1181870312.5,-29.12367
1181870468.75,-29.11827
1181870625.0,-29.12338
1181870781.25,-29.12313
1181870937.5,-29.1278
1181871093.75,-29.12732
1181871250.0,-29.13118
1181871406.25,-29.1313
1181871562.5,-29.13148
1181871718.75,-29.1343
1181871875.0,-29.14332
1181872031.25,-29.14915
1181872187.5,-29.14704
1181872343.75,-29.15339
1181872500.0,-29.15309
1181872656.25,-29.14816
1181872812.5,-29.15878
1181872968.75,-29.15732
1181873125.0,-29.15852
1181873281.25,-29.1626
1181873437.5,-29.16241
1181873593.75,-29.16633
1181873750.0,-29.17043
1181873906.25,-29.17193
1181874062.5,-29.17378
1181874218.75,-29.17845
1181874375.0,-29.17731
1181874531.25,-29.17652
1181874687.5,-29.18081
1181874843.75,-29.18397
1181875000.0,-29.17793
1181875156.25,-29.18776
1181875312.5,-29.18834
1181875468.75,-29.19058
1181875625.0,-29.19649
1181875781.25,-29.19616
1181875937.5,-29.20239
1181876093.75,-29.2075
1181876250.0,-29.20713
1181876406.25,-29.20791
1181876562.5,-29.21157
1181876718.75,-29.20753
1181876875.0,-29.21774
1181877031.25,-29.21228
1181877187.5,-29.21862
1181877343.75,-29.22323
1181877500.0,-29.2212
1181877656.25,-29.22501
1181877812.5,-29.22569
1181877968.75,-29.23179
1181878125.0,-29.23748
1181878281.25,-29.23022
1181878437.5,-29.23645
1181878593.75,-29.24247
1181878750.0,-29.23848
1181878906.25,-29.24294
1181879062.5,-29.24742
1181879218.75,-29.25199
1181879375.0,-29.25408
1181879531.25,-29.25453
1181879687.5,-29.26189
1181879843.75,-29.25858
1181880000.0,-29.25667
1181880156.25,-29.26514
1181880312.5,-29.265
1181880468.75,-29.26511
1181880625.0,-29.26911
1181880781.25,-29.26927
1181880937.5,-29.27589
1181881093.75,-29.27948
1181881250.0,-29.27724
1181881406.25,-29.28502
1181881562.5,-29.28379
1181881718.75,-29.28454
1181881875.0,-29.28914
1181882031.25,-29.28447
1181882187.5,-29.29251
1181882343.75,-29.29356
1181882500.0,-29.29485
1181882656.25,-29.29592
1181882812.5,-29.30604
1181882968.75,-29.30291
1181883125.0,-29.3072
1181883281.25,-29.30823
1181883437.5,-29.31205
1181883593.75,-29.31744
1181883750.0,-29.31834
1181883906.25,-29.31901
1181884062.5,-29.31697
1181884218.75,-29.31608
1181884375.0,-29.32704
1181884531.25,-29.32685
1181884687.5,-29.3229
1181884843.75,-29.32656
1181885000.0,-29.33576
1181885156.25,-29.33988
1181885312.5,-29.32924
1181885468.75,-29.3357
1181885625.0,-29.3404
1181885781.25,-29.34347
1181885937.5,-29.34671
1181886093.75,-29.34746
1181886250.0,-29.34913
1181886406.25,-29.35808
1181886562.5,-29.35817
1181886718.75,-29.35985
1181886875.0,-29.35792
1181887031.25,-29.35892
1181887187.5,-29.36117
1181887343.75,-29.36652
1181887500.0,-29.36788
1181887656.25,-29.36887
1181887812.5,-29.37032
1181887968.75,-29.37551
1181888125.0,-29.37684
1181888281.25,-29.38272
1181888437.5,-29.38466
1181888593.75,-29.38789
1181888750.0,-29.38391
1181888906.25,-29.38917
1181889062.5,-29.38893
1181889218.75,-29.38902
1181889375.0,-29.39881
1181889531.25,-29.39765
1181889687.5,-29.39771
1181889843.75,-29.40833
1181890000.0,-29.40331
1181890156.25,-29.40483
1181890312.5,-29.41524
1181890468.75,-29.41297
1181890625.0,-29.41008
1181890781.25,-29.4165
1181890937.5,-29.41842
1181891093.75,-29.4207
1181891250.0,-29.41855
1181891406.25,-29.42331
1181891562.5,-29.42828
1181891718.75,-29.42849
1181891875.0,-29.43537
1181892031.25,-29.43185
1181892187.5,-29.44072
1181892343.75,-29.43381
1181892500.0,-29.44053
1181892656.25,-29.43672
1181892812.5,-29.44729
1181892968.75,-29.44328
1181893125.0,-29.44812
1181893281.25,-29.45221
1181893437.5,-29.45134
1181893593.75,-29.45685
1181893750.0,-29.46082
1181893906.25,-29.45809
1181894062.5,-29.46554
1181894218.75,-29.46347
1181894375.0,-29.46389
1181894531.25,-29.46837
1181894687.5,-29.47018
1181894843.75,-29.47798
1181895000.0,-29.4767
1181895156.25,-29.47876
1181895312.5,-29.48282
1181895468.75,-29.47339
1181895625.0,-29.48022
1181895781.25,-29.48794
1181895937.5,-29.49071
1181896093.75,-29.49185
1181896250.0,-29.49352
1181896406.25,-29.49466
1181896562.5,-29.5009
1181896718.75,-29.4978
1181896875.0,-29.50688
1181897031.25,-29.50011
1181897187.5,-29.50742
1181897343.75,-29.50728
1181897500.0,-29.51541
1181897656.25,-29.50866
1181897812.5,-29.51522
1181897968.75,-29.52025
1181898125.0,-29.52265
1181898281.25,-29.52386
1181898437.5,-29.52106
1181898593.75,-29.52992
1181898750.0,-29.52663
1181898906.25,-29.53089
1181899062.5,-29.53359
1181899218.75,-29.53472
1181899375.0,-29.53809
1181899531.25,-29.53841
1181899687.5,-29.53852
1181899843.75,-29.54939
1181900000.0,-29.54944
1181900156.25,-29.55408
1181900312.5,-29.55043
1181900468.75,-29.55196
1181900625.0,-29.55138
1181900781.25,-29.56356
1181900937.5,-29.55679
1181901093.75,-29.55949
1181901250.0,-29.56908
1181901406.25,-29.56653
1181901562.5,-29.56269
1181901718.75,-29.57412
1181901875.0,-29.56769
1181902031.25,-29.5729
1181902187.5,-29.57866
1181902343.75,-29.57652
1181902500.0,-29.58655
1181902656.25,-29.58033
1181902812.5,-29.58127
1181902968.75,-29.58688
1181903125.0,-29.58299
1181903281.25,-29.59085
1181903437.5,-29.59639
1181903593.75,-29.59886
1181903750.0,-29.60205
1181903906.25,-29.59809
1181904062.5,-29.60224
1181904218.75,-29.60142
1181904375.0,-29.60474
1181904531.25,-29.61549
1181904687.5,-29.61305
1181904843.75,-29.61364
1181905000.0,-29.61619
1181905156.25,-29.62025
1181905312.5,-29.61944
1181905468.75,-29.62095
1181905625.0,-29.6269
1181905781.25,-29.62732
1181905937.5,-29.62754
1181906093.75,-29.62664
1181906250.0,-29.62833
1181906406.25,-29.6403
1181906562.5,-29.63979
1181906718.75,-29.63354
1181906875.0,-29.64254
1181907031.25,-29.64173
1181907187.5,-29.64515
1181907343.75,-29.64865
1181907500.0,-29.65098
1181907656.25,-29.65388
1181907812.5,-29.65585
1181907968.75,-29.66006
1181908125.0,-29.65926
1181908281.25,-29.6608
1181908437.5,-29.66683
1181908593.75,-29.66555
1181908750.0,-29.66548
1181908906.25,-29.66961
1181909062.5,-29.67711
1181909218.75,-29.67088
1181909375.0,-29.6761
1181909531.25,-29.68141
1181909687.5,-29.67895
1181909843.75,-29.68267
1181910000.0,-29.68243
1181910156.25,-29.68829
1181910312.5,-29.69078
1181910468.75,-29.69205
1181910625.0,-29.69335
1181910781.25,-29.7049
1181910937.5,-29.70002
1181911093.75,-29.69969
1181911250.0,-29.70377
1181911406.25,-29.70668
1181911562.5,-29.70556
1181911718.75,-29.71048
1181911875.0,-29.71211
1181912031.25,-29.71596
1181912187.5,-29.71521
1181912343.75,-29.71601
1181912500.0,-29.72098
1181912656.25,-29.72139
1181912812.5,-29.72281
1181912968.75,-29.72536
1181913125.0,-29.72714
1181913281.25,-29.73078
1181913437.5,-29.73225
1181913593.75,-29.73342
1181913750.0,-29.73648
1181913906.25,-29.73707
1181914062.5,-29.74165
1181914218.75,-29.74521
1181914375.0,-29.74693
1181914531.25,-29.7498
1181914687.5,-29.75267
1181914843.75,-29.74832
1181915000.0,-29.75478
1181915156.25,-29.75826
1181915312.5,-29.75846
1181915468.75,-29.76121
1181915625.0,-29.76038
1181915781.25,-29.7708
1181915937.5,-29.76514
1181916093.75,-29.76697
1181916250.0,-29.7676
1181916406.25,-29.77613
1181916562.5,-29.77534
1181916718.75,-29.77742
1181916875.0,-29.7811
1181917031.25,-29.78042
1181917187.5,-29.78966
1181917343.75,-29.78539
1181917500.0,-29.78666
1181917656.25,-29.79246
1181917812.5,-29.79309
1181917968.75,-29.78909
1181918125.0,-29.796
1181918281.25,-29.80153
1181918437.5,-29.80278
1181918593.75,-29.80251
1181918750.0,-29.80642
1181918906.25,-29.80358
1181919062.5,-29.80882
1181919218.75,-29.80855
1181919375.0,-29.81183
1181919531.25,-29.81573
1181919687.5,-29.82051
1181919843.75,-29.82051
1181920000.0,-29.82512
1181920156.25,-29.81956
1181920312.5,-29.82382
1181920468.75,-29.82405
1181920625.0,-29.83243
1181920781.25,-29.83166
1181920937.5,-29.83754
1181921093.75,-29.84208
1181921250.0,-29.83986
1181921406.25,-29.84754
1181921562.5,-29.845
1181921718.75,-29.84829
1181921875.0,-29.85111
1181922031.25,-29.85484
1181922187.5,-29.85572
1181922343.75,-29.85331
1181922500.0,-29.85622
1181922656.25,-29.85441
1181922812.5,-29.86006
1181922968.75,-29.8636
1181923125.0,-29.86585
1181923281.25,-29.86835
1181923437.5,-29.87286
1181923593.75,-29.87148
1181923750.0,-29.87347
1181923906.25,-29.87292
1181924062.5,-29.8748
1181924218.75,-29.87969
1181924375.0,-29.88858
1181924531.25,-29.88843
1181924687.5,-29.89262
1181924843.75,-29.88729
1181925000.0,-29.89024
1181925156.25,-29.89072
1181925312.5,-29.89324
1181925468.75,-29.89574
1181925625.0,-29.89732
1181925781.25,-29.903
1181925937.5,-29.90488
1181926093.75,-29.90839
1181926250.0,-29.90959
1181926406.25,-29.91525
1181926562.5,-29.91978
1181926718.75,-29.91297
1181926875.0,-29.91989
1181927031.25,-29.91533
1181927187.5,-29.92459
1181927343.75,-29.92219
1181927500.0,-29.92098
1181927656.25,-29.93205
1181927812.5,-29.9301
1181927968.75,-29.93049
1181928125.0,-29.9335
1181928281.25,-29.93863
1181928437.5,-29.94134
1181928593.75,-29.94223
1181928750.0,-29.94207
1181928906.25,-29.94803
1181929062.5,-29.94517
1181929218.75,-29.95663
1181929375.0,-29.95291
1181929531.25,-29.94616
1181929687.5,-29.95628
1181929843.75,-29.95695
1181930000.0,-29.96145
1181930156.25,-29.96007
1181930312.5,-29.96324
1181930468.75,-29.96137
1181930625.0,-29.96386
1181930781.25,-29.96578
1181930937.5,-29.97081
1181931093.75,-29.97475
1181931250.0,-29.97935
1181931406.25,-29.98063
1181931562.5,-29.98044
1181931718.75,-29.98408
1181931875.0,-29.99124
1181932031.25,-29.98746
1181932187.5,-29.98704
1181932343.75,-29.98967
1181932500.0,-29.98926
1181932656.25,-29.99602
1181932812.5,-29.99253
1181932968.75,-29.9993
1181933125.0,-29.9968
1181933281.25,-30.00708
1181933437.5,-30.00646
1181933593.75,-30.00814
1181933750.0,-30.00708
1181933906.25,-30.00708
1181934062.5,-30.00965
1181934218.75,-30.01425
1181934375.0,-30.01991
1181934531.25,-30.01366
1181934687.5,-30.02044
1181934843.75,-30.02607
1181935000.0,-30.02514
1181935156.25,-30.02933
1181935312.5,-30.03054
1181935468.75,-30.0396
1181935625.0,-30.02815
1181935781.25,-30.0358
1181935937.5,-30.04393
1181936093.75,-30.03973
1181936250.0,-30.03709
1181936406.25,-30.04319
1181936562.5,-30.05127
1181936718.75,-30.0475
1181936875.0,-30.05097
1181937031.25,-30.05404
1181937187.5,-30.06188
1181937343.75,-30.05726
1181937500.0,-30.05766
1181937656.25,-30.05845
1181937812.5,-30.06347
1181937968.75,-30.06483
1181938125.0,-30.06596
1181938281.25,-30.07043
1181938437.5,-30.0739
1181938593.75,-30.07524
1181938750.0,-30.07577
1181938906.25,-30.07851
1181939062.5,-30.08431
1181939218.75,-30.07955
1181939375.0,-30.08189
1181939531.25,-30.08526
1181939687.5,-30.0875
1181939843.75,-30.08987
1181940000.0,-30.09312
1181940156.25,-30.09881
1181940312.5,-30.09976
1181940468.75,-30.09938
1181940625.0,-30.09955
1181940781.25,-30.11149
1181940937.5,-30.10739
1181941093.75,-30.09925
1181941250.0,-30.10817
1181941406.25,-30.11411
1181941562.5,-30.11315
1181941718.75,-30.11642
1181941875.0,-30.11742
1181942031.25,-30.12005
1181942187.5,-30.12385
1181942343.75,-30.12575
1181942500.0,-30.12324
1181942656.25,-30.12649
1181942812.5,-30.12815
1181942968.75,-30.13866
1181943125.0,-30.12896
1181943281.25,-30.13461
1181943437.5,-30.13798
1181943593.75,-30.13911
1181943750.0,-30.14253
1181943906.25,-30.14777
1181944062.5,-30.14575
1181944218.75,-30.15013
1181944375.0,-30.14833
1181944531.25,-30.15045
1181944687.5,-30.15701
1181944843.75,-30.16227
1181945000.0,-30.15763
1181945156.25,-30.16553
1181945312.5,-30.16275
1181945468.75,-30.1656
1181945625.0,-30.16825
1181945781.25,-30.1693
1181945937.5,-30.16609
1181946093.75,-30.17472
1181946250.0,-30.17317
1181946406.25,-30.18746
1181946562.5,-30.17768
1181946718.75,-30.18006
1181946875.0,-30.18325
1181947031.25,-30.18653
1181947187.5,-30.18696
1181947343.75,-30.18938
1181947500.0,-30.19348
1181947656.25,-30.19103
1181947812.5,-30.19476
1181947968.75,-30.20166
1181948125.0,-30.20145
1181948281.25,-30.19467
1181948437.5,-30.19993
1181948593.75,-30.20783
1181948750.0,-30.20521
1181948906.25,-30.20613
1181949062.5,-30.20938
1181949218.75,-30.21486
1181949375.0,-30.21392
1181949531.25,-30.22154
1181949687.5,-30.21709
1181949843.75,-30.2222
1181950000.0,-30.2202
1181950156.25,-30.22416
1181950312.5,-30.22935
1181950468.75,-30.22642
1181950625.0,-30.23169
1181950781.25,-30.2353
1181950937.5,-30.23818
1181951093.75,-30.23496
1181951250.0,-30.24026
1181951406.25,-30.24317
1181951562.5,-30.24573
1181951718.75,-30.25069
1181951875.0,-30.24789
1181952031.25,-30.24739
1181952187.5,-30.25213
1181952343.75,-30.25167
1181952500.0,-30.25686
1181952656.25,-30.26214
1181952812.5,-30.26278
1181952968.75,-30.26639
1181953125.0,-30.26517
1181953281.25,-30.26748
1181953437.5,-30.27071
1181953593.75,-30.26812
1181953750.0,-30.26805
1181953906.25,-30.27973
1181954062.5,-30.27843
1181954218.75,-30.28042
1181954375.0,-30.2823
1181954531.25,-30.28314
1181954687.5,-30.27984
1181954843.75,-30.29249
1181955000.0,-30.29518
1181955156.25,-30.29338
1181955312.5,-30.2914
1181955468.75,-30.29307
1181955625.0,-30.29855
1181955781.25,-30.30359
1181955937.5,-30.29931
1181956093.75,-30.30579
1181956250.0,-30.30356
1181956406.25,-30.30372
1181956562.5,-30.30776
1181956718.75,-30.30864
1181956875.0,-30.31384
1181957031.25,-30.31763
1181957187.5,-30.31072
1181957343.75,-30.32044
1181957500.0,-30.31733
1181957656.25,-30.32574
1181957812.5,-30.32668
1181957968.75,-30.32588
1181958125.0,-30.32894
1181958281.25,-30.33281
1181958437.5,-30.33436
1181958593.75,-30.33225
1181958750.0,-30.34255
1181958906.25,-30.34198
1181959062.5,-30.34408
1181959218.75,-30.34151
1181959375.0,-30.34419
1181959531.25,-30.34616
1181959687.5,-30.34228
1181959843.75,-30.3484
1181960000.0,-30.35474
1181960156.25,-30.35689
1181960312.5,-30.35574
1181960468.75,-30.3644
1181960625.0,-30.36244
1181960781.25,-30.3551
1181960937.5,-30.36452
1181961093.75,-30.3678
1181961250.0,-30.37289
1181961406.25,-30.36803
1181961562.5,-30.3784
1181961718.75,-30.37807
1181961875.0,-30.38007
1181962031.25,-30.37708
1181962187.5,-30.37822
1181962343.75,-30.39039
1181962500.0,-30.39016
1181962656.25,-30.38153
1181962812.5,-30.39226
1181962968.75,-30.39288
1181963125.0,-30.39708
1181963281.25,-30.40087
1181963437.5,-30.40135
1181963593.75,-30.39979
1181963750.0,-30.41035
1181963906.25,-30.40757
1181964062.5,-30.41216
1181964218.75,-30.4116
1181964375.0,-30.41192
1181964531.25,-30.41423
1181964687.5,-30.41116
1181964843.75,-30.41657
1181965000.0,-30.42348
1181965156.25,-30.42113
1181965312.5,-30.42756
1181965468.75,-30.4204
1181965625.0,-30.4238
1181965781.25,-30.42279
1181965937.5,-30.42848
1181966093.75,-30.43081
1181966250.0,-30.4346
1181966406.25,-30.44129
1181966562.5,-30.43866
1181966718.75,-30.43367
1181966875.0,-30.44848
1181967031.25,-30.44901
1181967187.5,-30.44721
1181967343.75,-30.44617
1181967500.0,-30.4572
1181967656.25,-30.45137
1181967812.5,-30.45624
1181967968.75,-30.45914
1181968125.0,-30.45467
1181968281.25,-30.46048
1181968437.5,-30.46397
1181968593.75,-30.46531
1181968750.0,-30.46497
1181968906.25,-30.47002
1181969062.5,-30.4721
1181969218.75,-30.47386
1181969375.0,-30.46888
1181969531.25,-30.48001
1181969687.5,-30.4768
1181969843.75,-30.48029
1181970000.0,-30.48083
1181970156.25,-30.47974
1181970312.5,-30.49099
1181970468.75,-30.49238
1181970625.0,-30.49234
1181970781.25,-30.4905
1181970937.5,-30.49845
1181971093.75,-30.49403
1181971250.0,-30.50035
1181971406.25,-30.49746
1181971562.5,-30.50293
1181971718.75,-30.50627
1181971875.0,-30.50521
1181972031.25,-30.50411
1181972187.5,-30.50798
1181972343.75,-30.50867
1181972500.0,-30.51567
1181972656.25,-30.51827
1181972812.5,-30.51802
1181972968.75,-30.51835
1181973125.0,-30.52358
1181973281.25,-30.52168
1181973437.5,-30.52118
1181973593.75,-30.53687
1181973750.0,-30.53337
1181973906.25,-30.53186
1181974062.5,-30.53283
1181974218.75,-30.53449
1181974375.0,-30.53797
1181974531.25,-30.53967
1181974687.5,-30.55031
1181974843.75,-30.54556
1181975000.0,-30.54389
1181975156.25,-30.54523
1181975312.5,-30.5444
1181975468.75,-30.5524
1181975625.0,-30.54796
1181975781.25,-30.55552
1181975937.5,-30.55638
1181976093.75,-30.55686
1181976250.0,-30.56523
1181976406.25,-30.56602
1181976562.5,-30.57071
1181976718.75,-30.56884
1181976875.0,-30.57547
1181977031.25,-30.57345
1181977187.5,-30.57251
1181977343.75,-30.575
1181977500.0,-30.58078
1181977656.25,-30.58087
1181977812.5,-30.58562
1181977968.75,-30.58659
1181978125.0,-30.5861
1181978281.25,-30.58516
1181978437.5,-30.58742
1181978593.75,-30.58975
1181978750.0,-30.5957
1181978906.25,-30.59103
1181979062.5,-30.59872
1181979218.75,-30.60513
1181979375.0,-30.6018
1181979531.25,-30.60356
1181979687.5,-30.60372
1181979843.75,-30.60727
1181980000.0,-30.6071
1181980156.25,-30.6145
1181980312.5,-30.61256
1181980468.75,-30.6172
1181980625.0,-30.6168
1181980781.25,-30.61326
1181980937.5,-30.61285
1181981093.75,-30.61925
1181981250.0,-30.6267
1181981406.25,-30.63002
1181981562.5,-30.62867
1181981718.75,-30.63165
1181981875.0,-30.63456
1181982031.25,-30.62605
1181982187.5,-30.64101
1181982343.75,-30.64142
1181982500.0,-30.63837
1181982656.25,-30.64388
1181982812.5,-30.64529
1181982968.75,-30.64339
1181983125.0,-30.64391
1181983281.25,-30.64721
1181983437.5,-30.65153
1181983593.75,-30.65246
1181983750.0,-30.66351
1181983906.25,-30.6609
1181984062.5,-30.66043
1181984218.75,-30.66221
1181984375.0,-30.66974
1181984531.25,-30.66736
1181984687.5,-30.66288
1181984843.75,-30.66738
1181985000.0,-30.66598
1181985156.25,-30.67712
1181985312.5,-30.66764
1181985468.75,-30.67869
1181985625.0,-30.67795
1181985781.25,-30.67778
1181985937.5,-30.69069
1181986093.75,-30.68227
1181986250.0,-30.68496
1181986406.25,-30.68889
1181986562.5,-30.69361
1181986718.75,-30.693
1181986875.0,-30.69311
1181987031.25,-30.69258
1181987187.5,-30.69518
1181987343.75,-30.69964
1181987500.0,-30.70251
1181987656.25,-30.7002
1181987812.5,-30.70537
1181987968.75,-30.70779
1181988125.0,-30.71326
1181988281.25,-30.71285
1181988437.5,-30.7109
1181988593.75,-30.71591
1181988750.0,-30.71366
1181988906.25,-30.71819
1181989062.5,-30.7205
1181989218.75,-30.72405
1181989375.0,-30.73001
1181989531.25,-30.72514
1181989687.5,-30.73266
1181989843.75,-30.73357
1181990000.0,-30.73461
1181990156.25,-30.73199
1181990312.5,-30.73441
1181990468.75,-30.73277
1181990625.0,-30.73889
1181990781.25,-30.7439
1181990937.5,-30.74083
1181991093.75,-30.74643
1181991250.0,-30.74995
1181991406.25,-30.74915
1181991562.5,-30.7524
1181991718.75,-30.75353
1181991875.0,-30.75874
1181992031.25,-30.76216
1181992187.5,-30.7603
1181992343.75,-30.76391
1181992500.0,-30.76844
1181992656.25,-30.76157
1181992812.5,-30.76826
1181992968.75,-30.77555
1181993125.0,-30.77284
1181993281.25,-30.77345
1181993437.5,-30.77942
1181993593.75,-30.78056
1181993750.0,-30.77427
1181993906.25,-30.78725
1181994062.5,-30.7804
1181994218.75,-30.78146
1181994375.0,-30.79014
1181994531.25,-30.78858
1181994687.5,-30.79334
1181994843.75,-30.79242
1181995000.0,-30.79068
1181995156.25,-30.80074
1181995312.5,-30.80133
1181995468.75,-30.80238
1181995625.0,-30.80723
1181995781.25,-30.80094
1181995937.5,-30.80406
1181996093.75,-30.80362
1181996250.0,-30.80871
1181996406.25,-30.80793
1181996562.5,-30.80993
1181996718.75,-30.81405
1181996875.0,-30.81583
1181997031.25,-30.82292
1181997187.5,-30.82133
1181997343.75,-30.82064
1181997500.0,-30.82645
1181997656.25,-30.82402
1181997812.5,-30.83167
1181997968.75,-30.8283
1181998125.0,-30.82969
1181998281.25,-30.8321
1181998437.5,-30.83813
1181998593.75,-30.83505
1181998750.0,-30.84489
1181998906.25,-30.8427
1181999062.5,-30.84723
1181999218.75,-30.84415
1181999375.0,-30.8459
1181999531.25,-30.84887
1181999687.5,-30.84884
1181999843.75,-30.85845
1182000000.0,-30.85229
1182000156.25,-30.85579
1182000312.5,-30.85811
1182000468.75,-30.85785
1182000625.0,-30.86382
1182000781.25,-30.86335
1182000937.5,-30.8655
1182001093.75,-30.87066
1182001250.0,-30.86902
1182001406.25,-30.87409
1182001562.5,-30.87917
1182001718.75,-30.87838
1182001875.0,-30.88403
1182002031.25,-30.88438
1182002187.5,-30.88828
1182002343.75,-30.87841
1182002500.0,-30.88679
1182002656.25,-30.89515
1182002812.5,-30.88398
1182002968.75,-30.89335
1182003125.0,-30.89198
1182003281.25,-30.88991
1182003437.5,-30.90115
1182003593.75,-30.90079
1182003750.0,-30.9023
1182003906.25,-30.90146
1182004062.5,-30.91073
1182004218.75,-30.90032
1182004375.0,-30.91259
1182004531.25,-30.91331
1182004687.5,-30.90966
1182004843.75,-30.91794
1182005000.0,-30.91425
1182005156.25,-30.9259
1182005312.5,-30.92137
1182005468.75,-30.92448
1182005625.0,-30.92453
1182005781.25,-30.9192
1182005937.5,-30.92932
1182006093.75,-30.92997
1182006250.0,-30.92941
1182006406.25,-30.93575
1182006562.5,-30.93179
1182006718.75,-30.93915
1182006875.0,-30.94105
1182007031.25,-30.94237
1182007187.5,-30.94234
1182007343.75,-30.94478
1182007500.0,-30.94626
1182007656.25,-30.94992
1182007812.5,-30.95307
1182007968.75,-30.95317
1182008125.0,-30.95403
1182008281.25,-30.95663
1182008437.5,-30.95176
1182008593.75,-30.9593
1182008750.0,-30.96006
1182008906.25,-30.96262
1182009062.5,-30.97031
1182009218.75,-30.96785
1182009375.0,-30.97121
1182009531.25,-30.97205
1182009687.5,-30.97725
1182009843.75,-30.97591
1182010000.0,-30.96835
1182010156.25,-30.97989
1182010312.5,-30.97808
1182010468.75,-30.982
1182010625.0,-30.97904
1182010781.25,-30.98099
1182010937.5,-30.9836
1182011093.75,-30.9884
1182011250.0,-30.99115
1182011406.25,-30.9991
1182011562.5,-30.99928
1182011718.75,-30.99776
1182011875.0,-30.9954
1182012031.25,-30.99625
1182012187.5,-31.00394
1182012343.75,-31.00559
1182012500.0,-31.01295
1182012656.25,-31.00776
1182012812.5,-31.00855
1182012968.75,-31.0096
1182013125.0,-31.01439
1182013281.25,-31.01511
1182013437.5,-31.02169
1182013593.75,-31.02233
1182013750.0,-31.02271
1182013906.25,-31.0232
1182014062.5,-31.02245
1182014218.75,-31.03463
1182014375.0,-31.02754
1182014531.25,-31.03184
1182014687.5,-31.03477
1182014843.75,-31.03607
1182015000.0,-31.04191
1182015156.25,-31.03499
1182015312.5,-31.04337
1182015468.75,-31.04034
1182015625.0,-31.04461
1182015781.25,-31.04585
1182015937.5,-31.04894
1182016093.75,-31.04592
1182016250.0,-31.05172
1182016406.25,-31.05835
1182016562.5,-31.06055
1182016718.75,-31.05552
1182016875.0,-31.05882
1182017031.25,-31.05939
1182017187.5,-31.05549
1182017343.75,-31.07118
1182017500.0,-31.07198
1182017656.25,-31.07276
1182017812.5,-31.06618
1182017968.75,-31.07376
1182018125.0,-31.07299
1182018281.25,-31.08152
1182018437.5,-31.07777
1182018593.75,-31.08541
1182018750.0,-31.08038
1182018906.25,-31.08374
1182019062.5,-31.08719
1182019218.75,-31.08469
1182019375.0,-31.089
1182019531.25,-31.08704
1182019687.5,-31.09344
1182019843.75,-31.10017
1182020000.0,-31.08971
1182020156.25,-31.09726
1182020312.5,-31.1024
1182020468.75,-31.10421
1182020625.0,-31.1031
1182020781.25,-31.10721
1182020937.5,-31.10839
1182021093.75,-31.10416
1182021250.0,-31.11247
1182021406.25,-31.10878
1182021562.5,-31.11294
1182021718.75,-31.12261
1182021875.0,-31.10847
1182022031.25,-31.11737
1182022187.5,-31.12154
1182022343.75,-31.12781
1182022500.0,-31.12256
1182022656.25,-31.12649
1182022812.5,-31.1299
1182022968.75,-31.13549
1182023125.0,-31.1286
1182023281.25,-31.13271
1182023437.5,-31.13747
1182023593.75,-31.13453
1182023750.0,-31.14625
1182023906.25,-31.13835
1182024062.5,-31.14407
1182024218.75,-31.14925
1182024375.0,-31.15101
1182024531.25,-31.15273
1182024687.5,-31.1534
1182024843.75,-31.15053
1182025000.0,-31.1573
1182025156.25,-31.16294
1182025312.5,-31.16686
1182025468.75,-31.15778
1182025625.0,-31.16385
1182025781.25,-31.15881
1182025937.5,-31.16631
1182026093.75,-31.1683
1182026250.0,-31.16556
1182026406.25,-31.17071
1182026562.5,-31.17303
1182026718.75,-31.17722
1182026875.0,-31.18312
1182027031.25,-31.17668
1182027187.5,-31.19017
1182027343.75,-31.18152
1182027500.0,-31.18211
1182027656.25,-31.18702
1182027812.5,-31.18405
1182027968.75,-31.19399
1182028125.0,-31.19081
1182028281.25,-31.19008
1182028437.5,-31.19519
1182028593.75,-31.1905
1182028750.0,-31.20065
1182028906.25,-31.20047
1182029062.5,-31.20541
1182029218.75,-31.21327
1182029375.0,-31.20436
1182029531.25,-31.20517
1182029687.5,-31.21047
1182029843.75,-31.20732
1182030000.0,-31.21745
1182030156.25,-31.21621
1182030312.5,-31.2133
1182030468.75,-31.22364
1182030625.0,-31.22603
1182030781.25,-31.22038
1182030937.5,-31.22105
1182031093.75,-31.23016
1182031250.0,-31.22925
1182031406.25,-31.23524
1182031562.5,-31.23133
1182031718.75,-31.23833
1182031875.0,-31.23931
1182032031.25,-31.23946
1182032187.5,-31.24132
1182032343.75,-31.24335
1182032500.0,-31.25184
1182032656.25,-31.24393
1182032812.5,-31.24543
1182032968.75,-31.249
1182033125.0,-31.2546
1182033281.25,-31.24805
1182033437.5,-31.25847
1182033593.75,-31.25614
1182033750.0,-31.25926
1182033906.25,-31.25529
1182034062.5,-31.25794
1182034218.75,-31.26561
1182034375.0,-31.26135
1182034531.25,-31.26142
1182034687.5,-31.27138
1182034843.75,-31.27329
1182035000.0,-31.26813
1182035156.25,-31.27154
1182035312.5,-31.27487
1182035468.75,-31.28436
1182035625.0,-31.27525
1182035781.25,-31.27958
1182035937.5,-31.28496
1182036093.75,-31.28161
1182036250.0,-31.2878
1182036406.25,-31.29
1182036562.5,-31.29419
1182036718.75,-31.29409
1182036875.0,-31.29839
1182037031.25,-31.29698
1182037187.5,-31.30027
1182037343.75,-31.30416
1182037500.0,-31.29879
1182037656.25,-31.30562
1182037812.5,-31.31181
1182037968.75,-31.30653
1182038125.0,-31.3105
1182038281.25,-31.31116
1182038437.5,-31.30825
1182038593.75,-31.30686
1182038750.0,-31.31127
1182038906.25,-31.31948
1182039062.5,-31.31619
1182039218.75,-31.323
1182039375.0,-31.31686
1182039531.25,-31.32596
1182039687.5,-31.3254
1182039843.75,-31.32941
1182040000.0,-31.33626
1182040156.25,-31.32478
1182040312.5,-31.34122
1182040468.75,-31.33581
1182040625.0,-31.33776
1182040781.25,-31.34091
1182040937.5,-31.34258
1182041093.75,-31.34909
1182041250.0,-31.34124
1182041406.25,-31.34637
1182041562.5,-31.34619
1182041718.75,-31.34652
1182041875.0,-31.35316
1182042031.25,-31.35211
1182042187.5,-31.35572
1182042343.75,-31.35271
1182042500.0,-31.35841
1182042656.25,-31.35796
1182042812.5,-31.36157
1182042968.75,-31.36213
1182043125.0,-31.36565
1182043281.25,-31.37026
1182043437.5,-31.36914
1182043593.75,-31.37189
1182043750.0,-31.36856
1182043906.25,-31.37912
1182044062.5,-31.37568
1182044218.75,-31.37507
1182044375.0,-31.3764
1182044531.25,-31.38345
1182044687.5,-31.39507
1182044843.75,-31.39237
1182045000.0,-31.38678
1182045156.25,-31.38338
1182045312.5,-31.39189
1182045468.75,-31.39211
1182045625.0,-31.39531
1182045781.25,-31.39919
1182045937.5,-31.39864
1182046093.75,-31.40407
1182046250.0,-31.39477
1182046406.25,-31.40531
1182046562.5,-31.40572
1182046718.75,-31.40635
1182046875.0,-31.41125
1182047031.25,-31.40694
1182047187.5,-31.41069
1182047343.75,-31.41667
1182047500.0,-31.41576
1182047656.25,-31.41607
1182047812.5,-31.41614
1182047968.75,-31.42257
1182048125.0,-31.41835
1182048281.25,-31.42969
1182048437.5,-31.42183
1182048593.75,-31.43022
1182048750.0,-31.42679
1182048906.25,-31.43636
1182049062.5,-31.43329
1182049218.75,-31.43667
1182049375.0,-31.436
1182049531.25,-31.44237
1182049687.5,-31.44385
1182049843.75,-31.44077
1182050000.0,-31.44364
1182050156.25,-31.45315
1182050312.5,-31.45004
1182050468.75,-31.45052
1182050625.0,-31.45247
1182050781.25,-31.45823
1182050937.5,-31.45214
1182051093.75,-31.46409
1182051250.0,-31.46409
1182051406.25,-31.45625
1182051562.5,-31.46344
1182051718.75,-31.47072
1182051875.0,-31.46659
1182052031.25,-31.47197
1182052187.5,-31.47217
1182052343.75,-31.47125
1182052500.0,-31.47562
1182052656.25,-31.47975
1182052812.5,-31.47206
1182052968.75,-31.47448
1182053125.0,-31.48262
1182053281.25,-31.48144
1182053437.5,-31.48368
1182053593.75,-31.47497
1182053750.0,-31.48932
1182053906.25,-31.49421
1182054062.5,-31.50184
1182054218.75,-31.49716
1182054375.0,-31.49615
1182054531.25,-31.49203
1182054687.5,-31.49535
1182054843.75,-31.4987
1182055000.0,-31.5008
1182055156.25,-31.50208
1182055312.5,-31.50661
1182055468.75,-31.51398
1182055625.0,-31.51628
1182055781.25,-31.51237
1182055937.5,-31.5164
1182056093.75,-31.52155
1182056250.0,-31.51775
1182056406.25,-31.51846
1182056562.5,-31.52046
1182056718.75,-31.52477
1182056875.0,-31.5178
1182057031.25,-31.53218
1182057187.5,-31.52518
1182057343.75,-31.53005
1182057500.0,-31.53322
1182057656.25,-31.53242
1182057812.5,-31.5401
1182057968.75,-31.53601
1182058125.0,-31.54
1182058281.25,-31.54013
1182058437.5,-31.54189
1182058593.75,-31.543
1182058750.0,-31.54723
1182058906.25,-31.55024
1182059062.5,-31.54445
1182059218.75,-31.55253
1182059375.0,-31.55558
1182059531.25,-31.55222
1182059687.5,-31.55693
1182059843.75,-31.54809
1182060000.0,-31.55704
1182060156.25,-31.55989
1182060312.5,-31.5625
1182060468.75,-31.56293
1182060625.0,-31.56917
1182060781.25,-31.56365
1182060937.5,-31.57026
1182061093.75,-31.57358
1182061250.0,-31.56714
1182061406.25,-31.5699
1182061562.5,-31.58075
1182061718.75,-31.57888
1182061875.0,-31.58299
1182062031.25,-31.58155
1182062187.5,-31.5827
1182062343.75,-31.58766
1182062500.0,-31.58467
1182062656.25,-31.5842
1182062812.5,-31.59065
1182062968.75,-31.58862
1182063125.0,-31.58385
1182063281.25,-31.59883
1182063437.5,-31.59357
1182063593.75,-31.59701
1182063750.0,-31.60099
1182063906.25,-31.59916
1182064062.5,-31.60105
1182064218.75,-31.60756
1182064375.0,-31.61038
1182064531.25,-31.60419
1182064687.5,-31.61275
1182064843.75,-31.61353
1182065000.0,-31.61714
1182065156.25,-31.61631
1182065312.5,-31.61944
1182065468.75,-31.62204
1182065625.0,-31.6213
1182065781.25,-31.62593
1182065937.5,-31.62527
1182066093.75,-31.62938
1182066250.0,-31.62364
1182066406.25,-31.63586
1182066562.5,-31.62739
1182066718.75,-31.63384
1182066875.0,-31.6345
1182067031.25,-31.64227
1182067187.5,-31.63902
1182067343.75,-31.64085
1182067500.0,-31.64574
1182067656.25,-31.64417
1182067812.5,-31.6498
1182067968.75,-31.65611
1182068125.0,-31.65449
1182068281.25,-31.65054
1182068437.5,-31.64696
1182068593.75,-31.66267
1182068750.0,-31.66407
1182068906.25,-31.6521
1182069062.5,-31.65999
1182069218.75,-31.65838
1182069375.0,-31.66615
1182069531.25,-31.66854
1182069687.5,-31.65982
1182069843.75,-31.67083
1182070000.0,-31.67387
1182070156.25,-31.67481
1182070312.5,-31.67696
1182070468.75,-31.67767
1182070625.0,-31.67495
1182070781.25,-31.68165
1182070937.5,-31.67784
1182071093.75,-31.68501
1182071250.0,-31.68681
1182071406.25,-31.68736
1182071562.5,-31.68821
1182071718.75,-31.69811
1182071875.0,-31.69291
1182072031.25,-31.69595
1182072187.5,-31.69654
1182072343.75,-31.69045
1182072500.0,-31.70059
1182072656.25,-31.70135
1182072812.5,-31.70304
1182072968.75,-31.70134
1182073125.0,-31.70876
1182073281.25,-31.71001
1182073437.5,-31.70345
1182073593.75,-31.7095
1182073750.0,-31.70835
1182073906.25,-31.71065
1182074062.5,-31.70811
1182074218.75,-31.71069
1182074375.0,-31.71536
1182074531.25,-31.72636
1182074687.5,-31.71318
1182074843.75,-31.72803
1182075000.0,-31.73444
1182075156.25,-31.72922
1182075312.5,-31.72853
1182075468.75,-31.72982
1182075625.0,-31.73103
1182075781.25,-31.73734
1182075937.5,-31.73725
1182076093.75,-31.7364
1182076250.0,-31.73764
1182076406.25,-31.74198
1182076562.5,-31.74049
1182076718.75,-31.74763
1182076875.0,-31.75
1182077031.25,-31.74871
1182077187.5,-31.74214
1182077343.75,-31.74982
1182077500.0,-31.74916
1182077656.25,-31.75937
1182077812.5,-31.75551
1182077968.75,-31.75838
1182078125.0,-31.76589
1182078281.25,-31.7638
1182078437.5,-31.76293
1182078593.75,-31.76255
1182078750.0,-31.76763
1182078906.25,-31.75977
1182079062.5,-31.7634
1182079218.75,-31.7727
1182079375.0,-31.77752
1182079531.25,-31.76812
1182079687.5,-31.77298
1182079843.75,-31.78667
1182080000.0,-31.78597
1182080156.25,-31.78383
1182080312.5,-31.77925
1182080468.75,-31.78354
1182080625.0,-31.79132
1182080781.25,-31.78734
1182080937.5,-31.79377
1182081093.75,-31.78673
1182081250.0,-31.79196
1182081406.25,-31.79775
1182081562.5,-31.79816
1182081718.75,-31.80214
1182081875.0,-31.80327
1182082031.25,-31.8061
1182082187.5,-31.80322
1182082343.75,-31.81173
1182082500.0,-31.81994
1182082656.25,-31.81637
1182082812.5,-31.81767
1182082968.75,-31.81211
1182083125.0,-31.81558
1182083281.25,-31.81512
1182083437.5,-31.82396
1182083593.75,-31.81034
1182083750.0,-31.82692
1182083906.25,-31.82396
1182084062.5,-31.82592
1182084218.75,-31.83064
1182084375.0,-31.8252
1182084531.25,-31.83561
1182084687.5,-31.8384
1182084843.75,-31.83634
1182085000.0,-31.83579
1182085156.25,-31.84369
1182085312.5,-31.8427
1182085468.75,-31.84684
1182085625.0,-31.83276
1182085781.25,-31.83906
1182085937.5,-31.84604
1182086093.75,-31.85017
1182086250.0,-31.84553
1182086406.25,-31.85652
1182086562.5,-31.84837
1182086718.75,-31.85486
1182086875.0,-31.85911
1182087031.25,-31.86069
1182087187.5,-31.86248
1182087343.75,-31.85673
1182087500.0,-31.86524
1182087656.25,-31.86353
1182087812.5,-31.87224
1182087968.75,-31.88193
1182088125.0,-31.86813
1182088281.25,-31.86535
1182088437.5,-31.87323
1182088593.75,-31.88128
1182088750.0,-31.87704
1182088906.25,-31.87743
1182089062.5,-31.89472
1182089218.75,-31.87977
1182089375.0,-31.8769
1182089531.25,-31.88566
1182089687.5,-31.88212
1182089843.75,-31.88383
1182090000.0,-31.88867
1182090156.25,-31.88853
1182090312.5,-31.8952
1182090468.75,-31.89781
1182090625.0,-31.89948
1182090781.25,-31.8976
1182090937.5,-31.90245
1182091093.75,-31.90356
1182091250.0,-31.90722
1182091406.25,-31.90736
1182091562.5,-31.90049
1182091718.75,-31.91041
1182091875.0,-31.91156
1182092031.25,-31.91043
1182092187.5,-31.91297
1182092343.75,-31.91976
1182092500.0,-31.91654
1182092656.25,-31.91098
1182092812.5,-31.92185
1182092968.75,-31.92106
1182093125.0,-31.92857
1182093281.25,-31.92053
1182093437.5,-31.92964
1182093593.75,-31.92924
1182093750.0,-31.9311
1182093906.25,-31.92823
1182094062.5,-31.93346
1182094218.75,-31.94329
1182094375.0,-31.94266
1182094531.25,-31.94403
1182094687.5,-31.93944
1182094843.75,-31.94387
1182095000.0,-31.94819
1182095156.25,-31.94771
1182095312.5,-31.9411
1182095468.75,-31.94866
1182095625.0,-31.95547
1182095781.25,-31.95148
1182095937.5,-31.95331
1182096093.75,-31.95865
1182096250.0,-31.961
1182096406.25,-31.95784
1182096562.5,-31.96683
1182096718.75,-31.96023
1182096875.0,-31.96335
1182097031.25,-31.97267
1182097187.5,-31.96017
1182097343.75,-31.96719
1182097500.0,-31.97217
1182097656.25,-31.97593
1182097812.5,-31.97665
1182097968.75,-31.97756
1182098125.0,-31.97352
1182098281.25,-31.99087
1182098437.5,-31.98184
1182098593.75,-31.9821
1182098750.0,-31.98776
1182098906.25,-31.98553
1182099062.5,-31.98314
1182099218.75,-31.98907
1182099375.0,-32.00063
1182099531.25,-31.98606
1182099687.5,-32.00106
1182099843.75,-31.9947
1182100000.0,-31.99951
1182100156.25,-31.99654
1182100312.5,-31.99956
1182100468.75,-32.0006
1182100625.0,-31.99967
1182100781.25,-31.99923
1182100937.5,-32.01239
1182101093.75,-32.00837
1182101250.0,-32.00777
1182101406.25,-32.00534
1182101562.5,-32.01441
1182101718.75,-32.01908
1182101875.0,-32.01642
1182102031.25,-32.02572
1182102187.5,-32.02209
1182102343.75,-32.02862
1182102500.0,-32.02324
1182102656.25,-32.02983
1182102812.5,-32.02431
1182102968.75,-32.02663
1182103125.0,-32.02864
1182103281.25,-32.03495
1182103437.5,-32.03136
1182103593.75,-32.039
1182103750.0,-32.03559
1182103906.25,-32.04319
1182104062.5,-32.04256
1182104218.75,-32.04352
1182104375.0,-32.03811
1182104531.25,-32.04716
1182104687.5,-32.04853
1182104843.75,-32.04877
1182105000.0,-32.05278
1182105156.25,-32.05338
1182105312.5,-32.06457
1182105468.75,-32.05413
1182105625.0,-32.05561
1182105781.25,-32.06628
1182105937.5,-32.06676
1182106093.75,-32.06479
1182106250.0,-32.06331
1182106406.25,-32.07059
1182106562.5,-32.06678
1182106718.75,-32.06954
1182106875.0,-32.07761
1182107031.25,-32.07309
1182107187.5,-32.07622
1182107343.75,-32.08529
1182107500.0,-32.0808
1182107656.25,-32.08168
1182107812.5,-32.083
1182107968.75,-32.07286
1182108125.0,-32.08348
1182108281.25,-32.09031
1182108437.5,-32.09321
1182108593.75,-32.09664
1182108750.0,-32.09589
1182108906.25,-32.09366
1182109062.5,-32.09851
1182109218.75,-32.0975
1182109375.0,-32.10056
1182109531.25,-32.1011
1182109687.5,-32.09845
1182109843.75,-32.10233
1182110000.0,-32.10462
1182110156.25,-32.10686
1182110312.5,-32.11234
1182110468.75,-32.10216
1182110625.0,-32.11499
1182110781.25,-32.11798
1182110937.5,-32.11864
1182111093.75,-32.12319
1182111250.0,-32.11826
1182111406.25,-32.11815
1182111562.5,-32.1305
1182111718.75,-32.12056
1182111875.0,-32.1245
1182112031.25,-32.12421
1182112187.5,-32.12212
1182112343.75,-32.13438
1182112500.0,-32.13184
1182112656.25,-32.12725
1182112812.5,-32.13337
1182112968.75,-32.13573
1182113125.0,-32.13409
1182113281.25,-32.14243
1182113437.5,-32.14426
1182113593.75,-32.14233
1182113750.0,-32.14652
1182113906.25,-32.14727
1182114062.5,-32.14342
1182114218.75,-32.14826
1182114375.0,-32.14702
1182114531.25,-32.15366
1182114687.5,-32.15727
1182114843.75,-32.15766
1182115000.0,-32.15911
1182115156.25,-32.15969
1182115312.5,-32.15989
1182115468.75,-32.16296
1182115625.0,-32.16786
1182115781.25,-32.16636
1182115937.5,-32.17447
1182116093.75,-32.17172
1182116250.0,-32.16618
1182116406.25,-32.168
1182116562.5,-32.17263
1182116718.75,-32.17385
1182116875.0,-32.175
1182117031.25,-32.18727
1182117187.5,-32.17419
1182117343.75,-32.1828
1182117500.0,-32.18301
1182117656.25,-32.18982
1182117812.5,-32.18984
1182117968.75,-32.1948
1182118125.0,-32.19214
1182118281.25,-32.19255
1182118437.5,-32.19096
1182118593.75,-32.19726
1182118750.0,-32.20106
1182118906.25,-32.20337
1182119062.5,-32.19267
1182119218.75,-32.20305
1182119375.0,-32.21038
1182119531.25,-32.20744
1182119687.5,-32.20173
1182119843.75,-32.20785
1182120000.0,-32.21132
1182120156.25,-32.21294
1182120312.5,-32.2093
1182120468.75,-32.21788
1182120625.0,-32.2207
1182120781.25,-32.22398
1182120937.5,-32.23045
1182121093.75,-32.22549
1182121250.0,-32.22469
1182121406.25,-32.23045
1182121562.5,-32.23458
1182121718.75,-32.23475
1182121875.0,-32.23236
1182122031.25,-32.23285
1182122187.5,-32.2378
1182122343.75,-32.23846
1182122500.0,-32.23926
1182122656.25,-32.23944
1182122812.5,-32.23718
1182122968.75,-32.23924
1182123125.0,-32.24282
1182123281.25,-32.251
1182123437.5,-32.24805
1182123593.75,-32.24652
1182123750.0,-32.24847
1182123906.25,-32.25143
1182124062.5,-32.25497
1182124218.75,-32.25689
1182124375.0,-32.25581
1182124531.25,-32.26097
1182124687.5,-32.25897
1182124843.75,-32.2639
1182125000.0,-32.26911
1182125156.25,-32.26202
1182125312.5,-32.27019
1182125468.75,-32.27118
1182125625.0,-32.2746
1182125781.25,-32.27364
1182125937.5,-32.2705
1182126093.75,-32.2686
1182126250.0,-32.27455
1182126406.25,-32.27762
1182126562.5,-32.2807
1182126718.75,-32.27868
1182126875.0,-32.27954
1182127031.25,-32.28119
1182127187.5,-32.2826
1182127343.75,-32.28923
1182127500.0,-32.28796
1182127656.25,-32.28478
1182127812.5,-32.28785
1182127968.75,-32.28553
1182128125.0,-32.29655
1182128281.25,-32.29861
1182128437.5,-32.30485
1182128593.75,-32.29949
1182128750.0,-32.30548
1182128906.25,-32.30389
1182129062.5,-32.30331
1182129218.75,-32.30738
1182129375.0,-32.30755
1182129531.25,-32.30982
1182129687.5,-32.31543
1182129843.75,-32.3115
1182130000.0,-32.31308
1182130156.25,-32.31314
1182130312.5,-32.32
1182130468.75,-32.32585
1182130625.0,-32.31671
1182130781.25,-32.3201
1182130937.5,-32.32744
1182131093.75,-32.33189
1182131250.0,-32.32341
1182131406.25,-32.33019
1182131562.5,-32.33266
1182131718.75,-32.33223
1182131875.0,-32.33368
1182132031.25,-32.33389
1182132187.5,-32.3378
1182132343.75,-32.33985
1182132500.0,-32.33634
1182132656.25,-32.33877
1182132812.5,-32.34529
1182132968.75,-32.34754
1182133125.0,-32.34306
1182133281.25,-32.35403
1182133437.5,-32.34648
1182133593.75,-32.35202
1182133750.0,-32.35876
1182133906.25,-32.35732
1182134062.5,-32.35936
1182134218.75,-32.35537
1182134375.0,-32.36152
1182134531.25,-32.36482
1182134687.5,-32.36866
1182134843.75,-32.37017
1182135000.0,-32.35994
1182135156.25,-32.36185
1182135312.5,-32.36168
1182135468.75,-32.36585
1182135625.0,-32.37591
1182135781.25,-32.37207
1182135937.5,-32.37379
1182136093.75,-32.38143
1182136250.0,-32.38068
1182136406.25,-32.38529
1182136562.5,-32.385
1182136718.75,-32.37707
1182136875.0,-32.38748
1182137031.25,-32.38249
1182137187.5,-32.38412
1182137343.75,-32.40199
1182137500.0,-32.38686
1182137656.25,-32.39404
1182137812.5,-32.39125
1182137968.75,-32.39284
1182138125.0,-32.40384
1182138281.25,-32.39954
1182138437.5,-32.40496
1182138593.75,-32.40304
1182138750.0,-32.40083
1182138906.25,-32.4069
1182139062.5,-32.40128
1182139218.75,-32.40875
1182139375.0,-32.414
1182139531.25,-32.41436
1182139687.5,-32.41072
1182139843.75,-32.41447
1182140000.0,-32.41977
1182140156.25,-32.4192
1182140312.5,-32.42039
1182140468.75,-32.42478
1182140625.0,-32.42646
1182140781.25,-32.42448
1182140937.5,-32.42916
1182141093.75,-32.43041
1182141250.0,-32.44157
1182141406.25,-32.43727
1182141562.5,-32.43155
1182141718.75,-32.4401
1182141875.0,-32.43504
1182142031.25,-32.44233
1182142187.5,-32.42813
1182142343.75,-32.43562
1182142500.0,-32.44821
1182142656.25,-32.44753
1182142812.5,-32.4452
1182142968.75,-32.44475
1182143125.0,-32.44817
1182143281.25,-32.44934
1182143437.5,-32.45712
1182143593.75,-32.4482
1182143750.0,-32.45757
1182143906.25,-32.46803
1182144062.5,-32.45953
1182144218.75,-32.4637
1182144375.0,-32.45601
1182144531.25,-32.46977
1182144687.5,-32.47081
1182144843.75,-32.46411
1182145000.0,-32.46293
1182145156.25,-32.47538
1182145312.5,-32.47499
1182145468.75,-32.47618
1182145625.0,-32.47963
1182145781.25,-32.47417
1182145937.5,-32.4839
1182146093.75,-32.48398
1182146250.0,-32.48116
1182146406.25,-32.48475
1182146562.5,-32.4828
1182146718.75,-32.48444
1182146875.0,-32.48968
1182147031.25,-32.49071
1182147187.5,-32.48926
1182147343.75,-32.48455
1182147500.0,-32.49167
1182147656.25,-32.49351
1182147812.5,-32.49915
1182147968.75,-32.49885
1182148125.0,-32.50801
1182148281.25,-32.49958
1182148437.5,-32.50454
1182148593.75,-32.50771
1182148750.0,-32.50743
1182148906.25,-32.49855
1182149062.5,-32.51434
1182149218.75,-32.51521
1182149375.0,-32.5172
1182149531.25,-32.51503
1182149687.5,-32.51803
1182149843.75,-32.51781
1182150000.0,-32.51691
1182150156.25,-32.52563
1182150312.5,-32.52219
1182150468.75,-32.51978
1182150625.0,-32.52695
1182150781.25,-32.52373
1182150937.5,-32.53836
1182151093.75,-32.53081
1182151250.0,-32.53645
1182151406.25,-32.52982
1182151562.5,-32.53531
1182151718.75,-32.53649
1182151875.0,-32.53662
1182152031.25,-32.54021
1182152187.5,-32.5419
1182152343.75,-32.54156
1182152500.0,-32.54594
1182152656.25,-32.54184
1182152812.5,-32.55317
1182152968.75,-32.54905
1182153125.0,-32.55169
1182153281.25,-32.55231
1182153437.5,-32.56409
1182153593.75,-32.56168
1182153750.0,-32.55672
1182153906.25,-32.55855
1182154062.5,-32.5514
1182154218.75,-32.56332
1182154375.0,-32.56883
1182154531.25,-32.57209
1182154687.5,-32.56644
1182154843.75,-32.56732
1182155000.0,-32.56961
1182155156.25,-32.56964
1182155312.5,-32.57242
1182155468.75,-32.57359
1182155625.0,-32.57433
1182155781.25,-32.58101
1182155937.5,-32.57865
1182156093.75,-32.58435
1182156250.0,-32.58337
1182156406.25,-32.58342
1182156562.5,-32.58419
1182156718.75,-32.58717
1182156875.0,-32.58289
1182157031.25,-32.59008
1182157187.5,-32.59393
1182157343.75,-32.59029
1182157500.0,-32.59555
1182157656.25,-32.59828
1182157812.5,-32.60523
1182157968.75,-32.59951
1182158125.0,-32.60432
1182158281.25,-32.59692
1182158437.5,-32.60264
1182158593.75,-32.61028
1182158750.0,-32.60423
1182158906.25,-32.60934
1182159062.5,-32.6124
1182159218.75,-32.61183
1182159375.0,-32.60887
1182159531.25,-32.61319
1182159687.5,-32.60973
1182159843.75,-32.61226
1182160000.0,-32.62172
1182160156.25,-32.62264
1182160312.5,-32.62424
1182160468.75,-32.62668
1182160625.0,-32.62687
1182160781.25,-32.62537
1182160937.5,-32.6321
1182161093.75,-32.63567
1182161250.0,-32.62806
1182161406.25,-32.63148
1182161562.5,-32.63711
1182161718.75,-32.63683
1182161875.0,-32.63855
1182162031.25,-32.63791
1182162187.5,-32.64132
1182162343.75,-32.63371
1182162500.0,-32.64206
1182162656.25,-32.64659
1182162812.5,-32.64695
1182162968.75,-32.65173
1182163125.0,-32.65453
1182163281.25,-32.65248
1182163437.5,-32.65161
1182163593.75,-32.66156
1182163750.0,-32.65656
1182163906.25,-32.6676
1182164062.5,-32.66439
1182164218.75,-32.67311
1182164375.0,-32.66488
1182164531.25,-32.66582
1182164687.5,-32.66321
1182164843.75,-32.66388
1182165000.0,-32.6745
1182165156.25,-32.67271
1182165312.5,-32.67214
1182165468.75,-32.67731
1182165625.0,-32.68345
1182165781.25,-32.67662
1182165937.5,-32.67683
1182166093.75,-32.68361
1182166250.0,-32.68153
1182166406.25,-32.68592
1182166562.5,-32.6838
1182166718.75,-32.68382
1182166875.0,-32.68708
1182167031.25,-32.69302
1182167187.5,-32.69178
1182167343.75,-32.69021
1182167500.0,-32.69167
1182167656.25,-32.69196
1182167812.5,-32.69446
1182167968.75,-32.70216
1182168125.0,-32.69783
1182168281.25,-32.70791
1182168437.5,-32.69878
1182168593.75,-32.70236
1182168750.0,-32.70754
1182168906.25,-32.70581
1182169062.5,-32.70635
1182169218.75,-32.71042
1182169375.0,-32.71122
1182169531.25,-32.71104
1182169687.5,-32.71727
1182169843.75,-32.72025
1182170000.0,-32.72686
1182170156.25,-32.71944
1182170312.5,-32.72197
1182170468.75,-32.7332
1182170625.0,-32.72313
1182170781.25,-32.73087
1182170937.5,-32.7272
1182171093.75,-32.7327
1182171250.0,-32.73075
1182171406.25,-32.73
1182171562.5,-32.73051
1182171718.75,-32.74086
1182171875.0,-32.73704
1182172031.25,-32.74254
1182172187.5,-32.74996
1182172343.75,-32.74116
1182172500.0,-32.74636
1182172656.25,-32.7527
1182172812.5,-32.74798
1182172968.75,-32.7522
1182173125.0,-32.75385
1182173281.25,-32.75503
1182173437.5,-32.76389
1182173593.75,-32.75527
1182173750.0,-32.7599
1182173906.25,-32.76377
1182174062.5,-32.76502
1182174218.75,-32.76797
1182174375.0,-32.75796
1182174531.25,-32.77322
1182174687.5,-32.77528
1182174843.75,-32.7671
1182175000.0,-32.7663
1182175156.25,-32.77896
1182175312.5,-32.77474
1182175468.75,-32.77206
1182175625.0,-32.77879
1182175781.25,-32.77311
1182175937.5,-32.78926
1182176093.75,-32.77893
1182176250.0,-32.77911
1182176406.25,-32.78991
1182176562.5,-32.78765
1182176718.75,-32.78349
1182176875.0,-32.7885
1182177031.25,-32.7937
1182177187.5,-32.80018
1182177343.75,-32.78681
1182177500.0,-32.79283
1182177656.25,-32.80522
1182177812.5,-32.79224
1182177968.75,-32.79903
1182178125.0,-32.80247
1182178281.25,-32.80826
1182178437.5,-32.801
1182178593.75,-32.80865
1182178750.0,-32.80611
1182178906.25,-32.80804
1182179062.5,-32.80802
1182179218.75,-32.81125
1182179375.0,-32.80787
1182179531.25,-32.81124
1182179687.5,-32.81928
1182179843.75,-32.8127
1182180000.0,-32.81424
1182180156.25,-32.81795
1182180312.5,-32.82143
1182180468.75,-32.82571
1182180625.0,-32.82589
1182180781.25,-32.82026
1182180937.5,-32.82536
1182181093.75,-32.8297
1182181250.0,-32.83096
1182181406.25,-32.83377
1182181562.5,-32.82906
1182181718.75,-32.82773
1182181875.0,-32.83141
1182182031.25,-32.83885
1182182187.5,-32.83487
1182182343.75,-32.85077
1182182500.0,-32.84222
1182182656.25,-32.84779
1182182812.5,-32.84423
1182182968.75,-32.85397
1182183125.0,-32.85036
1182183281.25,-32.84588
1182183437.5,-32.85153
1182183593.75,-32.86129
1182183750.0,-32.8647
1182183906.25,-32.85355
1182184062.5,-32.85173
1182184218.75,-32.85797
1182184375.0,-32.8646
1182184531.25,-32.86813
1182184687.5,-32.8647
1182184843.75,-32.86364
1182185000.0,-32.86708
1182185156.25,-32.86954
1182185312.5,-32.868
1182185468.75,-32.88164
1182185625.0,-32.87576
1182185781.25,-32.88026
1182185937.5,-32.87801
1182186093.75,-32.88115
1182186250.0,-32.87824
1182186406.25,-32.8788
1182186562.5,-32.88955
1182186718.75,-32.88258
1182186875.0,-32.8873
1182187031.25,-32.88474
1182187187.5,-32.88745
1182187343.75,-32.8949
1182187500.0,-32.89833
1182187656.25,-32.89958
1182187812.5,-32.8951
1182187968.75,-32.8956
1182188125.0,-32.90355
1182188281.25,-32.89976
1182188437.5,-32.89825
1182188593.75,-32.89661
1182188750.0,-32.90738
1182188906.25,-32.90403
1182189062.5,-32.90592
1182189218.75,-32.91544
1182189375.0,-32.90996
1182189531.25,-32.91354
1182189687.5,-32.91553
1182189843.75,-32.91824
1182190000.0,-32.91985
1182190156.25,-32.91585
1182190312.5,-32.91793
1182190468.75,-32.9246
1182190625.0,-32.91888
1182190781.25,-32.92212
1182190937.5,-32.9239
1182191093.75,-32.93313
1182191250.0,-32.92628
1182191406.25,-32.92963
1182191562.5,-32.93518
1182191718.75,-32.93502
1182191875.0,-32.93308
1182192031.25,-32.93647
1182192187.5,-32.94393
1182192343.75,-32.93797
1182192500.0,-32.93649
1182192656.25,-32.94883
1182192812.5,-32.94568
1182192968.75,-32.93964
1182193125.0,-32.94987
1182193281.25,-32.94891
1182193437.5,-32.9452
1182193593.75,-32.95011
1182193750.0,-32.94543
1182193906.25,-32.96024
1182194062.5,-32.95633
1182194218.75,-32.95752
1182194375.0,-32.94999
1182194531.25,-32.95385
1182194687.5,-32.95887
1182194843.75,-32.95725
1182195000.0,-32.96885
1182195156.25,-32.96109
1182195312.5,-32.96674
1182195468.75,-32.96645
1182195625.0,-32.97514
1182195781.25,-32.9715
1182195937.5,-32.97117
1182196093.75,-32.97898
1182196250.0,-32.97319
1182196406.25,-32.97856
1182196562.5,-32.9882
1182196718.75,-32.98301
1182196875.0,-32.98728
1182197031.25,-32.98534
1182197187.5,-32.98615
1182197343.75,-32.98525
1182197500.0,-32.99723
1182197656.25,-32.99343
1182197812.5,-32.99084
1182197968.75,-32.98847
1182198125.0,-32.99629
1182198281.25,-33.00028
1182198437.5,-32.99485
1182198593.75,-33.00807
1182198750.0,-33.00173
1182198906.25,-33.00129
1182199062.5,-32.99733
1182199218.75,-33.00951
1182199375.0,-33.00433
1182199531.25,-33.00677
1182199687.5,-33.00937
1182199843.75,-33.00903
1182200000.0,-33.01128
1182200156.25,-33.00954
1182200312.5,-33.01318
1182200468.75,-33.01013
1182200625.0,-33.02533
1182200781.25,-33.01459
1182200937.5,-33.02582
1182201093.75,-33.02242
1182201250.0,-33.02937
1182201406.25,-33.02827
1182201562.5,-33.03181
1182201718.75,-33.02584
1182201875.0,-33.02457
1182202031.25,-33.02643
1182202187.5,-33.03316
1182202343.75,-33.03923
1182202500.0,-33.03883
1182202656.25,-33.04008
1182202812.5,-33.03966
1182202968.75,-33.04105
1182203125.0,-33.04741
1182203281.25,-33.04131
1182203437.5,-33.04628
1182203593.75,-33.03692
1182203750.0,-33.04189
1182203906.25,-33.05572
1182204062.5,-33.04236
1182204218.75,-33.05769
1182204375.0,-33.06096
1182204531.25,-33.05791
1182204687.5,-33.05443
1182204843.75,-33.05823
1182205000.0,-33.06255
1182205156.25,-33.05923
1182205312.5,-33.07121
1182205468.75,-33.07116
1182205625.0,-33.06434
1182205781.25,-33.05518
1182205937.5,-33.07227
1182206093.75,-33.06692
1182206250.0,-33.07025
1182206406.25,-33.07674
1182206562.5,-33.07853
1182206718.75,-33.07527
1182206875.0,-33.08461
1182207031.25,-33.07222
1182207187.5,-33.08406
1182207343.75,-33.08184
1182207500.0,-33.08612
1182207656.25,-33.09078
1182207812.5,-33.08436
1182207968.75,-33.08848
1182208125.0,-33.08755
1182208281.25,-33.09017
1182208437.5,-33.09107
1182208593.75,-33.09436
1182208750.0,-33.09312
1182208906.25,-33.10051
1182209062.5,-33.09988
1182209218.75,-33.09941
1182209375.0,-33.10055
1182209531.25,-33.11533
1182209687.5,-33.10263
1182209843.75,-33.1068
1182210000.0,-33.11643
1182210156.25,-33.11173
1182210312.5,-33.1163
1182210468.75,-33.10787
1182210625.0,-33.11209
1182210781.25,-33.1186
1182210937.5,-33.11424
1182211093.75,-33.11966
1182211250.0,-33.11869
1182211406.25,-33.12169
1182211562.5,-33.12506
1182211718.75,-33.12881
1182211875.0,-33.12355
1182212031.25,-33.12432
1182212187.5,-33.12595
1182212343.75,-33.1362
1182212500.0,-33.12881
1182212656.25,-33.13565
1182212812.5,-33.1396
1182212968.75,-33.12597
1182213125.0,-33.13815
1182213281.25,-33.13946
1182213437.5,-33.14288
1182213593.75,-33.13593
1182213750.0,-33.15487
1182213906.25,-33.14218
1182214062.5,-33.14919
1182214218.75,-33.15206
1182214375.0,-33.15456
1182214531.25,-33.15523
1182214687.5,-33.1454
1182214843.75,-33.15845
1182215000.0,-33.15339
1182215156.25,-33.14967
1182215312.5,-33.16012
1182215468.75,-33.15822
1182215625.0,-33.15487
1182215781.25,-33.16602
1182215937.5,-33.16458
1182216093.75,-33.15865
1182216250.0,-33.17028
1182216406.25,-33.16015
1182216562.5,-33.17068
1182216718.75,-33.16975
1182216875.0,-33.17387
1182217031.25,-33.17649
1182217187.5,-33.17051
1182217343.75,-33.17443
1182217500.0,-33.17698
1182217656.25,-33.17389
1182217812.5,-33.18448
1182217968.75,-33.18253
1182218125.0,-33.18991
1182218281.25,-33.18353
1182218437.5,-33.18242
1182218593.75,-33.19075
1182218750.0,-33.19548
1182218906.25,-33.19816
1182219062.5,-33.18619
1182219218.75,-33.19748
1182219375.0,-33.19777
1182219531.25,-33.20349
1182219687.5,-33.19633
1182219843.75,-33.19703
1182220000.0,-33.2114
1182220156.25,-33.20698
1182220312.5,-33.20663
1182220468.75,-33.20868
1182220625.0,-33.20226
1182220781.25,-33.20728
1182220937.5,-33.21107
1182221093.75,-33.2193
1182221250.0,-33.20985
1182221406.25,-33.21601
1182221562.5,-33.21128
1182221718.75,-33.22099
1182221875.0,-33.21543
1182222031.25,-33.23115
1182222187.5,-33.22577
1182222343.75,-33.22621
1182222500.0,-33.23265
1182222656.25,-33.21999
1182222812.5,-33.2335
1182222968.75,-33.23122
1182223125.0,-33.24004
1182223281.25,-33.23755
1182223437.5,-33.23475
1182223593.75,-33.23439
1182223750.0,-33.23664
1182223906.25,-33.24233
1182224062.5,-33.24371
1182224218.75,-33.23848
1182224375.0,-33.24092
1182224531.25,-33.24754
1182224687.5,-33.24406
1182224843.75,-33.24347
1182225000.0,-33.2498
1182225156.25,-33.24249
1182225312.5,-33.2557
1182225468.75,-33.26422
1182225625.0,-33.25528
1182225781.25,-33.25421
1182225937.5,-33.25828
1182226093.75,-33.25484
1182226250.0,-33.26163
1182226406.25,-33.25895
1182226562.5,-33.27081
1182226718.75,-33.26797
1182226875.0,-33.26602
1182227031.25,-33.26744
1182227187.5,-33.27174
1182227343.75,-33.27627
1182227500.0,-33.27496
1182227656.25,-33.27538
1182227812.5,-33.27491
1182227968.75,-33.28089
1182228125.0,-33.26953
1182228281.25,-33.27985
1182228437.5,-33.27786
1182228593.75,-33.27782
1182228750.0,-33.28437
1182228906.25,-33.28633
1182229062.5,-33.28494
1182229218.75,-33.28507
1182229375.0,-33.29013
1182229531.25,-33.28608
1182229687.5,-33.29308
1182229843.75,-33.29786
1182230000.0,-33.29568
1182230156.25,-33.29614
1182230312.5,-33.29524
1182230468.75,-33.29524
1182230625.0,-33.29897
1182230781.25,-33.30534
1182230937.5,-33.31276
1182231093.75,-33.30718
1182231250.0,-33.29909
1182231406.25,-33.30542
1182231562.5,-33.31247
1182231718.75,-33.31338
1182231875.0,-33.31713
1182232031.25,-33.31726
1182232187.5,-33.30999
1182232343.75,-33.31771
1182232500.0,-33.31543
1182232656.25,-33.3165
1182232812.5,-33.33006
1182232968.75,-33.31625
1182233125.0,-33.32045
1182233281.25,-33.32637
1182233437.5,-33.32922
1182233593.75,-33.33017
1182233750.0,-33.33524
1182233906.25,-33.33853
1182234062.5,-33.32878
1182234218.75,-33.33767
1182234375.0,-33.3398
1182234531.25,-33.33487
1182234687.5,-33.34224
1182234843.75,-33.33301
1182235000.0,-33.33932
1182235156.25,-33.34289
1182235312.5,-33.34644
1182235468.75,-33.34954
1182235625.0,-33.35139
1182235781.25,-33.34661
1182235937.5,-33.34593
1182236093.75,-33.355
1182236250.0,-33.35329
1182236406.25,-33.35732
1182236562.5,-33.35427
1182236718.75,-33.36351
1182236875.0,-33.35789
1182237031.25,-33.36476
1182237187.5,-33.35208
1182237343.75,-33.36713
1182237500.0,-33.36514
1182237656.25,-33.35657
1182237812.5,-33.3679
1182237968.75,-33.37334
1182238125.0,-33.37323
1182238281.25,-33.38009
1182238437.5,-33.37434
1182238593.75,-33.37717
1182238750.0,-33.38506
1182238906.25,-33.37992
1182239062.5,-33.37554
1182239218.75,-33.38235
1182239375.0,-33.37939
1182239531.25,-33.38689
1182239687.5,-33.38311
1182239843.75,-33.3935
1182240000.0,-33.38453
1182240156.25,-33.39297
1182240312.5,-33.38295
1182240468.75,-33.4022
1182240625.0,-33.3968
1182240781.25,-33.3894
1182240937.5,-33.39643
1182241093.75,-33.40117
1182241250.0,-33.39872
1182241406.25,-33.40287
1182241562.5,-33.39788
1182241718.75,-33.3998
1182241875.0,-33.40695
1182242031.25,-33.40556
1182242187.5,-33.41016
1182242343.75,-33.40782
1182242500.0,-33.41299
1182242656.25,-33.40721
1182242812.5,-33.41824
1182242968.75,-33.4178
1182243125.0,-33.41373
1182243281.25,-33.42138
1182243437.5,-33.41211
1182243593.75,-33.41906
1182243750.0,-33.42344
1182243906.25,-33.42692
1182244062.5,-33.42131
1182244218.75,-33.41787
1182244375.0,-33.43067
1182244531.25,-33.42658
1182244687.5,-33.42902
1182244843.75,-33.44257
1182245000.0,-33.43331
1182245156.25,-33.43241
1182245312.5,-33.44221
1182245468.75,-33.43716
1182245625.0,-33.43887
1182245781.25,-33.43762
1182245937.5,-33.43725
1182246093.75,-33.45059
1182246250.0,-33.44669
1182246406.25,-33.44465
1182246562.5,-33.44716
1182246718.75,-33.45284
1182246875.0,-33.44795
1182247031.25,-33.45604
1182247187.5,-33.44693
1182247343.75,-33.45527
1182247500.0,-33.45436
1182247656.25,-33.45634
1182247812.5,-33.46155
1182247968.75,-33.45278
1182248125.0,-33.46262
1182248281.25,-33.46458
1182248437.5,-33.45842
1182248593.75,-33.45984
1182248750.0,-33.47259
1182248906.25,-33.47637
1182249062.5,-33.47109
1182249218.75,-33.47224
1182249375.0,-33.4688
1182249531.25,-33.46641
1182249687.5,-33.47306
1182249843.75,-33.47403
1182250000.0,-33.4795
1182250156.25,-33.48285
1182250312.5,-33.48021
1182250468.75,-33.4863
1182250625.0,-33.48829
1182250781.25,-33.4809
1182250937.5,-33.49351
1182251093.75,-33.48719
1182251250.0,-33.48697
1182251406.25,-33.48988
1182251562.5,-33.49305
1182251718.75,-33.49647
1182251875.0,-33.50148
1182252031.25,-33.49865
1182252187.5,-33.49368
1182252343.75,-33.49846
1182252500.0,-33.50239
1182252656.25,-33.50333
1182252812.5,-33.50738
1182252968.75,-33.50074
1182253125.0,-33.50534
1182253281.25,-33.50693
1182253437.5,-33.50937
1182253593.75,-33.51424
1182253750.0,-33.52058
1182253906.25,-33.51791
1182254062.5,-33.50986
1182254218.75,-33.51954
1182254375.0,-33.52156
1182254531.25,-33.51391
1182254687.5,-33.52209
1182254843.75,-33.52696
1182255000.0,-33.52103
1182255156.25,-33.5272
1182255312.5,-33.52896
1182255468.75,-33.5232
1182255625.0,-33.53188
1182255781.25,-33.5391
1182255937.5,-33.53479
1182256093.75,-33.53447
1182256250.0,-33.53063
1182256406.25,-33.52917
1182256562.5,-33.54139
1182256718.75,-33.54102
1182256875.0,-33.53088
1182257031.25,-33.54366
1182257187.5,-33.54121
1182257343.75,-33.54366
1182257500.0,-33.54214
1182257656.25,-33.55222
1182257812.5,-33.54664
1182257968.75,-33.55547
1182258125.0,-33.55173
1182258281.25,-33.56044
1182258437.5,-33.55848
1182258593.75,-33.55655
1182258750.0,-33.55582
1182258906.25,-33.55566
1182259062.5,-33.56242
1182259218.75,-33.56265
1182259375.0,-33.57341
1182259531.25,-33.57282
1182259687.5,-33.55778
1182259843.75,-33.56484
1182260000.0,-33.56644
1182260156.25,-33.56635
1182260312.5,-33.57193
1182260468.75,-33.57524
1182260625.0,-33.57927
1182260781.25,-33.57158
1182260937.5,-33.58236
1182261093.75,-33.57792
1182261250.0,-33.57972
1182261406.25,-33.58307
1182261562.5,-33.57825
1182261718.75,-33.58278
1182261875.0,-33.59048
1182262031.25,-33.58429
1182262187.5,-33.59146
1182262343.75,-33.59439
1182262500.0,-33.58708
1182262656.25,-33.59798
1182262812.5,-33.59616
1182262968.75,-33.6017
1182263125.0,-33.5859
1182263281.25,-33.60198
1182263437.5,-33.60392
1182263593.75,-33.60056
1182263750.0,-33.60197
1182263906.25,-33.60952
1182264062.5,-33.60882
1182264218.75,-33.60546
1182264375.0,-33.60575
1182264531.25,-33.60976
1182264687.5,-33.6078
1182264843.75,-33.61903
1182265000.0,-33.60563
1182265156.25,-33.61711
1182265312.5,-33.62395
1182265468.75,-33.62728
1182265625.0,-33.61176
1182265781.25,-33.61622
1182265937.5,-33.62267
1182266093.75,-33.61961
1182266250.0,-33.63351
1182266406.25,-33.62841
1182266562.5,-33.64019
1182266718.75,-33.63385
1182266875.0,-33.63607
1182267031.25,-33.63122
1182267187.5,-33.6405
1182267343.75,-33.62751
1182267500.0,-33.63395
1182267656.25,-33.63256
1182267812.5,-33.64112
1182267968.75,-33.64087
1182268125.0,-33.63757
1182268281.25,-33.64647
1182268437.5,-33.64394
1182268593.75,-33.64108
1182268750.0,-33.64948
1182268906.25,-33.64959
1182269062.5,-33.65623
1182269218.75,-33.64707
1182269375.0,-33.65162
1182269531.25,-33.65302
1182269687.5,-33.64902
1182269843.75,-33.65419
1182270000.0,-33.6581
1182270156.25,-33.65552
1182270312.5,-33.65725
1182270468.75,-33.66653
1182270625.0,-33.66622
1182270781.25,-33.66699
1182270937.5,-33.66459
1182271093.75,-33.65616
1182271250.0,-33.67133
1182271406.25,-33.67648
1182271562.5,-33.68065
1182271718.75,-33.67863
1182271875.0,-33.67558
1182272031.25,-33.68037
1182272187.5,-33.67363
1182272343.75,-33.68417
1182272500.0,-33.68587
1182272656.25,-33.68444
1182272812.5,-33.67947
1182272968.75,-33.68859
1182273125.0,-33.68122
1182273281.25,-33.68239
1182273437.5,-33.68357
1182273593.75,-33.69115
1182273750.0,-33.69982
1182273906.25,-33.69157
1182274062.5,-33.70388
1182274218.75,-33.69893
1182274375.0,-33.69356
1182274531.25,-33.715
1182274687.5,-33.71151
1182274843.75,-33.69931
1182275000.0,-33.69723
1182275156.25,-33.70117
1182275312.5,-33.71341
1182275468.75,-33.71003
1182275625.0,-33.71313
1182275781.25,-33.70307
1182275937.5,-33.70789
1182276093.75,-33.70591
1182276250.0,-33.70776
1182276406.25,-33.71091
1182276562.5,-33.72008
1182276718.75,-33.71999
1182276875.0,-33.72702
1182277031.25,-33.71992
1182277187.5,-33.72746
1182277343.75,-33.72286
1182277500.0,-33.72627
1182277656.25,-33.7274
1182277812.5,-33.72282
1182277968.75,-33.73604
1182278125.0,-33.73297
1182278281.25,-33.73343
1182278437.5,-33.74576
1182278593.75,-33.73179
1182278750.0,-33.74796
1182278906.25,-33.7417
1182279062.5,-33.7421
1182279218.75,-33.7395
1182279375.0,-33.74041
1182279531.25,-33.74481
1182279687.5,-33.74403
1182279843.75,-33.74515
1182280000.0,-33.75287
1182280156.25,-33.73956
1182280312.5,-33.74437
1182280468.75,-33.75741
1182280625.0,-33.75953
1182280781.25,-33.75177
1182280937.5,-33.74977
1182281093.75,-33.75936
1182281250.0,-33.75869
1182281406.25,-33.76172
1182281562.5,-33.7654
1182281718.75,-33.77252
1182281875.0,-33.76197
1182282031.25,-33.76779
1182282187.5,-33.76989
1182282343.75,-33.76554
1182282500.0,-33.77258
1182282656.25,-33.76652
1182282812.5,-33.78173
1182282968.75,-33.77633
1182283125.0,-33.78822
1182283281.25,-33.77682
1182283437.5,-33.77086
1182283593.75,-33.78404
1182283750.0,-33.77645
1182283906.25,-33.79178
1182284062.5,-33.7835
1182284218.75,-33.78976
1182284375.0,-33.7826
1182284531.25,-33.7882
1182284687.5,-33.78478
1182284843.75,-33.78934
1182285000.0,-33.79486
1182285156.25,-33.79129
1182285312.5,-33.79214
1182285468.75,-33.80038
1182285625.0,-33.7995
1182285781.25,-33.80934
1182285937.5,-33.79892
1182286093.75,-33.80692
1182286250.0,-33.7979
1182286406.25,-33.80087
1182286562.5,-33.80368
1182286718.75,-33.80999
1182286875.0,-33.80878
1182287031.25,-33.81244
1182287187.5,-33.80119
1182287343.75,-33.81252
1182287500.0,-33.81454
1182287656.25,-33.81154
1182287812.5,-33.81613
1182287968.75,-33.81508
1182288125.0,-33.82707
1182288281.25,-33.80934
1182288437.5,-33.82319
1182288593.75,-33.82589
1182288750.0,-33.82059
1182288906.25,-33.82733
1182289062.5,-33.82767
1182289218.75,-33.8326
1182289375.0,-33.82986
1182289531.25,-33.83752
1182289687.5,-33.83828
1182289843.75,-33.83772
1182290000.0,-33.83239
1182290156.25,-33.8358
1182290312.5,-33.84127
1182290468.75,-33.8468
1182290625.0,-33.84057
1182290781.25,-33.8457
1182290937.5,-33.85344
1182291093.75,-33.84385
1182291250.0,-33.84964
1182291406.25,-33.85085
1182291562.5,-33.85159
1182291718.75,-33.8585
1182291875.0,-33.8526
1182292031.25,-33.8516
1182292187.5,-33.85931
1182292343.75,-33.86071
1182292500.0,-33.85279
1182292656.25,-33.86043
1182292812.5,-33.86169
1182292968.75,-33.86
1182293125.0,-33.85865
1182293281.25,-33.86502
1182293437.5,-33.86157
1182293593.75,-33.87364
1182293750.0,-33.86725
1182293906.25,-33.87221
1182294062.5,-33.86879
1182294218.75,-33.87885
1182294375.0,-33.87107
1182294531.25,-33.87523
1182294687.5,-33.8774
1182294843.75,-33.88852
1182295000.0,-33.87897
1182295156.25,-33.88676
1182295312.5,-33.87466
1182295468.75,-33.87705
1182295625.0,-33.88282
1182295781.25,-33.88539
1182295937.5,-33.87948
1182296093.75,-33.89213
1182296250.0,-33.88203
1182296406.25,-33.8898
1182296562.5,-33.89062
1182296718.75,-33.89912
1182296875.0,-33.89298
1182297031.25,-33.90265
1182297187.5,-33.90305
1182297343.75,-33.89238
1182297500.0,-33.897
1182297656.25,-33.90248
1182297812.5,-33.90589
1182297968.75,-33.91557
1182298125.0,-33.91198
1182298281.25,-33.91702
1182298437.5,-33.89824
1182298593.75,-33.91022
1182298750.0,-33.90488
1182298906.25,-33.91247
1182299062.5,-33.92111
1182299218.75,-33.91366
1182299375.0,-33.90998
1182299531.25,-33.91296
1182299687.5,-33.91652
1182299843.75,-33.91772
1182300000.0,-33.93551
1182300156.25,-33.92024
1182300312.5,-33.92728
1182300468.75,-33.9327
1182300625.0,-33.91973
1182300781.25,-33.92636
1182300937.5,-33.93548
1182301093.75,-33.94129
1182301250.0,-33.93656
1182301406.25,-33.93603
1182301562.5,-33.94722
1182301718.75,-33.92902
1182301875.0,-33.94333
1182302031.25,-33.93222
1182302187.5,-33.93462
1182302343.75,-33.93919
1182302500.0,-33.95351
1182302656.25,-33.93923
1182302812.5,-33.94101
1182302968.75,-33.9538
1182303125.0,-33.95001
1182303281.25,-33.94854
1182303437.5,-33.94936
1182303593.75,-33.94767
1182303750.0,-33.95203
1182303906.25,-33.95844
1182304062.5,-33.96265
1182304218.75,-33.96355
1182304375.0,-33.95714
1182304531.25,-33.97177
1182304687.5,-33.95753
1182304843.75,-33.96152
1182305000.0,-33.96409
1182305156.25,-33.96816
1182305312.5,-33.97324
1182305468.75,-33.96812
1182305625.0,-33.96812
1182305781.25,-33.97474
1182305937.5,-33.97906
1182306093.75,-33.97726
1182306250.0,-33.98
1182306406.25,-33.97203
1182306562.5,-33.98734
1182306718.75,-33.98032
1182306875.0,-33.98143
1182307031.25,-33.98394
1182307187.5,-33.98283
1182307343.75,-33.99232
1182307500.0,-33.9816
1182307656.25,-33.99487
1182307812.5,-33.99227
1182307968.75,-33.9967
1182308125.0,-33.9986
1182308281.25,-33.98679
1182308437.5,-34.00318
1182308593.75,-33.99964
1182308750.0,-33.99641
1182308906.25,-33.99787
1182309062.5,-34.00309
1182309218.75,-34.00048
1182309375.0,-34.00579
1182309531.25,-34.0051
1182309687.5,-34.00658
1182309843.75,-34.01705
1182310000.0,-34.00403
1182310156.25,-34.00698
1182310312.5,-34.0051
1182310468.75,-34.01659
1182310625.0,-34.01083
1182310781.25,-34.00732
1182310937.5,-34.02679
1182311093.75,-34.02211
1182311250.0,-34.011
1182311406.25,-34.01851
1182311562.5,-34.01846
1182311718.75,-34.02581
1182311875.0,-34.02205
1182312031.25,-34.02921
1182312187.5,-34.02419
1182312343.75,-34.0232
1182312500.0,-34.03004
1182312656.25,-34.03489
1182312812.5,-34.03408
1182312968.75,-34.03447
1182313125.0,-34.04062
1182313281.25,-34.03582
1182313437.5,-34.03521
1182313593.75,-34.04465
1182313750.0,-34.04046
1182313906.25,-34.03551
1182314062.5,-34.05198
1182314218.75,-34.04554
1182314375.0,-34.04472
1182314531.25,-34.04293
1182314687.5,-34.04537
1182314843.75,-34.04485
1182315000.0,-34.04763
1182315156.25,-34.05586
1182315312.5,-34.05007
1182315468.75,-34.05067
1182315625.0,-34.0549
1182315781.25,-34.06404
1182315937.5,-34.06062
1182316093.75,-34.06171
1182316250.0,-34.06775
1182316406.25,-34.06784
1182316562.5,-34.06335
1182316718.75,-34.05885
1182316875.0,-34.07305
1182317031.25,-34.07185
1182317187.5,-34.07605
1182317343.75,-34.07426
1182317500.0,-34.07376
1182317656.25,-34.06765
1182317812.5,-34.08022
1182317968.75,-34.07256
1182318125.0,-34.0801
1182318281.25,-34.07911
1182318437.5,-34.07772
1182318593.75,-34.0826
1182318750.0,-34.08945
1182318906.25,-34.08285
1182319062.5,-34.08536
1182319218.75,-34.0951
1182319375.0,-34.08668
1182319531.25,-34.08951
1182319687.5,-34.09068
1182319843.75,-34.09425
1182320000.0,-34.08823
1182320156.25,-34.09871
1182320312.5,-34.08784
1182320468.75,-34.09843
1182320625.0,-34.10221
1182320781.25,-34.09232
1182320937.5,-34.099
1182321093.75,-34.10782
1182321250.0,-34.1006
1182321406.25,-34.10549
1182321562.5,-34.1018
1182321718.75,-34.10841
1182321875.0,-34.11348
1182322031.25,-34.10221
1182322187.5,-34.10848
1182322343.75,-34.10799
1182322500.0,-34.11666
1182322656.25,-34.12566
1182322812.5,-34.12183
1182322968.75,-34.12436
1182323125.0,-34.11831
1182323281.25,-34.11212
1182323437.5,-34.12455
1182323593.75,-34.12558
1182323750.0,-34.12386
1182323906.25,-34.1336
1182324062.5,-34.12374
1182324218.75,-34.13018
1182324375.0,-34.13736
1182324531.25,-34.13515
1182324687.5,-34.12753
1182324843.75,-34.13527
1182325000.0,-34.13276
1182325156.25,-34.12841
1182325312.5,-34.1358
1182325468.75,-34.13749
1182325625.0,-34.14084
1182325781.25,-34.14466
1182325937.5,-34.14759
1182326093.75,-34.14644
1182326250.0,-34.14704
1182326406.25,-34.14166
1182326562.5,-34.15199
1182326718.75,-34.15397
1182326875.0,-34.15129
1182327031.25,-34.15108
1182327187.5,-34.15371
1182327343.75,-34.16922
1182327500.0,-34.15888
1182327656.25,-34.14659
1182327812.5,-34.16702
1182327968.75,-34.16389
1182328125.0,-34.16734
1182328281.25,-34.16348
1182328437.5,-34.17101
1182328593.75,-34.17846
1182328750.0,-34.17392
1182328906.25,-34.16784
1182329062.5,-34.16202
1182329218.75,-34.17404
1182329375.0,-34.17861
1182329531.25,-34.17433
1182329687.5,-34.17604
1182329843.75,-34.18024
1182330000.0,-34.18593
1182330156.25,-34.18029
1182330312.5,-34.18722
1182330468.75,-34.18306
1182330625.0,-34.19044
1182330781.25,-34.17847
1182330937.5,-34.1794
1182331093.75,-34.19155
1182331250.0,-34.18488
1182331406.25,-34.18681
1182331562.5,-34.18773
1182331718.75,-34.18732
1182331875.0,-34.1913
1182332031.25,-34.20499
1182332187.5,-34.1973
1182332343.75,-34.20335
1182332500.0,-34.19266
1182332656.25,-34.20246
1182332812.5,-34.19756
1182332968.75,-34.20784
1182333125.0,-34.20415
1182333281.25,-34.19965
1182333437.5,-34.21043
1182333593.75,-34.20153
1182333750.0,-34.20733
1182333906.25,-34.21108
1182334062.5,-34.20919
1182334218.75,-34.22208
1182334375.0,-34.20485
1182334531.25,-34.22184
1182334687.5,-34.22031
1182334843.75,-34.22213
1182335000.0,-34.2248
1182335156.25,-34.22562
1182335312.5,-34.22466
1182335468.75,-34.22954
1182335625.0,-34.22937
1182335781.25,-34.22567
1182335937.5,-34.22321
1182336093.75,-34.24046
1182336250.0,-34.22565
1182336406.25,-34.22802
1182336562.5,-34.22404
1182336718.75,-34.23046
1182336875.0,-34.24029
1182337031.25,-34.24022
1182337187.5,-34.23415
1182337343.75,-34.2451
1182337500.0,-34.24016
1182337656.25,-34.2473
1182337812.5,-34.24312
1182337968.75,-34.23325
1182338125.0,-34.2453
1182338281.25,-34.2537
1182338437.5,-34.25429
1182338593.75,-34.24952
1182338750.0,-34.25034
1182338906.25,-34.24561
1182339062.5,-34.25439
1182339218.75,-34.2599
1182339375.0,-34.25616
1182339531.25,-34.26617
1182339687.5,-34.25569
1182339843.75,-34.26096
1182340000.0,-34.26159
1182340156.25,-34.25654
1182340312.5,-34.26572
1182340468.75,-34.26271
1182340625.0,-34.26402
1182340781.25,-34.27546
1182340937.5,-34.26699
1182341093.75,-34.26978
1182341250.0,-34.27868
1182341406.25,-34.27186
1182341562.5,-34.27711
1182341718.75,-34.28048
1182341875.0,-34.28246
1182342031.25,-34.27269
1182342187.5,-34.29045
1182342343.75,-34.28017
1182342500.0,-34.28717
1182342656.25,-34.2759
1182342812.5,-34.28262
1182342968.75,-34.28386
1182343125.0,-34.2864
1182343281.25,-34.28593
1182343437.5,-34.28524
1182343593.75,-34.29559
1182343750.0,-34.28807
1182343906.25,-34.29537
1182344062.5,-34.29706
1182344218.75,-34.29792
1182344375.0,-34.29327
1182344531.25,-34.3004
1182344687.5,-34.30011
1182344843.75,-34.29692
1182345000.0,-34.30724
1182345156.25,-34.30894
1182345312.5,-34.30159
1182345468.75,-34.3127
1182345625.0,-34.30202
1182345781.25,-34.31765
1182345937.5,-34.31222
1182346093.75,-34.30473
1182346250.0,-34.31484
1182346406.25,-34.31095
1182346562.5,-34.31029
1182346718.75,-34.31094
1182346875.0,-34.32273
1182347031.25,-34.32339
1182347187.5,-34.31829
1182347343.75,-34.33085
1182347500.0,-34.32291
1182347656.25,-34.32944
1182347812.5,-34.32679
1182347968.75,-34.32845
1182348125.0,-34.32475
1182348281.25,-34.33075
1182348437.5,-34.32953
1182348593.75,-34.32752
1182348750.0,-34.33436
1182348906.25,-34.33545
1182349062.5,-34.33941
1182349218.75,-34.34553
1182349375.0,-34.33765
1182349531.25,-34.33379
1182349687.5,-34.33359
1182349843.75,-34.34213
1182350000.0,-34.3488
1182350156.25,-34.34814
1182350312.5,-34.34906
1182350468.75,-34.35149
1182350625.0,-34.34715
1182350781.25,-34.35183
1182350937.5,-34.34819
1182351093.75,-34.36692
1182351250.0,-34.35318
1182351406.25,-34.35851
1182351562.5,-34.35761
1182351718.75,-34.36268
1182351875.0,-34.36169
1182352031.25,-34.36275
1182352187.5,-34.36908
1182352343.75,-34.36067
1182352500.0,-34.3563
1182352656.25,-34.37241
1182352812.5,-34.3678
1182352968.75,-34.36079
1182353125.0,-34.36647
1182353281.25,-34.37527
1182353437.5,-34.3798
1182353593.75,-34.36789
1182353750.0,-34.38341
1182353906.25,-34.37353
1182354062.5,-34.37299
1182354218.75,-34.37675
1182354375.0,-34.38782
1182354531.25,-34.37707
1182354687.5,-34.38345
1182354843.75,-34.39207
1182355000.0,-34.38616
1182355156.25,-34.38847
1182355312.5,-34.38164
1182355468.75,-34.39357
1182355625.0,-34.38825
1182355781.25,-34.39926
1182355937.5,-34.39176
1182356093.75,-34.39429
1182356250.0,-34.39357
1182356406.25,-34.39383
1182356562.5,-34.39683
1182356718.75,-34.40126
1182356875.0,-34.4018
1182357031.25,-34.40743
1182357187.5,-34.40691
1182357343.75,-34.40198
1182357500.0,-34.40873
1182357656.25,-34.41069
1182357812.5,-34.41117
1182357968.75,-34.4123
1182358125.0,-34.41269
1182358281.25,-34.41151
1182358437.5,-34.40834
1182358593.75,-34.4104
1182358750.0,-34.4153
1182358906.25,-34.4071
1182359062.5,-34.42381
1182359218.75,-34.41971
1182359375.0,-34.42082
1182359531.25,-34.42545
1182359687.5,-34.42589
1182359843.75,-34.42239
1182360000.0,-34.42279
1182360156.25,-34.4288
1182360312.5,-34.4367
1182360468.75,-34.43223
1182360625.0,-34.43862
1182360781.25,-34.42498
1182360937.5,-34.43395
1182361093.75,-34.43584
1182361250.0,-34.44587
1182361406.25,-34.43568
1182361562.5,-34.42999
1182361718.75,-34.44116
1182361875.0,-34.43345
1182362031.25,-34.43651
1182362187.5,-34.44938
1182362343.75,-34.4544
1182362500.0,-34.4477
1182362656.25,-34.44724
1182362812.5,-34.44779
1182362968.75,-34.45254
1182363125.0,-34.44997
1182363281.25,-34.45408
1182363437.5,-34.45325
1182363593.75,-34.4626
1182363750.0,-34.45297
1182363906.25,-34.46132
1182364062.5,-34.4626
1182364218.75,-34.46638
1182364375.0,-34.46217
1182364531.25,-34.46877
1182364687.5,-34.47189
1182364843.75,-34.46298
1182365000.0,-34.46942
1182365156.25,-34.46494
1182365312.5,-34.47648
1182365468.75,-34.47782
1182365625.0,-34.47264
1182365781.25,-34.46453
1182365937.5,-34.47697
1182366093.75,-34.47403
1182366250.0,-34.47914
1182366406.25,-34.47725
1182366562.5,-34.47202
1182366718.75,-34.48592
1182366875.0,-34.48048
1182367031.25,-34.4849
1182367187.5,-34.48976
1182367343.75,-34.48656
1182367500.0,-34.48488
1182367656.25,-34.49619
1182367812.5,-34.49071
1182367968.75,-34.50029
1182368125.0,-34.49911
1182368281.25,-34.48827
1182368437.5,-34.49749
1182368593.75,-34.48775
1182368750.0,-34.49564
1182368906.25,-34.50214
1182369062.5,-34.50287
1182369218.75,-34.49942
1182369375.0,-34.50294
1182369531.25,-34.50185
1182369687.5,-34.50816
1182369843.75,-34.50056
1182370000.0,-34.50538
1182370156.25,-34.50215
1182370312.5,-34.50974
1182370468.75,-34.51641
1182370625.0,-34.51712
1182370781.25,-34.51715
1182370937.5,-34.52381
1182371093.75,-34.52128
1182371250.0,-34.519
1182371406.25,-34.52346
1182371562.5,-34.51987
1182371718.75,-34.52923
1182371875.0,-34.52439
1182372031.25,-34.5214
1182372187.5,-34.53001
1182372343.75,-34.52347
1182372500.0,-34.53637
1182372656.25,-34.53112
1182372812.5,-34.52117
1182372968.75,-34.54075
1182373125.0,-34.54185
1182373281.25,-34.53563
1182373437.5,-34.53131
1182373593.75,-34.5422
1182373750.0,-34.53231
1182373906.25,-34.54169
1182374062.5,-34.54368
1182374218.75,-34.5378
1182374375.0,-34.5441
1182374531.25,-34.54217
1182374687.5,-34.54559
1182374843.75,-34.55357
1182375000.0,-34.55338
1182375156.25,-34.54957
1182375312.5,-34.55738
1182375468.75,-34.5438
1182375625.0,-34.55732
1182375781.25,-34.55326
1182375937.5,-34.55639
1182376093.75,-34.56175
1182376250.0,-34.56357
1182376406.25,-34.56025
1182376562.5,-34.55293
1182376718.75,-34.56333
1182376875.0,-34.55928
1182377031.25,-34.56683
1182377187.5,-34.57367
1182377343.75,-34.56744
1182377500.0,-34.5673
1182377656.25,-34.57554
1182377812.5,-34.5663
1182377968.75,-34.5678
1182378125.0,-34.57308
1182378281.25,-34.57291
1182378437.5,-34.57491
1182378593.75,-34.57922
1182378750.0,-34.58167
1182378906.25,-34.56403
1182379062.5,-34.58979
1182379218.75,-34.5827
1182379375.0,-34.58565
1182379531.25,-34.59409
1182379687.5,-34.58383
1182379843.75,-34.58743
1182380000.0,-34.59523
1182380156.25,-34.58455
1182380312.5,-34.60192
1182380468.75,-34.58216
1182380625.0,-34.59971
1182380781.25,-34.59122
1182380937.5,-34.5914
1182381093.75,-34.59401
1182381250.0,-34.59486
1182381406.25,-34.60353
1182381562.5,-34.60777
1182381718.75,-34.60943
1182381875.0,-34.59906
1182382031.25,-34.59983
1182382187.5,-34.61131
1182382343.75,-34.60956
1182382500.0,-34.60466
1182382656.25,-34.62107
1182382812.5,-34.61361
1182382968.75,-34.61514
1182383125.0,-34.61855
1182383281.25,-34.61211
1182383437.5,-34.61741
1182383593.75,-34.63314
1182383750.0,-34.62249
1182383906.25,-34.63116
1182384062.5,-34.61318
1182384218.75,-34.61851
1182384375.0,-34.615
1182384531.25,-34.62659
1182384687.5,-34.62303
1182384843.75,-34.61876
1182385000.0,-34.61991
1182385156.25,-34.62634
1182385312.5,-34.61719
1182385468.75,-34.63996
1182385625.0,-34.62753
1182385781.25,-34.63125
1182385937.5,-34.63694
1182386093.75,-34.63609
1182386250.0,-34.64291
1182386406.25,-34.64445
1182386562.5,-34.64893
1182386718.75,-34.65335
1182386875.0,-34.64483
1182387031.25,-34.64692
1182387187.5,-34.65479
1182387343.75,-34.64591
1182387500.0,-34.64305
1182387656.25,-34.65826
1182387812.5,-34.65677
1182387968.75,-34.64855
1182388125.0,-34.65582
1182388281.25,-34.6671
1182388437.5,-34.65825
1182388593.75,-34.65442
1182388750.0,-34.65353
1182388906.25,-34.66461
1182389062.5,-34.66516
1182389218.75,-34.6542
1182389375.0,-34.66027
1182389531.25,-34.6603
1182389687.5,-34.67063
1182389843.75,-34.66944
1182390000.0,-34.66829
1182390156.25,-34.66577
1182390312.5,-34.67243
1182390468.75,-34.67837
1182390625.0,-34.67844
1182390781.25,-34.67461
1182390937.5,-34.6809
1182391093.75,-34.6733
1182391250.0,-34.68689
1182391406.25,-34.68313
1182391562.5,-34.68536
1182391718.75,-34.69291
1182391875.0,-34.67929
1182392031.25,-34.68351
1182392187.5,-34.67428
1182392343.75,-34.69287
1182392500.0,-34.69911
1182392656.25,-34.68516
1182392812.5,-34.69188
1182392968.75,-34.69402
1182393125.0,-34.6982
1182393281.25,-34.69538
1182393437.5,-34.69547
1182393593.75,-34.68748
1182393750.0,-34.69986
1182393906.25,-34.70326
1182394062.5,-34.69937
1182394218.75,-34.70344
1182394375.0,-34.69707
1182394531.25,-34.7048
1182394687.5,-34.71129
1182394843.75,-34.70987
1182395000.0,-34.712
1182395156.25,-34.70638
1182395312.5,-34.71155
1182395468.75,-34.71515
1182395625.0,-34.71556
1182395781.25,-34.71307
1182395937.5,-34.71626
1182396093.75,-34.71555
1182396250.0,-34.71587
1182396406.25,-34.71532
1182396562.5,-34.72113
1182396718.75,-34.7244
1182396875.0,-34.73123
1182397031.25,-34.73415
1182397187.5,-34.72372
1182397343.75,-34.72607
1182397500.0,-34.72586
1182397656.25,-34.73094
1182397812.5,-34.72861
1182397968.75,-34.73954
1182398125.0,-34.73867
1182398281.25,-34.73399
1182398437.5,-34.73825
1182398593.75,-34.7266
1182398750.0,-34.73396
1182398906.25,-34.74713
1182399062.5,-34.74503
1182399218.75,-34.74933
1182399375.0,-34.74234
1182399531.25,-34.75933
1182399687.5,-34.74804
1182399843.75,-34.74911
1182400000.0,-34.74636
1182400156.25,-34.7464
1182400312.5,-34.75739
1182400468.75,-34.75127
1182400625.0,-34.75972
1182400781.25,-34.75894
1182400937.5,-34.74804
1182401093.75,-34.74863
1182401250.0,-34.76651
1182401406.25,-34.7697
1182401562.5,-34.75915
1182401718.75,-34.75279
1182401875.0,-34.76076
1182402031.25,-34.76931
1182402187.5,-34.76965
1182402343.75,-34.76377
1182402500.0,-34.77611
1182402656.25,-34.77109
1182402812.5,-34.77372
1182402968.75,-34.77156
1182403125.0,-34.7742
1182403281.25,-34.77388
1182403437.5,-34.77855
1182403593.75,-34.78521
1182403750.0,-34.77678
1182403906.25,-34.7753
1182404062.5,-34.77894
1182404218.75,-34.77996
1182404375.0,-34.78012
1182404531.25,-34.77931
1182404687.5,-34.78924
1182404843.75,-34.78298
1182405000.0,-34.78147
1182405156.25,-34.78811
1182405312.5,-34.7837
1182405468.75,-34.78806
1182405625.0,-34.79493
1182405781.25,-34.79464
1182405937.5,-34.79453
1182406093.75,-34.79573
1182406250.0,-34.7952
1182406406.25,-34.79731
1182406562.5,-34.80638
1182406718.75,-34.80283
1182406875.0,-34.79541
1182407031.25,-34.80579
1182407187.5,-34.79976
1182407343.75,-34.80102
1182407500.0,-34.81059
1182407656.25,-34.80677
1182407812.5,-34.81525
1182407968.75,-34.81511
1182408125.0,-34.81073
1182408281.25,-34.8139
1182408437.5,-34.8109
1182408593.75,-34.80893
1182408750.0,-34.82223
1182408906.25,-34.82545
1182409062.5,-34.812
1182409218.75,-34.81562
1182409375.0,-34.81964
1182409531.25,-34.82847
1182409687.5,-34.8257
1182409843.75,-34.8215
1182410000.0,-34.83226
1182410156.25,-34.82271
1182410312.5,-34.83632
1182410468.75,-34.82999
1182410625.0,-34.84191
1182410781.25,-34.83465
1182410937.5,-34.84115
1182411093.75,-34.84362
1182411250.0,-34.84326
1182411406.25,-34.84317
1182411562.5,-34.8424
1182411718.75,-34.84319
1182411875.0,-34.83506
1182412031.25,-34.85015
1182412187.5,-34.83971
1182412343.75,-34.84414
1182412500.0,-34.84843
1182412656.25,-34.84463
1182412812.5,-34.84126
1182412968.75,-34.84351
1182413125.0,-34.83996
1182413281.25,-34.86219
1182413437.5,-34.85168
1182413593.75,-34.85093
1182413750.0,-34.85389
1182413906.25,-34.85898
1182414062.5,-34.86618
1182414218.75,-34.85628
1182414375.0,-34.86776
1182414531.25,-34.86249
1182414687.5,-34.85585
1182414843.75,-34.86542
1182415000.0,-34.87472
1182415156.25,-34.87057
1182415312.5,-34.87542
1182415468.75,-34.85914
1182415625.0,-34.86171
1182415781.25,-34.86252
1182415937.5,-34.88025
1182416093.75,-34.87941
1182416250.0,-34.87262
1182416406.25,-34.88118
1182416562.5,-34.87455
1182416718.75,-34.88438
1182416875.0,-34.88074
1182417031.25,-34.87872
1182417187.5,-34.88059
1182417343.75,-34.88571
1182417500.0,-34.87126
1182417656.25,-34.88253
1182417812.5,-34.89742
1182417968.75,-34.88456
1182418125.0,-34.88046
1182418281.25,-34.89729
1182418437.5,-34.89442
1182418593.75,-34.88537
1182418750.0,-34.90346
1182418906.25,-34.89211
1182419062.5,-34.89958
1182419218.75,-34.88692
1182419375.0,-34.90586
1182419531.25,-34.90085
1182419687.5,-34.90751
1182419843.75,-34.90797
1182420000.0,-34.90186
1182420156.25,-34.90982
1182420312.5,-34.90345
1182420468.75,-34.90788
1182420625.0,-34.91165
1182420781.25,-34.9077
1182420937.5,-34.90825
1182421093.75,-34.9173
1182421250.0,-34.91598
1182421406.25,-34.90608
1182421562.5,-34.92401
1182421718.75,-34.91675
1182421875.0,-34.90707
1182422031.25,-34.92657
1182422187.5,-34.91528
1182422343.75,-34.91581
1182422500.0,-34.91875
1182422656.25,-34.928
1182422812.5,-34.92737
1182422968.75,-34.9305
1182423125.0,-34.92735
1182423281.25,-34.93722
1182423437.5,-34.9338
1182423593.75,-34.93829
1182423750.0,-34.93624
1182423906.25,-34.93961
1182424062.5,-34.93547
1182424218.75,-34.93803
1182424375.0,-34.93978
1182424531.25,-34.94326
1182424687.5,-34.94048
1182424843.75,-34.93372
1182425000.0,-34.95309
1182425156.25,-34.94164
1182425312.5,-34.94606
1182425468.75,-34.94793
1182425625.0,-34.9413
1182425781.25,-34.94998
1182425937.5,-34.95761
1182426093.75,-34.95447
1182426250.0,-34.95254
1182426406.25,-34.96501
1182426562.5,-34.96283
1182426718.75,-34.96009
1182426875.0,-34.95836
1182427031.25,-34.96284
1182427187.5,-34.95464
1182427343.75,-34.95727
1182427500.0,-34.96561
1182427656.25,-34.96492
1182427812.5,-34.95506
1182427968.75,-34.96749
1182428125.0,-34.96778
1182428281.25,-34.95829
1182428437.5,-34.96719
1182428593.75,-34.97307
1182428750.0,-34.97069
1182428906.25,-34.97365
1182429062.5,-34.97252
1182429218.75,-34.97733
1182429375.0,-34.96984
1182429531.25,-34.98547
1182429687.5,-34.97778
1182429843.75,-34.97603
1182430000.0,-34.97933
1182430156.25,-34.98798
1182430312.5,-34.98518
1182430468.75,-34.98994
1182430625.0,-34.9999
1182430781.25,-34.98383
1182430937.5,-34.99102
1182431093.75,-34.99142
1182431250.0,-34.99406
1182431406.25,-34.99688
1182431562.5,-34.98499
1182431718.75,-34.991
1182431875.0,-34.99666
1182432031.25,-35.00165
1182432187.5,-34.99493
1182432343.75,-35.00725
1182432500.0,-35.00328
1182432656.25,-34.99183
1182432812.5,-35.00636
1182432968.75,-34.99638
1182433125.0,-34.999
1182433281.25,-35.0047
1182433437.5,-35.00487
1182433593.75,-35.00273
1182433750.0,-35.01104
1182433906.25,-35.01804
1182434062.5,-35.01015
1182434218.75,-35.00076
1182434375.0,-35.00844
1182434531.25,-35.00449
1182434687.5,-35.01104
1182434843.75,-35.02563
1182435000.0,-35.02251
1182435156.25,-35.0219
1182435312.5,-35.02387
1182435468.75,-35.01747
1182435625.0,-35.0248
1182435781.25,-35.02248
1182435937.5,-35.03849
1182436093.75,-35.02503
1182436250.0,-35.03337
1182436406.25,-35.03683
1182436562.5,-35.0266
1182436718.75,-35.03291
1182436875.0,-35.03133
1182437031.25,-35.04184
1182437187.5,-35.04069
1182437343.75,-35.03767
1182437500.0,-35.04276
1182437656.25,-35.02934
1182437812.5,-35.04813
1182437968.75,-35.04314
1182438125.0,-35.03193
1182438281.25,-35.03423
1182438437.5,-35.05759
1182438593.75,-35.05088
1182438750.0,-35.05107
1182438906.25,-35.04513
1182439062.5,-35.05398
1182439218.75,-35.05513
1182439375.0,-35.05312
1182439531.25,-35.05969
1182439687.5,-35.05127
1182439843.75,-35.0476
1182440000.0,-35.04856
1182440156.25,-35.04843
1182440312.5,-35.06902
1182440468.75,-35.05834
1182440625.0,-35.06144
1182440781.25,-35.05877
1182440937.5,-35.07402
1182441093.75,-35.06049
1182441250.0,-35.07459
1182441406.25,-35.07486
1182441562.5,-35.07173
1182441718.75,-35.07205
1182441875.0,-35.06218
1182442031.25,-35.07047
1182442187.5,-35.08543
1182442343.75,-35.08157
1182442500.0,-35.07248
1182442656.25,-35.07813
1182442812.5,-35.07501
1182442968.75,-35.08406
1182443125.0,-35.08664
1182443281.25,-35.07531
1182443437.5,-35.08096
1182443593.75,-35.07372
1182443750.0,-35.09721
1182443906.25,-35.08837
1182444062.5,-35.08931
1182444218.75,-35.08019
1182444375.0,-35.09445
1182444531.25,-35.09188
1182444687.5,-35.0913
1182444843.75,-35.0845
1182445000.0,-35.09921
1182445156.25,-35.09032
1182445312.5,-35.09768
1182445468.75,-35.10182
1182445625.0,-35.10265
1182445781.25,-35.09981
1182445937.5,-35.10173
1182446093.75,-35.11035
1182446250.0,-35.10532
1182446406.25,-35.10355
1182446562.5,-35.09557
1182446718.75,-35.10553
1182446875.0,-35.11134
1182447031.25,-35.11224
1182447187.5,-35.11949
1182447343.75,-35.10292
1182447500.0,-35.12159
1182447656.25,-35.12181
1182447812.5,-35.11181
1182447968.75,-35.10791
1182448125.0,-35.12341
1182448281.25,-35.12843
1182448437.5,-35.11209
1182448593.75,-35.11112
1182448750.0,-35.13474
1182448906.25,-35.13339
1182449062.5,-35.11818
1182449218.75,-35.12929
1182449375.0,-35.12054
1182449531.25,-35.13296
1182449687.5,-35.13382
1182449843.75,-35.12817
1182450000.0,-35.13425
1182450156.25,-35.13538
1182450312.5,-35.13579
1182450468.75,-35.12509
1182450625.0,-35.13728
1182450781.25,-35.13329
1182450937.5,-35.14427
1182451093.75,-35.1381
1182451250.0,-35.14569
1182451406.25,-35.15127
1182451562.5,-35.14273
1182451718.75,-35.15493
1182451875.0,-35.14504
1182452031.25,-35.16208
1182452187.5,-35.16282
1182452343.75,-35.15247
1182452500.0,-35.15375
1182452656.25,-35.14666
1182452812.5,-35.15688
1182452968.75,-35.15583
1182453125.0,-35.15416
1182453281.25,-35.15432
1182453437.5,-35.1606
1182453593.75,-35.15508
1182453750.0,-35.16192
1182453906.25,-35.16414
1182454062.5,-35.1603
1182454218.75,-35.17097
1182454375.0,-35.16856
1182454531.25,-35.18013
1182454687.5,-35.16813
1182454843.75,-35.17062
1182455000.0,-35.1637
1182455156.25,-35.16334
1182455312.5,-35.17347
1182455468.75,-35.16509
1182455625.0,-35.1796
1182455781.25,-35.18547
1182455937.5,-35.18317
1182456093.75,-35.18126
1182456250.0,-35.17495
1182456406.25,-35.18688
1182456562.5,-35.16989
1182456718.75,-35.18575
1182456875.0,-35.1913
1182457031.25,-35.19149
1182457187.5,-35.19528
1182457343.75,-35.20375
1182457500.0,-35.18839
1182457656.25,-35.19347
1182457812.5,-35.2032
1182457968.75,-35.18375
1182458125.0,-35.1969
1182458281.25,-35.19979
1182458437.5,-35.18546
1182458593.75,-35.19812
1182458750.0,-35.20491
1182458906.25,-35.19345
1182459062.5,-35.19664
1182459218.75,-35.19784
1182459375.0,-35.20419
1182459531.25,-35.20459
1182459687.5,-35.2238
1182459843.75,-35.20867
1182460000.0,-35.21477
1182460156.25,-35.20296
1182460312.5,-35.214
1182460468.75,-35.20983
1182460625.0,-35.21017
1182460781.25,-35.22
1182460937.5,-35.22065
1182461093.75,-35.21455
1182461250.0,-35.2178
1182461406.25,-35.22167
1182461562.5,-35.21718
1182461718.75,-35.22286
1182461875.0,-35.21529
1182462031.25,-35.22894
1182462187.5,-35.21718
1182462343.75,-35.23183
1182462500.0,-35.23659
1182462656.25,-35.23863
1182462812.5,-35.2286
1182462968.75,-35.23699
1182463125.0,-35.2255
1182463281.25,-35.23138
1182463437.5,-35.23779
1182463593.75,-35.23423
1182463750.0,-35.23677
1182463906.25,-35.24514
1182464062.5,-35.23539
1182464218.75,-35.24292
1182464375.0,-35.24664
1182464531.25,-35.24239
1182464687.5,-35.24747
1182464843.75,-35.24726
1182465000.0,-35.2476
1182465156.25,-35.24018
1182465312.5,-35.25016
1182465468.75,-35.24796
1182465625.0,-35.26176
1182465781.25,-35.25095
1182465937.5,-35.25521
1182466093.75,-35.26251
1182466250.0,-35.25429
1182466406.25,-35.25816
1182466562.5,-35.25074
1182466718.75,-35.26233
1182466875.0,-35.26038
1182467031.25,-35.25152
1182467187.5,-35.26424
1182467343.75,-35.2561
1182467500.0,-35.26332
1182467656.25,-35.27394
1182467812.5,-35.26579
1182467968.75,-35.25818
1182468125.0,-35.26917
1182468281.25,-35.28125
1182468437.5,-35.26525
1182468593.75,-35.26984
1182468750.0,-35.27351
1182468906.25,-35.27358
1182469062.5,-35.26315
1182469218.75,-35.28244
1182469375.0,-35.27503
1182469531.25,-35.27912
1182469687.5,-35.28169
1182469843.75,-35.28101
1182470000.0,-35.28278
1182470156.25,-35.27868
1182470312.5,-35.28748
1182470468.75,-35.28468
1182470625.0,-35.28739
1182470781.25,-35.29279
1182470937.5,-35.28915
1182471093.75,-35.29609
1182471250.0,-35.29916
1182471406.25,-35.29931
1182471562.5,-35.29345
1182471718.75,-35.29678
1182471875.0,-35.29542
1182472031.25,-35.29267
1182472187.5,-35.29837
1182472343.75,-35.29527
1182472500.0,-35.30238
1182472656.25,-35.3066
1182472812.5,-35.31652
1182472968.75,-35.29871
1182473125.0,-35.30427
1182473281.25,-35.31179
1182473437.5,-35.30709
1182473593.75,-35.31125
1182473750.0,-35.31445
1182473906.25,-35.30484
1182474062.5,-35.30933
1182474218.75,-35.31787
1182474375.0,-35.31369
1182474531.25,-35.30645
1182474687.5,-35.32123
1182474843.75,-35.3215
1182475000.0,-35.32115
1182475156.25,-35.33434
1182475312.5,-35.31491
1182475468.75,-35.31196
1182475625.0,-35.32995
1182475781.25,-35.3309
1182475937.5,-35.32441
1182476093.75,-35.34201
1182476250.0,-35.32993
1182476406.25,-35.33257
1182476562.5,-35.33445
1182476718.75,-35.33867
1182476875.0,-35.32917
1182477031.25,-35.34348
1182477187.5,-35.33275
1182477343.75,-35.34832
1182477500.0,-35.32995
1182477656.25,-35.33577
1182477812.5,-35.34674
1182477968.75,-35.33254
1182478125.0,-35.34146
1182478281.25,-35.34285
1182478437.5,-35.34993
1182478593.75,-35.3415
1182478750.0,-35.35431
1182478906.25,-35.3506
1182479062.5,-35.35566
1182479218.75,-35.35788
1182479375.0,-35.35348
1182479531.25,-35.36236
1182479687.5,-35.3514
1182479843.75,-35.3517
1182480000.0,-35.35548
1182480156.25,-35.35152
1182480312.5,-35.3546
1182480468.75,-35.36183
1182480625.0,-35.3525
1182480781.25,-35.36813
1182480937.5,-35.36766
1182481093.75,-35.35494
1182481250.0,-35.36658
1182481406.25,-35.36848
1182481562.5,-35.37232
1182481718.75,-35.3811
1182481875.0,-35.35975
1182482031.25,-35.36813
1182482187.5,-35.36673
1182482343.75,-35.36502
1182482500.0,-35.3904
1182482656.25,-35.3805
1182482812.5,-35.38017
1182482968.75,-35.37674
1182483125.0,-35.37487
1182483281.25,-35.38882
1182483437.5,-35.38161
1182483593.75,-35.3803
1182483750.0,-35.39397
1182483906.25,-35.38366
1182484062.5,-35.38552
1182484218.75,-35.39255
1182484375.0,-35.38541
1182484531.25,-35.40165
1182484687.5,-35.39157
1182484843.75,-35.38039
1182485000.0,-35.39012
1182485156.25,-35.40746
1182485312.5,-35.40523
1182485468.75,-35.39357
1182485625.0,-35.39252
1182485781.25,-35.40275
1182485937.5,-35.40089
1182486093.75,-35.40123
1182486250.0,-35.39609
1182486406.25,-35.39338
1182486562.5,-35.40653
1182486718.75,-35.4005
1182486875.0,-35.4062
1182487031.25,-35.40792
1182487187.5,-35.40541
1182487343.75,-35.4141
1182487500.0,-35.41686
1182487656.25,-35.41139
1182487812.5,-35.41505
1182487968.75,-35.41836
1182488125.0,-35.41774
1182488281.25,-35.41682
1182488437.5,-35.42323
1182488593.75,-35.41777
1182488750.0,-35.42171
1182488906.25,-35.41059
1182489062.5,-35.42776
1182489218.75,-35.43412
1182489375.0,-35.43376
1182489531.25,-35.43118
1182489687.5,-35.42992
1182489843.75,-35.43205
1182490000.0,-35.43633
1182490156.25,-35.43282
1182490312.5,-35.43977
1182490468.75,-35.43586
1182490625.0,-35.43435
1182490781.25,-35.43522
1182490937.5,-35.43414
1182491093.75,-35.43983
1182491250.0,-35.43066
1182491406.25,-35.44147
1182491562.5,-35.44035
1182491718.75,-35.43876
1182491875.0,-35.4353
1182492031.25,-35.44028
1182492187.5,-35.44953
1182492343.75,-35.44397
1182492500.0,-35.4477
1182492656.25,-35.45713
1182492812.5,-35.44652
1182492968.75,-35.45399
1182493125.0,-35.45411
1182493281.25,-35.45711
1182493437.5,-35.44877
1182493593.75,-35.46022
1182493750.0,-35.46285
1182493906.25,-35.45481
1182494062.5,-35.47005
1182494218.75,-35.47181
1182494375.0,-35.47023
1182494531.25,-35.46474
1182494687.5,-35.46388
1182494843.75,-35.46249
1182495000.0,-35.45176
1182495156.25,-35.47019
1182495312.5,-35.47274
1182495468.75,-35.46902
1182495625.0,-35.47732
1182495781.25,-35.48141
1182495937.5,-35.47267
1182496093.75,-35.4737
1182496250.0,-35.48329
1182496406.25,-35.47599
1182496562.5,-35.4782
1182496718.75,-35.48532
1182496875.0,-35.47435
1182497031.25,-35.47921
1182497187.5,-35.49644
1182497343.75,-35.47686
1182497500.0,-35.48876
1182497656.25,-35.48243
1182497812.5,-35.48656
1182497968.75,-35.49242
1182498125.0,-35.48595
1182498281.25,-35.481
1182498437.5,-35.49545
1182498593.75,-35.48693
1182498750.0,-35.49346
1182498906.25,-35.50063
1182499062.5,-35.49701
1182499218.75,-35.50089
1182499375.0,-35.49768
1182499531.25,-35.50697
1182499687.5,-35.50764
1182499843.75,-35.51581
1182500000.0,-35.50396
1182500156.25,-35.50161
1182500312.5,-35.50579
1182500468.75,-35.50848
1182500625.0,-35.51588
1182500781.25,-35.50465
1182500937.5,-35.51785
1182501093.75,-35.50733
1182501250.0,-35.50926
1182501406.25,-35.51448
1182501562.5,-35.51954
1182501718.75,-35.51884
1182501875.0,-35.5148
1182502031.25,-35.51204
1182502187.5,-35.51852
1182502343.75,-35.52689
1182502500.0,-35.52122
1182502656.25,-35.52117
1182502812.5,-35.52968
1182502968.75,-35.53157
1182503125.0,-35.52045
1182503281.25,-35.5217
1182503437.5,-35.52411
1182503593.75,-35.53112
1182503750.0,-35.52792
1182503906.25,-35.53104
1182504062.5,-35.53628
1182504218.75,-35.53506
1182504375.0,-35.53028
1182504531.25,-35.53815
1182504687.5,-35.52952
1182504843.75,-35.53694
1182505000.0,-35.54997
1182505156.25,-35.54198
1182505312.5,-35.53769
1182505468.75,-35.54147
1182505625.0,-35.54078
1182505781.25,-35.53837
1182505937.5,-35.53955
1182506093.75,-35.54783
1182506250.0,-35.54721
1182506406.25,-35.54105
1182506562.5,-35.54683
1182506718.75,-35.55352
1182506875.0,-35.55333
1182507031.25,-35.54691
1182507187.5,-35.55928
1182507343.75,-35.55257
1182507500.0,-35.5518
1182507656.25,-35.55878
1182507812.5,-35.56077
1182507968.75,-35.56049
1182508125.0,-35.55427
1182508281.25,-35.55549
1182508437.5,-35.55557
1182508593.75,-35.5653
1182508750.0,-35.56998
1182508906.25,-35.5683
1182509062.5,-35.57382
1182509218.75,-35.57455
1182509375.0,-35.57623
1182509531.25,-35.56896
1182509687.5,-35.56578
1182509843.75,-35.5649
1182510000.0,-35.58171
1182510156.25,-35.57669
1182510312.5,-35.57644
1182510468.75,-35.57714
1182510625.0,-35.58986
1182510781.25,-35.5787
1182510937.5,-35.58074
1182511093.75,-35.58984
1182511250.0,-35.57848
1182511406.25,-35.57689
1182511562.5,-35.58778
1182511718.75,-35.58228
1182511875.0,-35.58937
1182512031.25,-35.58662
1182512187.5,-35.59382
1182512343.75,-35.59896
1182512500.0,-35.58936
1182512656.25,-35.59048
1182512812.5,-35.60354
1182512968.75,-35.59834
1182513125.0,-35.58862
1182513281.25,-35.59816
1182513437.5,-35.5926
1182513593.75,-35.58749
1182513750.0,-35.61017
1182513906.25,-35.59571
1182514062.5,-35.61004
1182514218.75,-35.59888
1182514375.0,-35.59575
1182514531.25,-35.59373
1182514687.5,-35.59778
1182514843.75,-35.60197
1182515000.0,-35.60591
1182515156.25,-35.61539
1182515312.5,-35.61378
1182515468.75,-35.60813
1182515625.0,-35.60475
1182515781.25,-35.61732
1182515937.5,-35.61604
1182516093.75,-35.62757
1182516250.0,-35.61998
1182516406.25,-35.62834
1182516562.5,-35.62695
1182516718.75,-35.62109
1182516875.0,-35.62157
1182517031.25,-35.62811
1182517187.5,-35.6219
1182517343.75,-35.6268
1182517500.0,-35.63054
1182517656.25,-35.62262
1182517812.5,-35.63602
1182517968.75,-35.63334
1182518125.0,-35.62832
1182518281.25,-35.63532
1182518437.5,-35.64265
1182518593.75,-35.63269
1182518750.0,-35.63144
1182518906.25,-35.63999
1182519062.5,-35.63772
1182519218.75,-35.6511
1182519375.0,-35.6478
1182519531.25,-35.65538
1182519687.5,-35.64172
1182519843.75,-35.64918
1182520000.0,-35.64546
1182520156.25,-35.64443
1182520312.5,-35.65677
1182520468.75,-35.65132
1182520625.0,-35.64633
1182520781.25,-35.65093
1182520937.5,-35.65546
1182521093.75,-35.64278
1182521250.0,-35.64692
1182521406.25,-35.65414
1182521562.5,-35.66277
1182521718.75,-35.66115
1182521875.0,-35.66118
1182522031.25,-35.6659
1182522187.5,-35.66426
1182522343.75,-35.66731
1182522500.0,-35.66127
1182522656.25,-35.66746
1182522812.5,-35.66563
1182522968.75,-35.67885
1182523125.0,-35.66786
1182523281.25,-35.67891
1182523437.5,-35.66725
1182523593.75,-35.67135
1182523750.0,-35.67432
1182523906.25,-35.66883
1182524062.5,-35.67598
1182524218.75,-35.67668
1182524375.0,-35.67853
1182524531.25,-35.68203
1182524687.5,-35.68609
1182524843.75,-35.67917
1182525000.0,-35.6961
1182525156.25,-35.68566
1182525312.5,-35.67537
1182525468.75,-35.68818
1182525625.0,-35.68419
1182525781.25,-35.68325
1182525937.5,-35.69844
1182526093.75,-35.686
1182526250.0,-35.69585
1182526406.25,-35.69147
1182526562.5,-35.69403
1182526718.75,-35.70615
1182526875.0,-35.69856
1182527031.25,-35.71296
1182527187.5,-35.69839
1182527343.75,-35.70033
1182527500.0,-35.70221
1182527656.25,-35.70279
1182527812.5,-35.70239
1182527968.75,-35.70654
1182528125.0,-35.69005
1182528281.25,-35.71206
1182528437.5,-35.69483
1182528593.75,-35.70005
1182528750.0,-35.70235
1182528906.25,-35.71184
1182529062.5,-35.71238
1182529218.75,-35.70516
1182529375.0,-35.70245
1182529531.25,-35.7029
1182529687.5,-35.71087
1182529843.75,-35.71013
1182530000.0,-35.72198
1182530156.25,-35.70961
1182530312.5,-35.72916
1182530468.75,-35.71734
1182530625.0,-35.7193
1182530781.25,-35.71977
1182530937.5,-35.71974
1182531093.75,-35.71683
1182531250.0,-35.72378
1182531406.25,-35.73756
1182531562.5,-35.72868
1182531718.75,-35.72908
1182531875.0,-35.73839
1182532031.25,-35.73025
1182532187.5,-35.7288
1182532343.75,-35.73484
1182532500.0,-35.74323
1182532656.25,-35.73525
1182532812.5,-35.73174
1182532968.75,-35.74365
1182533125.0,-35.73465
1182533281.25,-35.73673
1182533437.5,-35.75619
1182533593.75,-35.75056
1182533750.0,-35.73806
1182533906.25,-35.73518
1182534062.5,-35.73577
1182534218.75,-35.7467
1182534375.0,-35.74174
1182534531.25,-35.74649
1182534687.5,-35.75379
1182534843.75,-35.74917
1182535000.0,-35.7533
1182535156.25,-35.75106
1182535312.5,-35.74686
1182535468.75,-35.7508
1182535625.0,-35.75434
1182535781.25,-35.75778
1182535937.5,-35.76113
1182536093.75,-35.75922
1182536250.0,-35.7608
1182536406.25,-35.75676
1182536562.5,-35.77061
1182536718.75,-35.75553
1182536875.0,-35.77754
1182537031.25,-35.76981
1182537187.5,-35.77309
1182537343.75,-35.76722
1182537500.0,-35.77011
1182537656.25,-35.78011
1182537812.5,-35.76665
1182537968.75,-35.77177
1182538125.0,-35.76892
1182538281.25,-35.77921
1182538437.5,-35.77909
1182538593.75,-35.77756
1182538750.0,-35.78705
1182538906.25,-35.77593
1182539062.5,-35.78671
1182539218.75,-35.78727
1182539375.0,-35.78727
1182539531.25,-35.77654
1182539687.5,-35.78227
1182539843.75,-35.79015
1182540000.0,-35.80514
1182540156.25,-35.78559
1182540312.5,-35.78811
1182540468.75,-35.79434
1182540625.0,-35.79841
1182540781.25,-35.79118
1182540937.5,-35.79067
1182541093.75,-35.79356
1182541250.0,-35.80295
1182541406.25,-35.7955
1182541562.5,-35.79428
1182541718.75,-35.79884
1182541875.0,-35.79678
1182542031.25,-35.81508
1182542187.5,-35.80399
1182542343.75,-35.80398
1182542500.0,-35.80116
1182542656.25,-35.80353
1182542812.5,-35.81725
1182542968.75,-35.81219
1182543125.0,-35.81264
1182543281.25,-35.80513
1182543437.5,-35.8246
1182543593.75,-35.81802
1182543750.0,-35.81929
1182543906.25,-35.81099
1182544062.5,-35.826
1182544218.75,-35.82745
1182544375.0,-35.81949
1182544531.25,-35.81675
1182544687.5,-35.81472
1182544843.75,-35.82523
1182545000.0,-35.82579
1182545156.25,-35.8264
1182545312.5,-35.8249
1182545468.75,-35.83304
1182545625.0,-35.82822
1182545781.25,-35.83474
1182545937.5,-35.83342
1182546093.75,-35.835
1182546250.0,-35.8402
1182546406.25,-35.82773
1182546562.5,-35.84256
1182546718.75,-35.84383
1182546875.0,-35.84032
1182547031.25,-35.83857
1182547187.5,-35.84097
1182547343.75,-35.83418
1182547500.0,-35.86152
1182547656.25,-35.84201
1182547812.5,-35.83701
1182547968.75,-35.84198
1182548125.0,-35.85022
1182548281.25,-35.83467
1182548437.5,-35.84247
1182548593.75,-35.85007
1182548750.0,-35.85393
1182548906.25,-35.8545
1182549062.5,-35.85442
1182549218.75,-35.84778
1182549375.0,-35.86056
1182549531.25,-35.86174
1182549687.5,-35.8615
1182549843.75,-35.86611
1182550000.0,-35.85801
1182550156.25,-35.8694
1182550312.5,-35.86986
1182550468.75,-35.84706
1182550625.0,-35.85826
1182550781.25,-35.86382
1182550937.5,-35.85857
1182551093.75,-35.86033
1182551250.0,-35.87413
1182551406.25,-35.8623
1182551562.5,-35.86593
1182551718.75,-35.87407
1182551875.0,-35.87625
1182552031.25,-35.87364
1182552187.5,-35.8744
1182552343.75,-35.87707
1182552500.0,-35.87577
1182552656.25,-35.87178
1182552812.5,-35.87587
1182552968.75,-35.87755
1182553125.0,-35.87464
1182553281.25,-35.88525
1182553437.5,-35.87674
1182553593.75,-35.88141
1182553750.0,-35.88793
1182553906.25,-35.88423
1182554062.5,-35.89078
1182554218.75,-35.88651
1182554375.0,-35.88047
1182554531.25,-35.89666
1182554687.5,-35.889
1182554843.75,-35.89314
1182555000.0,-35.89453
1182555156.25,-35.89515
1182555312.5,-35.88674
1182555468.75,-35.89441
1182555625.0,-35.89392
1182555781.25,-35.88741
