1384350000.0,-39.3311112544831
1384353125.0,-39.32247126329917
1384356250.0,-39.30907901775261
1384359375.0,-39.298333265663565
1384362500.0,-39.28914291618085
1384365625.0,-39.27382481769665
1384368750.0,-39.26636425089794
1384371875.0,-39.253121839799896
1384375000.0,-39.241646539379744
1384378125.0,-39.23261113301349
1384381250.0,-39.22190670763403
1384384375.0,-39.20813006592727
1384387500.0,-39.19600179129784
1384390625.0,-39.18464537794465
1384393750.0,-39.175521382686775
1384396875.0,-39.16293941260203
1384400000.0,-39.152037757168266
1384403125.0,-39.14257980158012
1384406250.0,-39.12852695603881
1384409375.0,-39.11673123061883
1384412500.0,-39.10606948619758
1384415625.0,-39.09423633994873
1384418750.0,-39.08310013605191
1384421875.0,-39.0726223627185
1384425000.0,-39.05482805388255
1384428125.0,-39.04656469178138
1384431250.0,-39.032030820150034
1384434375.0,-39.024112958039986
1384437500.0,-39.013536311950254
1384440625.0,-39.00259675371468
1384443750.0,-38.99264627373607
1384446875.0,-38.981516026487135
1384450000.0,-38.97050750838612
1384453125.0,-38.95214812622206
1384456250.0,-38.941316684529106
1384459375.0,-38.93029604312858
1384462500.0,-38.91717254005868
1384465625.0,-38.90429805953053
1384468750.0,-38.89261667080348
1384471875.0,-38.884336697150914
1384475000.0,-38.871445045372546
1384478125.0,-38.85759272446614
1384481250.0,-38.843021721709796
1384484375.0,-38.83501429154388
1384487500.0,-38.82675380921259
1384490625.0,-38.813003469510576
1384493750.0,-38.80009644861785
1384496875.0,-38.79046362791294
1384500000.0,-38.77635884187225
1384503125.0,-38.76067381940706
1384506250.0,-38.74949912953344
1384509375.0,-38.74138784320714
1384512500.0,-38.72614549823475
1384515625.0,-38.71425885476147
1384518750.0,-38.702731239784306
1384521875.0,-38.69276843340047
1384525000.0,-38.67704877022967
1384528125.0,-38.672200467033164
1384531250.0,-38.65702558806381
1384534375.0,-38.64392363299294
1384537500.0,-38.62959560808145
1384540625.0,-38.616963578065516
1384543750.0,-38.60636162420593
1384546875.0,-38.59238381624792
1384550000.0,-38.58345268170202
1384553125.0,-38.56877448614789
1384556250.0,-38.55878615989954
1384559375.0,-38.54421543949185
1384562500.0,-38.53140192531704
1384565625.0,-38.52088122701412
1384568750.0,-38.50662335918342
1384571875.0,-38.49648791843728
1384575000.0,-38.48195453813658
1384578125.0,-38.4727594525654
1384581250.0,-38.45843276947581
1384584375.0,-38.4471587713389
1384587500.0,-38.434974790391664
1384590625.0,-38.4224676847909
1384593750.0,-38.408676978787675
1384596875.0,-38.3903829352531
1384600000.0,-38.38480297532895
1384603125.0,-38.37106400355218
1384606250.0,-38.358284136967974
1384609375.0,-38.34854022414144
1384612500.0,-38.33568017467337
1384615625.0,-38.32624218582619
1384618750.0,-38.308395483160375
1384621875.0,-38.296979159751366
1384625000.0,-38.28602407122277
1384628125.0,-38.26916847454464
1384631250.0,-38.25372555842745
1384634375.0,-38.24528675609001
1384637500.0,-38.231136452599976
1384640625.0,-38.21927510780313
1384643750.0,-38.20390583788801
1384646875.0,-38.194452555051576
1384650000.0,-38.18049833296641
1384653125.0,-38.16599422430707
1384656250.0,-38.15610613796448
1384659375.0,-38.142420858715354
1384662500.0,-38.13011224602758
1384665625.0,-38.115780327380925
1384668750.0,-38.10403473436363
1384671875.0,-38.08965584978878
1384675000.0,-38.074974510638384
1384678125.0,-38.06289078288515
1384681250.0,-38.04854513037952
1384684375.0,-38.0363452461333
1384687500.0,-38.02656078711782
1384690625.0,-38.01171237014131
1384693750.0,-37.99851646137317
1384696875.0,-37.98735356818039
1384700000.0,-37.97384126937972
1384703125.0,-37.96177423075029
1384706250.0,-37.94323979359872
1384709375.0,-37.932548559491686
1384712500.0,-37.918908384551166
1384715625.0,-37.9037928097536
1384718750.0,-37.891292837894056
1384721875.0,-37.88058854115928
1384725000.0,-37.86725690794885
1384728125.0,-37.85158898395957
1384731250.0,-37.83823378037295
1384734375.0,-37.8278238972495
1384737500.0,-37.81484160808589
1384740625.0,-37.80189909620667
1384743750.0,-37.78679430539283
1384746875.0,-37.77388865299586
1384750000.0,-37.757993252468815
1384753125.0,-37.74345945607988
1384756250.0,-37.73625691494815
1384759375.0,-37.719263877189164
1384762500.0,-37.70763347941691
1384765625.0,-37.692325484637955
1384768750.0,-37.678878399928635
1384771875.0,-37.66601883937016
1384775000.0,-37.647938653695974
1384778125.0,-37.63988987844608
1384781250.0,-37.624261854651216
1384784375.0,-37.612417605446154
1384787500.0,-37.59464723421537
1384790625.0,-37.58108741777713
1384793750.0,-37.56905181231161
1384796875.0,-37.5522231796444
1384800000.0,-37.53994050294823
1384803125.0,-37.52637864065766
1384806250.0,-37.515739992595435
1384809375.0,-37.500768526039444
1384812500.0,-37.48580608445491
1384815625.0,-37.47267532677738
1384818750.0,-37.45776910481424
1384821875.0,-37.44577393889473
1384825000.0,-37.42937931232106
1384828125.0,-37.416445569688555
1384831250.0,-37.40194919062739
1384834375.0,-37.387785353441345
1384837500.0,-37.376085752310374
1384840625.0,-37.36114582608009
1384843750.0,-37.34500972099741
1384846875.0,-37.33075187529753
1384850000.0,-37.31867863606169
1384853125.0,-37.30187283364565
1384856250.0,-37.286040991778634
1384859375.0,-37.275417630507015
1384862500.0,-37.25948739923972
1384865625.0,-37.243134571270396
1384868750.0,-37.23173868739921
1384871875.0,-37.21885283116834
1384875000.0,-37.204732076076
1384878125.0,-37.190612222483566
1384881250.0,-37.175432395216234
1384884375.0,-37.1577841486123
1384887500.0,-37.14418257764724
1384890625.0,-37.12976832122227
1384893750.0,-37.11764043034528
1384896875.0,-37.10110575422368
1384900000.0,-37.0875078366968
1384903125.0,-37.07386032845317
1384906250.0,-37.06063108544063
1384909375.0,-37.04629939284019
1384912500.0,-37.030844425149084
1384915625.0,-37.017819545807455
1384918750.0,-37.0015759223414
1384921875.0,-36.988521810170774
1384925000.0,-36.97219847184353
1384928125.0,-36.95729433968418
1384931250.0,-36.943290918563214
1384934375.0,-36.92790975026869
1384937500.0,-36.91226451030996
1384940625.0,-36.89811763143161
1384943750.0,-36.88394530362042
1384946875.0,-36.868991665897966
1384950000.0,-36.853910858125055
1384953125.0,-36.838714277875454
1384956250.0,-36.821784837990336
1384959375.0,-36.81034996581047
1384962500.0,-36.78943106208501
1384965625.0,-36.778188265893576
1384968750.0,-36.75975830113643
1384971875.0,-36.74971876777735
1384975000.0,-36.73252278289799
1384978125.0,-36.716649335848764
1384981250.0,-36.701689430724315
1384984375.0,-36.68822065272187
1384987500.0,-36.672722346659505
1384990625.0,-36.65594916540483
1384993750.0,-36.639746530018066
1384996875.0,-36.625306091166145
1385000000.0,-36.61182251535705
1385003125.0,-36.595968885116065
1385006250.0,-36.58079772387463
1385009375.0,-36.5662939600912
1385012500.0,-36.5486177023435
1385015625.0,-36.53412285349657
1385018750.0,-36.51853854639927
1385021875.0,-36.500313500607945
1385025000.0,-36.487470814837614
1385028125.0,-36.47002051230567
1385031250.0,-36.453949474200584
1385034375.0,-36.43922679805569
1385037500.0,-36.423432474655044
1385040625.0,-36.4063072071918
1385043750.0,-36.394621034921855
1385046875.0,-36.37618583560471
1385050000.0,-36.363283563085275
1385053125.0,-36.347246955576736
1385056250.0,-36.33077092775312
1385059375.0,-36.311355765803256
1385062500.0,-36.29832529712265
1385065625.0,-36.28187206426477
1385068750.0,-36.26566609198479
1385071875.0,-36.24984006534602
1385075000.0,-36.23351977675637
1385078125.0,-36.21876376984953
1385081250.0,-36.2030757093931
1385084375.0,-36.18273746177076
1385087500.0,-36.17199517556467
1385090625.0,-36.15315284360651
1385093750.0,-36.13830437010976
1385096875.0,-36.1217154013101
1385100000.0,-36.103598250911446
1385103125.0,-36.08930433329811
1385106250.0,-36.071471423761025
1385109375.0,-36.05803181948825
1385112500.0,-36.03863705995657
1385115625.0,-36.02293544837458
1385118750.0,-36.00759539477651
1385121875.0,-35.992489263652196
1385125000.0,-35.97293140588335
1385128125.0,-35.95654253918492
1385131250.0,-35.94014368192308
1385134375.0,-35.924706034240984
1385137500.0,-35.90744709023719
1385140625.0,-35.892484261274554
1385143750.0,-35.873675735477626
1385146875.0,-35.85612108704296
1385150000.0,-35.83850830068713
1385153125.0,-35.82505896802261
1385156250.0,-35.804781071057846
1385159375.0,-35.786957171810734
1385162500.0,-35.77174406521394
1385165625.0,-35.75640221924914
1385168750.0,-35.739370669643506
1385171875.0,-35.72386388483933
1385175000.0,-35.70800652333224
1385178125.0,-35.68701813199343
1385181250.0,-35.67224117779938
1385184375.0,-35.65672398436996
1385187500.0,-35.63751199206799
1385190625.0,-35.6199175004173
1385193750.0,-35.60243697430569
1385196875.0,-35.589655226708686
1385200000.0,-35.568545348884065
1385203125.0,-35.54966109843395
1385206250.0,-35.534471243137915
1385209375.0,-35.52004828052551
1385212500.0,-35.498167647604774
1385215625.0,-35.48009695749013
1385218750.0,-35.46551927365743
1385221875.0,-35.447953674514224
1385225000.0,-35.42911404915352
1385228125.0,-35.41319941099365
1385231250.0,-35.39344314436461
1385234375.0,-35.37367325180358
1385237500.0,-35.359062322142684
1385240625.0,-35.34260064708171
1385243750.0,-35.32140045847238
1385246875.0,-35.30432788228851
1385250000.0,-35.28724279575885
1385253125.0,-35.273223283992564
1385256250.0,-35.25226047972682
1385259375.0,-35.23587003257788
1385262500.0,-35.21635764653905
1385265625.0,-35.197087348327756
1385268750.0,-35.17835488165483
1385271875.0,-35.16374990703517
1385275000.0,-35.14238842932559
1385278125.0,-35.12784346745462
1385281250.0,-35.107809498222394
1385284375.0,-35.08859882846643
1385287500.0,-35.07195664915493
1385290625.0,-35.05260098928874
1385293750.0,-35.03329210304784
1385296875.0,-35.016387460842736
1385300000.0,-34.9978543557177
1385303125.0,-34.98017602304951
1385306250.0,-34.963740989812955
1385309375.0,-34.944706159660925
1385312500.0,-34.924626451485025
1385315625.0,-34.90504993072816
1385318750.0,-34.88669034399206
1385321875.0,-34.867049770735704
1385325000.0,-34.84768191788088
1385328125.0,-34.828589438754896
1385331250.0,-34.80980526788172
1385334375.0,-34.79530265160633
1385337500.0,-34.77202260666579
1385340625.0,-34.756937827324506
1385343750.0,-34.73682205229996
1385346875.0,-34.71661585615195
1385350000.0,-34.69810714785228
1385353125.0,-34.67935203481109
1385356250.0,-34.66076025862796
1385359375.0,-34.64120758434607
1385362500.0,-34.62226669932001
1385365625.0,-34.60055834047428
1385368750.0,-34.58210437620853
1385371875.0,-34.56381462810386
1385375000.0,-34.5425674772168
1385378125.0,-34.524934969281674
1385381250.0,-34.50620130176545
1385384375.0,-34.484681465281234
1385387500.0,-34.46633317405498
1385390625.0,-34.448138311080385
1385393750.0,-34.427237915661415
1385396875.0,-34.40701370480271
1385400000.0,-34.38765508794545
1385403125.0,-34.36722498761521
1385406250.0,-34.3490174189894
1385409375.0,-34.32701554633859
1385412500.0,-34.30843581976932
1385415625.0,-34.289495385260075
1385418750.0,-34.270269674899914
1385421875.0,-34.2473545560429
1385425000.0,-34.228711215732126
1385428125.0,-34.20780106171457
1385431250.0,-34.18901230143108
1385434375.0,-34.168335255054416
1385437500.0,-34.14731164955584
1385440625.0,-34.12759557756977
1385443750.0,-34.10550894720647
1385446875.0,-34.086054594826635
1385450000.0,-34.066873416911015
1385453125.0,-34.04632587796621
1385456250.0,-34.02540633896931
1385459375.0,-34.00354686519479
1385462500.0,-33.983137478680945
1385465625.0,-33.961834789988416
1385468750.0,-33.94279737911371
1385471875.0,-33.92108432155214
1385475000.0,-33.900741365150346
1385478125.0,-33.87944539588675
1385481250.0,-33.862163735025945
1385484375.0,-33.83927698392618
1385487500.0,-33.81576328871872
1385490625.0,-33.796334150781696
1385493750.0,-33.7750168640067
1385496875.0,-33.754442356941034
1385500000.0,-33.73109241446206
1385503125.0,-33.71007845277714
1385506250.0,-33.68947546899898
1385509375.0,-33.66854628657719
1385512500.0,-33.64547882571088
1385515625.0,-33.625524057318565
1385518750.0,-33.60264640948756
1385521875.0,-33.58263507409382
1385525000.0,-33.55897581664675
1385528125.0,-33.53765740520335
1385531250.0,-33.51710216874745
1385534375.0,-33.49482923000443
1385537500.0,-33.4754894949185
1385540625.0,-33.451752594721285
1385543750.0,-33.429936188647645
1385546875.0,-33.406891251459335
1385550000.0,-33.38342931013978
1385553125.0,-33.363135097027076
1385556250.0,-33.341163349829536
1385559375.0,-33.318414518916285
1385562500.0,-33.2953177244974
1385565625.0,-33.274155381359314
1385568750.0,-33.25006266655492
1385571875.0,-33.226807969195555
1385575000.0,-33.20723297285624
1385578125.0,-33.183545564774924
1385581250.0,-33.161671942927654
1385584375.0,-33.13792809636366
1385587500.0,-33.11586793790306
1385590625.0,-33.09328248780615
1385593750.0,-33.06937469003379
1385596875.0,-33.04719514957315
1385600000.0,-33.02519001096663
1385603125.0,-33.00101952799298
1385606250.0,-32.976861866774904
1385609375.0,-32.95463379796173
1385612500.0,-32.93132190432827
1385615625.0,-32.9084560122894
1385618750.0,-32.88350490357136
1385621875.0,-32.860829695185025
1385625000.0,-32.8362973372306
1385628125.0,-32.81379643303942
1385631250.0,-32.78948100577084
1385634375.0,-32.76992293551859
1385637500.0,-32.74277048399625
1385640625.0,-32.717693271843736
1385643750.0,-32.69505722479744
1385646875.0,-32.67039631576045
1385650000.0,-32.647090512711195
1385653125.0,-32.62394859969996
1385656250.0,-32.59847626972832
1385659375.0,-32.57450186379576
1385662500.0,-32.55077694864729
1385665625.0,-32.526399532416505
1385668750.0,-32.50077106304973
1385671875.0,-32.477597926778394
1385675000.0,-32.452861454230266
1385678125.0,-32.42688927025928
1385681250.0,-32.40333035613606
1385684375.0,-32.37863187958561
1385687500.0,-32.35256730095187
1385690625.0,-32.331171976707765
1385693750.0,-32.30364941537581
1385696875.0,-32.27915483390467
1385700000.0,-32.25358826858851
1385703125.0,-32.22901547765961
1385706250.0,-32.2029770126601
1385709375.0,-32.17892865942325
1385712500.0,-32.151257882046295
1385715625.0,-32.12721784941543
1385718750.0,-32.10160451464336
1385721875.0,-32.076005376955116
1385725000.0,-32.050380521220994
1385728125.0,-32.0237775035433
1385731250.0,-31.9969060362579
1385734375.0,-31.97366654167177
1385737500.0,-31.946681835256665
1385740625.0,-31.922487374538996
1385743750.0,-31.894553814770354
1385746875.0,-31.869255280756278
1385750000.0,-31.84240400693074
1385753125.0,-31.816528739958354
1385756250.0,-31.790509771813067
1385759375.0,-31.763559780345748
1385762500.0,-31.73665448221153
1385765625.0,-31.71258309820804
1385768750.0,-31.683466216693507
1385771875.0,-31.65717528437372
1385775000.0,-31.631657284158972
1385778125.0,-31.600780641050182
1385781250.0,-31.57806338394273
1385784375.0,-31.549454330059664
1385787500.0,-31.52265031534995
1385790625.0,-31.493971327351787
1385793750.0,-31.468938054802187
1385796875.0,-31.43992507160692
1385800000.0,-31.412035912609728
1385803125.0,-31.385191180696097
1385806250.0,-31.35705934863428
1385809375.0,-31.328678702010773
1385812500.0,-31.29880477489997
1385815625.0,-31.271450308827816
1385818750.0,-31.244217085888277
1385821875.0,-31.217843793928942
1385825000.0,-31.188979055734
1385828125.0,-31.158741775630393
1385831250.0,-31.131975306548426
1385834375.0,-31.10414642427329
1385837500.0,-31.074208980865095
1385840625.0,-31.045881951752133
1385843750.0,-31.01760924213065
1385846875.0,-30.988302896849518
1385850000.0,-30.95831534529141
1385853125.0,-30.92989346300892
1385856250.0,-30.900517364939358
1385859375.0,-30.87073537393015
1385862500.0,-30.842700109606447
1385865625.0,-30.81190325184425
1385868750.0,-30.78243671109789
1385871875.0,-30.752733400830436
1385875000.0,-30.723085110063995
1385878125.0,-30.692397358959635
1385881250.0,-30.66280700849864
1385884375.0,-30.632346265356748
1385887500.0,-30.60344010538896
1385890625.0,-30.57307929862044
1385893750.0,-30.541942802123373
1385896875.0,-30.51016967862233
1385900000.0,-30.48120486029094
1385903125.0,-30.45156746346841
1385906250.0,-30.41985990516449
1385909375.0,-30.38935470519028
1385912500.0,-30.35801986350837
1385915625.0,-30.328466083736988
1385918750.0,-30.2963646469373
1385921875.0,-30.264777041984708
1385925000.0,-30.232318252663926
1385928125.0,-30.202732065056228
1385931250.0,-30.169992513247138
1385934375.0,-30.137033023593688
1385937500.0,-30.10553927167312
1385940625.0,-30.075163139143648
1385943750.0,-30.042488782346677
1385946875.0,-30.008084908325912
1385950000.0,-29.977460975897557
1385953125.0,-29.945276290311806
1385956250.0,-29.913221953670128
1385959375.0,-29.88128140023146
1385962500.0,-29.847490979521904
1385965625.0,-29.816321539710522
1385968750.0,-29.780590503463138
1385971875.0,-29.74893163176439
1385975000.0,-29.71548427793629
1385978125.0,-29.681533952384907
1385981250.0,-29.648154433383482
1385984375.0,-29.614741525830848
1385987500.0,-29.580267695923865
1385990625.0,-29.546962907742067
1385993750.0,-29.511543180485877
1385996875.0,-29.479396716676355
1386000000.0,-29.443876512359665
1386003125.0,-29.410363177164214
1386006250.0,-29.375561573320816
1386009375.0,-29.34110775053675
1386012500.0,-29.30615959851476
1386015625.0,-29.271265374766532
1386018750.0,-29.23493539807513
1386021875.0,-29.20204174038478
1386025000.0,-29.165798254472882
1386028125.0,-29.129615905871724
1386031250.0,-29.094033230931952
1386034375.0,-29.059058313821634
1386037500.0,-29.02188892505868
1386040625.0,-28.985741092011736
1386043750.0,-28.951747592927426
1386046875.0,-28.9127972498104
1386050000.0,-28.8778173328108
1386053125.0,-28.84096032391407
1386056250.0,-28.80484664538107
1386059375.0,-28.765735210404454
1386062500.0,-28.730990856099062
1386065625.0,-28.694660691296207
1386068750.0,-28.656181115994226
1386071875.0,-28.61851363241409
1386075000.0,-28.581746284875653
1386078125.0,-28.542332307137208
1386081250.0,-28.504423459537623
1386084375.0,-28.46723761453691
1386087500.0,-28.4282737478211
1386090625.0,-28.389650335731364
1386093750.0,-28.351812510572863
1386096875.0,-28.312584773449778
1386100000.0,-28.274313514490483
1386103125.0,-28.236595991069862
1386106250.0,-28.19574360019131
1386109375.0,-28.156072518350037
1386112500.0,-28.11603332469373
1386115625.0,-28.076060664464833
1386118750.0,-28.03614929033544
1386121875.0,-27.995092846829962
1386125000.0,-27.955360311210814
1386128125.0,-27.915520334092925
1386131250.0,-27.875517223143973
1386134375.0,-27.833598549639916
1386137500.0,-27.792100206639493
1386140625.0,-27.752055405739167
1386143750.0,-27.709440762623537
1386146875.0,-27.66926983314494
1386150000.0,-27.62755785237538
1386153125.0,-27.586248062526675
1386156250.0,-27.542932117635694
1386159375.0,-27.500527924395847
1386162500.0,-27.45829170314545
1386165625.0,-27.416219848531064
1386168750.0,-27.372852676994597
1386171875.0,-27.328857472586648
1386175000.0,-27.286367098677374
1386178125.0,-27.242806113114668
1386181250.0,-27.199807764617304
1386184375.0,-27.15594247217129
1386187500.0,-27.111654581523947
1386190625.0,-27.066379278849194
1386193750.0,-27.02210103891915
1386196875.0,-26.97679808353016
1386200000.0,-26.931916622714628
1386203125.0,-26.886422467926963
1386206250.0,-26.841862674420057
1386209375.0,-26.796187442619413
1386212500.0,-26.750426810022727
1386215625.0,-26.70404740102043
1386218750.0,-26.65961609671407
1386221875.0,-26.612224268599604
1386225000.0,-26.565603242168685
1386228125.0,-26.518324244353018
1386231250.0,-26.470598914804427
1386234375.0,-26.42368432856341
1386237500.0,-26.376745986678447
1386240625.0,-26.327506518169155
1386243750.0,-26.28046453480154
1386246875.0,-26.230518798292387
1386250000.0,-26.183869207700244
1386253125.0,-26.134753376823415
1386256250.0,-26.085013821920512
1386259375.0,-26.035618284372656
1386262500.0,-25.986005309361957
1386265625.0,-25.936017307919546
1386268750.0,-25.88614082958085
1386271875.0,-25.836186694428314
1386275000.0,-25.78498020776259
1386278125.0,-25.73458549533275
1386281250.0,-25.682101330300927
1386284375.0,-25.631771750792893
1386287500.0,-25.580002628804746
1386290625.0,-25.527986592191148
1386293750.0,-25.476042546181187
1386296875.0,-25.42265651592067
1386300000.0,-25.37008671495384
1386303125.0,-25.31696001340085
1386306250.0,-25.263849595992077
1386309375.0,-25.209005165809714
1386312500.0,-25.155136568833736
1386315625.0,-25.101157881144236
1386318750.0,-25.046677801114495
1386321875.0,-24.991676875374004
1386325000.0,-24.93664895249108
1386328125.0,-24.880833109085007
1386331250.0,-24.824280546232288
1386334375.0,-24.769105621151954
1386337500.0,-24.712956649690756
1386340625.0,-24.655828637786694
1386343750.0,-24.599028489385727
1386346875.0,-24.54111576970208
1386350000.0,-24.484352339523564
1386353125.0,-24.427024486978144
1386356250.0,-24.3685143623964
1386359375.0,-24.308770215922404
1386362500.0,-24.249237258697907
1386365625.0,-24.18994431009794
1386368750.0,-24.13045418763558
1386371875.0,-24.070617572287745
1386375000.0,-24.010106972038585
1386378125.0,-23.94946408246746
1386381250.0,-23.888330197416064
1386384375.0,-23.82583294285385
1386387500.0,-23.76533605120302
1386390625.0,-23.70328375982479
1386393750.0,-23.640425528390505
1386396875.0,-23.576543784664885
1386400000.0,-23.512930786970113
1386403125.0,-23.4498856407229
1386406250.0,-23.386113049895318
1386409375.0,-23.321872600068154
1386412500.0,-23.25619434520975
1386415625.0,-23.19048790017053
1386418750.0,-23.124266648781916
1386421875.0,-23.05893368549595
1386425000.0,-22.9941341612364
1386428125.0,-22.92687620944308
1386431250.0,-22.85971287886701
1386434375.0,-22.791207915758434
1386437500.0,-22.723725506281987
1386440625.0,-22.65550228044525
1386443750.0,-22.58671776233
1386446875.0,-22.51708211803203
1386450000.0,-22.44681617571013
1386453125.0,-22.376563613720787
1386456250.0,-22.30641343065679
1386459375.0,-22.235536056846655
1386462500.0,-22.165140633555552
1386465625.0,-22.09247839527192
1386468750.0,-22.019297995169914
1386471875.0,-21.9466715100205
1386475000.0,-21.874757522796582
1386478125.0,-21.80098101890873
1386481250.0,-21.727060601104686
1386484375.0,-21.651280562838025
1386487500.0,-21.577216948590827
1386490625.0,-21.50213840274783
1386493750.0,-21.427749797041795
1386496875.0,-21.350955399252953
1386500000.0,-21.27356348720326
1386503125.0,-21.197092232385586
1386506250.0,-21.119076648248154
1386509375.0,-21.042829646731054
1386512500.0,-20.964288103460113
1386515625.0,-20.88551582661554
1386518750.0,-20.805315526649018
1386521875.0,-20.725405237764406
1386525000.0,-20.64637768175987
1386528125.0,-20.566551178545087
1386531250.0,-20.485985342645268
1386534375.0,-20.404028459430577
1386537500.0,-20.322806504116233
1386540625.0,-20.240370260523466
1386543750.0,-20.15870338187054
1386546875.0,-20.076690557843655
1386550000.0,-19.99326972692268
1386553125.0,-19.90944202506642
1386556250.0,-19.826056049335087
1386559375.0,-19.741912744292694
1386562500.0,-19.658383004882293
1386565625.0,-19.573194147603253
1386568750.0,-19.48890198858215
1386571875.0,-19.403226271464348
1386575000.0,-19.316488996609483
1386578125.0,-19.232090723585657
1386581250.0,-19.14711388561538
1386584375.0,-19.060587073786177
1386587500.0,-18.97361937388327
1386590625.0,-18.886916418448923
1386593750.0,-18.80089528893673
1386596875.0,-18.714589497089587
1386600000.0,-18.628262315764285
1386603125.0,-18.541152281517128
1386606250.0,-18.454562760495385
1386609375.0,-18.36788523413783
1386612500.0,-18.281361077103067
1386615625.0,-18.196247567368378
1386618750.0,-18.108961663717114
1386621875.0,-18.022702639172397
1386625000.0,-17.93653967628114
1386628125.0,-17.852115826728557
1386631250.0,-17.767800664486995
1386634375.0,-17.68300551979987
1386637500.0,-17.59814605393012
1386640625.0,-17.51447698555672
1386643750.0,-17.431281875082156
1386646875.0,-17.34975322119692
1386650000.0,-17.268045093217413
1386653125.0,-17.186737994265876
1386656250.0,-17.106362756652448
1386659375.0,-17.02781054375264
1386662500.0,-16.950570430673856
1386665625.0,-16.873970016599202
1386668750.0,-16.798612711047937
1386671875.0,-16.72326783178068
1386675000.0,-16.650676925059578
1386678125.0,-16.579200833061186
1386681250.0,-16.510016824305527
1386684375.0,-16.442845983646375
1386687500.0,-16.375254095223422
1386690625.0,-16.310005280812963
1386693750.0,-16.248285909336918
1386696875.0,-16.187586448712466
1386700000.0,-16.129975387018845
1386703125.0,-16.074674420117464
1386706250.0,-16.019630946873512
1386709375.0,-15.968226192872647
1386712500.0,-15.919478596650139
1386715625.0,-15.87458360723875
1386718750.0,-15.831606241820332
1386721875.0,-15.79044829682833
1386725000.0,-15.753129168821081
1386728125.0,-15.718552610265878
1386731250.0,-15.68770392624901
1386734375.0,-15.659492841449795
1386737500.0,-15.635103581017006
1386740625.0,-15.612251243479506
1386743750.0,-15.593905073068663
1386746875.0,-15.57874769362598
1386750000.0,-15.567173978593283
1386753125.0,-15.559507811159841
1386756250.0,-15.553738741670486
1386759375.0,-15.5520231243787
1386762500.0,-15.554681957269958
1386765625.0,-15.560200567966016
1386768750.0,-15.569111782479013
1386771875.0,-15.580966289775173
1386775000.0,-15.597052304069994
1386778125.0,-15.616140679613643
1386781250.0,-15.637899846551457
1386784375.0,-15.663529449043454
1386787500.0,-15.692830569468503
1386790625.0,-15.724416627792728
1386793750.0,-15.759464737075325
1386796875.0,-15.797609820569162
1386800000.0,-15.839133121336808
1386803125.0,-15.881901674652259
1386806250.0,-15.927628733356546
1386809375.0,-15.977237596076078
1386812500.0,-16.029029817703627
1386815625.0,-16.082958266387177
1386818750.0,-16.139223910720027
1386821875.0,-16.197351151176452
1386825000.0,-16.258124776803285
1386828125.0,-16.321355865656308
1386831250.0,-16.38656650525233
1386834375.0,-16.452728937544787
1386837500.0,-16.52094677088242
1386840625.0,-16.590961026253172
1386843750.0,-16.662379494165908
1386846875.0,-16.735566018593357
1386850000.0,-16.810445783861528
1386853125.0,-16.88614227037902
1386856250.0,-16.962637186640197
1386859375.0,-17.040723490882602
1386862500.0,-17.119700909353547
1386865625.0,-17.200329346680903
1386868750.0,-17.280620014707594
1386871875.0,-17.362031231555456
1386875000.0,-17.44404265627754
1386878125.0,-17.52781702694573
1386881250.0,-17.611248274283547
1386884375.0,-17.6958554245701
1386887500.0,-17.779701309185892
1386890625.0,-17.864617076264768
1386893750.0,-17.95046852422708
1386896875.0,-18.037040138689385
1386900000.0,-18.12314390628223
1386903125.0,-18.208420431797776
1386906250.0,-18.29416925676526
1386909375.0,-18.3809315465112
1386912500.0,-18.467271126334452
1386915625.0,-18.554275072505074
1386918750.0,-18.64075698415829
1386921875.0,-18.72648191912297
1386925000.0,-18.812405981794385
1386928125.0,-18.899430916797876
1386931250.0,-18.986426886084733
1386934375.0,-19.072125177805095
1386937500.0,-19.15758586512192
1386940625.0,-19.24295350050695
1386943750.0,-19.328239292424286
1386946875.0,-19.414151642730705
1386950000.0,-19.499633564193115
1386953125.0,-19.5843090853737
1386956250.0,-19.66840425988371
1386959375.0,-19.752269456991556
1386962500.0,-19.836638225595674
1386965625.0,-19.92034216956256
1386968750.0,-20.002908445198294
1386971875.0,-20.086456028726694
1386975000.0,-20.168229143213477
1386978125.0,-20.25001550407527
1386981250.0,-20.332556910161962
1386984375.0,-20.414211359452313
1386987500.0,-20.494682576368966
1386990625.0,-20.574604498108393
1386993750.0,-20.655252759139056
1386996875.0,-20.734697669718194
1387000000.0,-20.814406946209978
1387003125.0,-20.894249795870397
1387006250.0,-20.9720709301914
1387009375.0,-21.0492585315807
1387012500.0,-21.127106365224517
1387015625.0,-21.204280583793533
1387018750.0,-21.28146735904197
1387021875.0,-21.357977530689382
1387025000.0,-21.433106570492868
1387028125.0,-21.50887825299186
1387031250.0,-21.583773682330232
1387034375.0,-21.659126308089384
1387037500.0,-21.733705030800394
1387040625.0,-21.80661288116336
1387043750.0,-21.880199894901217
1387046875.0,-21.95222332219826
1387050000.0,-22.025301507101847
1387053125.0,-22.09870359585685
1387056250.0,-22.169619639697583
1387059375.0,-22.24116108634465
1387062500.0,-22.310051100081083
1387065625.0,-22.382268487817644
1387068750.0,-22.452449203685173
1387071875.0,-22.522302111357646
1387075000.0,-22.589764209110072
1387078125.0,-22.658990834927497
1387081250.0,-22.72709261336342
1387084375.0,-22.794875078225186
1387087500.0,-22.86300816775982
1387090625.0,-22.929994522222366
1387093750.0,-22.99627201600285
1387096875.0,-23.061990611234183
1387100000.0,-23.12810393336077
1387103125.0,-23.19424618360706
1387106250.0,-23.260160487308283
1387109375.0,-23.32301068729725
1387112500.0,-23.387171482942644
1387115625.0,-23.452014995049517
1387118750.0,-23.515801030925317
1387121875.0,-23.579137112778646
1387125000.0,-23.64110242514185
1387128125.0,-23.70338267742406
1387131250.0,-23.76517577350164
1387134375.0,-23.827368539575286
1387137500.0,-23.889347698441753
1387140625.0,-23.95048693029788
1387143750.0,-24.010957551834114
1387146875.0,-24.07082980861341
1387150000.0,-24.131352662816685
1387153125.0,-24.191805478740427
1387156250.0,-24.250541628915844
1387159375.0,-24.308515427923883
1387162500.0,-24.366462957952436
1387165625.0,-24.425596520898356
1387168750.0,-24.482515303853763
1387171875.0,-24.540981928220603
1387175000.0,-24.59921376313042
1387178125.0,-24.655241915740696
1387181250.0,-24.711813939538807
1387184375.0,-24.767826433624933
1387187500.0,-24.824279096536657
1387190625.0,-24.87982440270963
1387193750.0,-24.93551870335275
1387196875.0,-24.98991939641619
1387200000.0,-25.043525580302646
1387203125.0,-25.098559735255236
1387206250.0,-25.153565956279078
1387209375.0,-25.207897177777326
1387212500.0,-25.25921736065387
1387215625.0,-25.313764682155327
1387218750.0,-25.366444097774366
1387221875.0,-25.420414254220596
1387225000.0,-25.472576614763245
1387228125.0,-25.523377046872664
1387231250.0,-25.57692672321954
1387234375.0,-25.627627722966576
1387237500.0,-25.679277466299023
1387240625.0,-25.73011534890363
1387243750.0,-25.781889830089497
1387246875.0,-25.830577686967942
1387250000.0,-25.882072051438676
1387253125.0,-25.93187186154983
1387256250.0,-25.982037329710582
1387259375.0,-26.03134452017416
1387262500.0,-26.079971332992592
1387265625.0,-26.12819270294673
1387268750.0,-26.177799617678332
1387271875.0,-26.22603141815458
1387275000.0,-26.274396004954696
1387278125.0,-26.323053167386394
1387281250.0,-26.369590388160745
1387284375.0,-26.41789102439767
1387287500.0,-26.46508018026393
1387290625.0,-26.51164738233205
1387293750.0,-26.55948977296428
1387296875.0,-26.60636953595295
1387300000.0,-26.652158506579788
1387303125.0,-26.69691096750254
1387306250.0,-26.743627008803745
1387309375.0,-26.788913272871408
1387312500.0,-26.83530782656619
1387315625.0,-26.87991905916454
1387318750.0,-26.92470403521858
1387321875.0,-26.97052813905936
1387325000.0,-27.014279351443292
1387328125.0,-27.06001493759809
1387331250.0,-27.10371191214434
1387334375.0,-27.147886709246222
1387337500.0,-27.191573722334915
1387340625.0,-27.233657474030643
1387343750.0,-27.278476278125765
1387346875.0,-27.32219020180085
1387350000.0,-27.364024524487363
1387353125.0,-27.406147335755406
1387356250.0,-27.44956686844164
1387359375.0,-27.49207239563746
1387362500.0,-27.533827635434434
1387365625.0,-27.575763668630014
1387368750.0,-27.617940557369966
1387371875.0,-27.65852057356115
1387375000.0,-27.70135455744782
1387378125.0,-27.74282820517562
1387381250.0,-27.783767940124537
1387384375.0,-27.82451676689415
1387387500.0,-27.864140136512972
1387390625.0,-27.905389125323328
1387393750.0,-27.94489044400297
1387396875.0,-27.98626290399168
1387400000.0,-28.026070770874448
1387403125.0,-28.065356757437737
1387406250.0,-28.10572879877679
1387409375.0,-28.145129515710604
1387412500.0,-28.186201608417818
1387415625.0,-28.222729867853555
1387418750.0,-28.262085120986868
1387421875.0,-28.302003261638692
1387425000.0,-28.339823361727934
1387428125.0,-28.37816797830093
1387431250.0,-28.417188845221553
1387434375.0,-28.45454610036377
1387437500.0,-28.49150470157654
1387440625.0,-28.530677255018247
1387443750.0,-28.568811779108184
1387446875.0,-28.60482513496529
1387450000.0,-28.64379039283796
1387453125.0,-28.679954848036957
1387456250.0,-28.717162531667338
1387459375.0,-28.75363401394815
1387462500.0,-28.79187022802903
1387465625.0,-28.829157692928955
1387468750.0,-28.864878863238978
1387471875.0,-28.900651303035154
1387475000.0,-28.93655592257705
1387478125.0,-28.97231168172406
1387481250.0,-29.00949157488774
1387484375.0,-29.043905704229577
1387487500.0,-29.080205040431732
1387490625.0,-29.11543271110326
1387493750.0,-29.150661093178062
1387496875.0,-29.18614051064787
1387500000.0,-29.221299117220777
1387503125.0,-29.257111665328754
1387506250.0,-29.29243632436287
1387509375.0,-29.32573996145127
1387512500.0,-29.36079331949897
1387515625.0,-29.39462177291739
1387518750.0,-29.429810457211275
1387521875.0,-29.463465617544546
1387525000.0,-29.496994957617172
1387528125.0,-29.532025813076306
1387531250.0,-29.566336429233374
1387534375.0,-29.59817583873799
1387537500.0,-29.631931887845354
1387540625.0,-29.66580993365338
1387543750.0,-29.699011050886888
1387546875.0,-29.73201178482144
1387550000.0,-29.764571400713713
1387553125.0,-29.798177641228197
1387556250.0,-29.83053627984476
1387559375.0,-29.862385270880353
1387562500.0,-29.896339300382678
1387565625.0,-29.929073926816503
1387568750.0,-29.961200186816654
1387571875.0,-29.99254878302803
1387575000.0,-30.026011554737188
1387578125.0,-30.056426703346048
1387581250.0,-30.088701474748625
1387584375.0,-30.120604419923282
1387587500.0,-30.15245214672256
1387590625.0,-30.184460514244392
1387593750.0,-30.214047058289747
1387596875.0,-30.247737856881994
1387600000.0,-30.276422460287684
1387603125.0,-30.310103923419994
1387606250.0,-30.33941490574702
1387609375.0,-30.370555121647353
1387612500.0,-30.40140759713287
1387615625.0,-30.43271766974281
1387618750.0,-30.463078898399733
1387621875.0,-30.49286939336416
1387625000.0,-30.523145129042707
1387628125.0,-30.553952591603757
1387631250.0,-30.582416022596913
1387634375.0,-30.614920871193835
1387637500.0,-30.644419363919194
1387640625.0,-30.67281968398191
1387643750.0,-30.702890759727776
1387646875.0,-30.734207479328575
1387650000.0,-30.76244890808419
1387653125.0,-30.79135681280737
1387656250.0,-30.822116873539382
1387659375.0,-30.851660400918615
1387662500.0,-30.88005958229935
1387665625.0,-30.909392928005325
1387668750.0,-30.93818583736525
1387671875.0,-30.96772449191983
1387675000.0,-30.995859109474132
1387678125.0,-31.023979371942488
1387681250.0,-31.052585880542466
1387684375.0,-31.081914934052847
1387687500.0,-31.110827857638952
1387690625.0,-31.139552847234203
1387693750.0,-31.16635221573457
1387696875.0,-31.19244835120082
1387700000.0,-31.22314053396263
1387703125.0,-31.250270716690554
1387706250.0,-31.27908207549418
1387709375.0,-31.307510336749704
1387712500.0,-31.333856224036126
1387715625.0,-31.360641280353597
1387718750.0,-31.3887595366804
1387721875.0,-31.41727266162458
1387725000.0,-31.443888212686108
1387728125.0,-31.47194934995538
1387731250.0,-31.4975100029906
1387734375.0,-31.52418666645054
1387737500.0,-31.551370841104937
1387740625.0,-31.579666825121414
1387743750.0,-31.608807922636686
1387746875.0,-31.633439648843137
1387750000.0,-31.661594722873996
1387753125.0,-31.687279882114694
1387756250.0,-31.715401394242143
1387759375.0,-31.739858145005172
1387762500.0,-31.764995083030247
1387765625.0,-31.792540406431623
1387768750.0,-31.818681057779497
1387771875.0,-31.843503135633842
1387775000.0,-31.87185408822002
1387778125.0,-31.89681025758238
1387781250.0,-31.92360047603239
1387784375.0,-31.948384212547545
1387787500.0,-31.97501682935634
1387790625.0,-31.999050675054967
1387793750.0,-32.02658009742386
1387796875.0,-32.051262740091886
1387800000.0,-32.07789063621951
1387803125.0,-32.1008895786619
1387806250.0,-32.12921760715415
1387809375.0,-32.153028316122246
1387812500.0,-32.17789825271344
1387815625.0,-32.20272201881653
1387818750.0,-32.228571738690434
1387821875.0,-32.25343789744014
1387825000.0,-32.277193444683704
1387828125.0,-32.30355986204341
1387831250.0,-32.32764228176308
1387834375.0,-32.35416128592827
1387837500.0,-32.37512143986404
1387840625.0,-32.40284126214274
1387843750.0,-32.4273676218857
1387846875.0,-32.44971892434749
1387850000.0,-32.476286593169355
1387853125.0,-32.49959826346813
1387856250.0,-32.523788622893846
1387859375.0,-32.54851440771768
1387862500.0,-32.57424866235674
1387865625.0,-32.59651989995508
1387868750.0,-32.619231065292084
1387871875.0,-32.64305383878931
1387875000.0,-32.66811769941389
1387878125.0,-32.69257255075808
1387881250.0,-32.71558173567495
1387884375.0,-32.740014500334944
1387887500.0,-32.76230191714168
1387890625.0,-32.78799704901191
1387893750.0,-32.80856516552387
1387896875.0,-32.8330369547753
1387900000.0,-32.856356619440945
1387903125.0,-32.87891212488638
1387906250.0,-32.90151142292776
1387909375.0,-32.92471206113149
1387912500.0,-32.94961592701933
1387915625.0,-32.971810647117714
1387918750.0,-32.99410957278726
1387921875.0,-33.017536425777834
1387925000.0,-33.04012032662304
1387928125.0,-33.06120182616783
1387931250.0,-33.08435454114941
1387934375.0,-33.10852545007833
1387937500.0,-33.13235767706054
1387940625.0,-33.15347730486601
1387943750.0,-33.17645903502884
1387946875.0,-33.19849821021389
1387950000.0,-33.22322730145337
1387953125.0,-33.24427614279646
1387956250.0,-33.26871558196275
1387959375.0,-33.28887226115844
1387962500.0,-33.311056724528285
1387965625.0,-33.331414460423055
1387968750.0,-33.354781727014576
1387971875.0,-33.37499286915129
1387975000.0,-33.39788437559365
1387978125.0,-33.41964123740962
1387981250.0,-33.441601785662606
1387984375.0,-33.46338583660693
1387987500.0,-33.48261644980254
1387990625.0,-33.505429817736015
1387993750.0,-33.52859516278314
1387996875.0,-33.551198729269245
1388000000.0,-33.57103838948521
1388003125.0,-33.59211200834424
1388006250.0,-33.61588594806679
1388009375.0,-33.63670016815973
1388012500.0,-33.6584295765228
1388015625.0,-33.67813983566994
1388018750.0,-33.70168005444009
1388021875.0,-33.72028280237029
1388025000.0,-33.739975525913835
1388028125.0,-33.761952769117066
1388031250.0,-33.78437770280527
1388034375.0,-33.80543754769443
1388037500.0,-33.82499790542143
1388040625.0,-33.845981971545555
1388043750.0,-33.867336302243736
1388046875.0,-33.88903621742049
1388050000.0,-33.910025172126
1388053125.0,-33.92920220700965
1388056250.0,-33.94918905314081
1388059375.0,-33.970588282641984
1388062500.0,-33.98985251943478
1388065625.0,-34.00980377659767
1388068750.0,-34.0319751099512
1388071875.0,-34.05285476172064
1388075000.0,-34.07269959551389
1388078125.0,-34.09190940540316
1388081250.0,-34.113612109397174
1388084375.0,-34.132924305653084
1388087500.0,-34.15484793108333
1388090625.0,-34.172565946845765
1388093750.0,-34.19272208882975
1388096875.0,-34.212341090103116
1388100000.0,-34.23454911551514
1388103125.0,-34.253931896098436
1388106250.0,-34.273978989480355
1388109375.0,-34.291898700909215
1388112500.0,-34.31237351368206
1388115625.0,-34.32933992042022
1388118750.0,-34.35189184837766
1388121875.0,-34.372427256654014
1388125000.0,-34.38973328068061
1388128125.0,-34.41213003123546
1388131250.0,-34.429051831315135
1388134375.0,-34.450275330884686
1388137500.0,-34.468909477069325
1388140625.0,-34.4909201948405
1388143750.0,-34.50792473200478
1388146875.0,-34.52782735097101
1388150000.0,-34.54562093678307
1388153125.0,-34.56649311677607
1388156250.0,-34.586441864494624
1388159375.0,-34.60490750991861
1388162500.0,-34.62272797049696
1388165625.0,-34.64084690757879
1388168750.0,-34.66200702779234
1388171875.0,-34.682199710692736
1388175000.0,-34.69886238536638
1388178125.0,-34.718193978726454
1388181250.0,-34.73630272903856
1388184375.0,-34.75437688669826
1388187500.0,-34.772989237844875
1388190625.0,-34.792120841652256
1388193750.0,-34.80945242351917
1388196875.0,-34.82877425459119
1388200000.0,-34.849101561923185
1388203125.0,-34.868426771522245
1388206250.0,-34.884884670847136
1388209375.0,-34.905059767821065
1388212500.0,-34.921888502381655
1388215625.0,-34.94183886557968
1388218750.0,-34.96201154031348
1388221875.0,-34.97889427956655
1388225000.0,-34.996723846023315
1388228125.0,-35.013326754755695
1388231250.0,-35.032282874207844
1388234375.0,-35.05093459502941
1388237500.0,-35.06953902884305
1388240625.0,-35.08683005363014
1388243750.0,-35.1056462882935
1388246875.0,-35.12441096266569
1388250000.0,-35.14075904389271
1388253125.0,-35.161282378140974
1388256250.0,-35.17633043530163
1388259375.0,-35.19445199562367
1388262500.0,-35.212798014989595
1388265625.0,-35.233098732367715
1388268750.0,-35.246260079205705
1388271875.0,-35.266530212726295
1388275000.0,-35.28323206837743
1388278125.0,-35.30080086613629
1388281250.0,-35.32021681820883
1388284375.0,-35.33718893094911
1388287500.0,-35.35496650011035
1388290625.0,-35.37272738253157
1388293750.0,-35.38955718203762
1388296875.0,-35.40754310262961
1388300000.0,-35.42370704878446
1388303125.0,-35.44212153924922
1388306250.0,-35.45831970572001
1388309375.0,-35.478876857814676
1388312500.0,-35.49211833148394
1388315625.0,-35.51167998518828
1388318750.0,-35.52753190040096
1388321875.0,-35.54618930277237
1388325000.0,-35.5629022293794
1388328125.0,-35.57822828410204
1388331250.0,-35.59704785265885
1388334375.0,-35.61393393014991
1388337500.0,-35.63153139590075
1388340625.0,-35.650054163061355
1388343750.0,-35.66294395251013
1388346875.0,-35.683187298325
1388350000.0,-35.69772369568487
1388353125.0,-35.71333254247994
1388356250.0,-35.73282985005731
1388359375.0,-35.74694014697352
1388362500.0,-35.76783029814943
1388365625.0,-35.78460522412701
1388368750.0,-35.7982675396543
1388371875.0,-35.815686979746985
1388375000.0,-35.83224338751515
1388378125.0,-35.84700041052454
1388381250.0,-35.863611667576166
1388384375.0,-35.88098754792846
1388387500.0,-35.89655524516022
1388390625.0,-35.914026668387585
1388393750.0,-35.92960544718889
1388396875.0,-35.947022680086654
1388400000.0,-35.96518099869035
1388403125.0,-35.98102377434453
1388406250.0,-35.9976452021366
1388409375.0,-36.01218411817727
1388412500.0,-36.02722593966116
1388415625.0,-36.04276483601209
1388418750.0,-36.060294347363914
1388421875.0,-36.07832398731303
1388425000.0,-36.095057516296905
1388428125.0,-36.108357670808665
1388431250.0,-36.12437198272152
1388434375.0,-36.14237112734296
1388437500.0,-36.1572310600197
1388440625.0,-36.17685315781735
1388443750.0,-36.1902055974532
1388446875.0,-36.206326963653346
1388450000.0,-36.22226038514692
1388453125.0,-36.23859266518478
1388456250.0,-36.2506366603197
1388459375.0,-36.27068603580069
1388462500.0,-36.283195531641674
1388465625.0,-36.30103456214001
1388468750.0,-36.31493458981405
1388471875.0,-36.33186216708059
1388475000.0,-36.347642934961925
1388478125.0,-36.36250198256144
1388481250.0,-36.37762788259098
1388484375.0,-36.393544401799794
1388487500.0,-36.41164643816514
1388490625.0,-36.42408127113076
1388493750.0,-36.4397078258703
1388496875.0,-36.45589740135432
1388500000.0,-36.47358081105917
1388503125.0,-36.48708616465898
1388506250.0,-36.50034234108846
1388509375.0,-36.51764883383253
1388512500.0,-36.53340071905503
1388515625.0,-36.54988103255274
1388518750.0,-36.56319471049041
1388521875.0,-36.578619256900474
1388525000.0,-36.596189406633066
1388528125.0,-36.60680027957144
1388531250.0,-36.621958082298114
1388534375.0,-36.642262614874475
1388537500.0,-36.65606260715009
1388540625.0,-36.66907274453632
1388543750.0,-36.68531323769109
1388546875.0,-36.7007309101043
1388550000.0,-36.71567300871475
1388553125.0,-36.728248550225196
1388556250.0,-36.746915791827746
1388559375.0,-36.76013845065176
1388562500.0,-36.773633423453624
1388565625.0,-36.78926790866826
1388568750.0,-36.80337336224011
1388571875.0,-36.81763793317983
1388575000.0,-36.835163203812826
1388578125.0,-36.846886653648575
1388581250.0,-36.862403093122786
1388584375.0,-36.87844536782573
1388587500.0,-36.89326307480568
1388590625.0,-36.90983315567486
1388593750.0,-36.92271216815754
1388596875.0,-36.93419161164867
1388600000.0,-36.95181230709371
1388603125.0,-36.965888640385124
1388606250.0,-36.97981208224529
1388609375.0,-36.99489020810953
1388612500.0,-37.00868601107741
1388615625.0,-37.02423705377774
1388618750.0,-37.04218230289872
1388621875.0,-37.05292483423781
1388625000.0,-37.06691783264715
1388628125.0,-37.07990251206576
1388631250.0,-37.09695254491688
1388634375.0,-37.11227058373744
1388637500.0,-37.12432861581928
1388640625.0,-37.140484412167616
1388643750.0,-37.15638234478955
1388646875.0,-37.16756817581504
1388650000.0,-37.17956914592752
1388653125.0,-37.195524454841
1388656250.0,-37.20980331637587
1388659375.0,-37.224255717564766
1388662500.0,-37.23867501822822
1388665625.0,-37.25105601035449
1388668750.0,-37.265732162450746
1388671875.0,-37.28129677386402
1388675000.0,-37.295494904115934
1388678125.0,-37.31029461416187
1388681250.0,-37.32022302497859
1388684375.0,-37.33789135154576
1388687500.0,-37.34794124150563
1388690625.0,-37.36644396814418
1388693750.0,-37.379774886211905
1388696875.0,-37.39187253073113
1388700000.0,-37.406987975309626
1388703125.0,-37.418064512415
1388706250.0,-37.4344650934175
1388709375.0,-37.44894625038832
1388712500.0,-37.461272069556124
1388715625.0,-37.47396730817472
1388718750.0,-37.49056559298762
1388721875.0,-37.50541281992069
1388725000.0,-37.51521313360784
1388728125.0,-37.53305934839361
1388731250.0,-37.543290562040156
1388734375.0,-37.556605395977805
1388737500.0,-37.57012775396332
1388740625.0,-37.58047333454461
1388743750.0,-37.59853864095518
1388746875.0,-37.607385318127015
1388750000.0,-37.62226136709
1388753125.0,-37.639616067710094
1388756250.0,-37.65029127496377
1388759375.0,-37.66684154455647
1388762500.0,-37.67805975701305
1388765625.0,-37.69225523801914
1388768750.0,-37.705881004136295
1388771875.0,-37.71734824138382
1388775000.0,-37.731824627806496
1388778125.0,-37.742751358587185
1388781250.0,-37.757573861133686
1388784375.0,-37.774797360539395
1388787500.0,-37.78864210381974
1388790625.0,-37.802219137183954
1388793750.0,-37.81286500736261
1388796875.0,-37.82891560618966
1388800000.0,-37.83637635523555
1388803125.0,-37.84998388983474
1388806250.0,-37.86493767982654
1388809375.0,-37.87863918863406
1388812500.0,-37.89332835428211
1388815625.0,-37.90088166823516
1388818750.0,-37.91299289287955
1388821875.0,-37.93114648117133
1388825000.0,-37.949077334783134
1388828125.0,-37.95314245906503
1388831250.0,-37.96820127559312
1388834375.0,-37.97906837122633
1388837500.0,-37.994735291558214
1388840625.0,-38.009788307830966
1388843750.0,-38.019859140671336
1388846875.0,-38.035367932335944
1388850000.0,-38.04833841331474
1388853125.0,-38.06180338246982
1388856250.0,-38.07276327192163
1388859375.0,-38.08804343428933
1388862500.0,-38.09723920217289
1388865625.0,-38.1142420949152
1388868750.0,-38.123806462076615
1388871875.0,-38.13534120073743
1388875000.0,-38.14842414741388
1388878125.0,-38.16337380450198
1388881250.0,-38.17285200956628
1388884375.0,-38.186598320183144
1388887500.0,-38.20074629737661
1388890625.0,-38.21294692904888
1388893750.0,-38.226444613194765
1388896875.0,-38.23870171268972
1388900000.0,-38.2493264666009
1388903125.0,-38.26638442151198
1388906250.0,-38.27465817397302
1388909375.0,-38.29015045754917
1388912500.0,-38.30050901986051
1388915625.0,-38.313792073376824
1388918750.0,-38.32277934491408
1388921875.0,-38.33827981732008
1388925000.0,-38.35156228793221
1388928125.0,-38.35946807433004
1388931250.0,-38.37486263203784
1388934375.0,-38.3903622597434
1388937500.0,-38.400614710294136
1388940625.0,-38.41350676267866
1388943750.0,-38.425840167523354
1388946875.0,-38.43466590222669
1388950000.0,-38.44804888056767
1388953125.0,-38.46309447509748
1388956250.0,-38.47085475475922
1388959375.0,-38.485025662471884
1388962500.0,-38.494823789559554
1388965625.0,-38.508834654182806
1388968750.0,-38.51986154487952
1388971875.0,-38.53616496087241
1388975000.0,-38.54647629437615
1388978125.0,-38.56082758301025
1388981250.0,-38.57587882849517
1388984375.0,-38.58331052893991
1388987500.0,-38.59730434766848
1388990625.0,-38.60217815544927
1388993750.0,-38.618803999355315
1388996875.0,-38.63144378126836
1389000000.0,-38.64334925890955
1389003125.0,-38.660015597760285
1389006250.0,-38.6666716887578
1389009375.0,-38.67602624703566
1389012500.0,-38.69267870779475
1389015625.0,-38.70414110734434
1389018750.0,-38.71470481578265
1389021875.0,-38.72774482394953
1389025000.0,-38.73908359641078
1389028125.0,-38.75064341707902
1389031250.0,-38.75998661037004
1389034375.0,-38.774328715640515
1389037500.0,-38.788574010795884
1389040625.0,-38.797092287629795
1389043750.0,-38.808859331641436
1389046875.0,-38.82387726735045
1389050000.0,-38.83086925987544
1389053125.0,-38.8453610637277
1389056250.0,-38.85709271296921
1389059375.0,-38.86948984505088
1389062500.0,-38.878824330350966
1389065625.0,-38.89092191471993
1389068750.0,-38.90803949418998
1389071875.0,-38.91880238629129
1389075000.0,-38.92823414254915
1389078125.0,-38.93984352659777
1389081250.0,-38.95107667762655
1389084375.0,-38.963009218205784
1389087500.0,-38.971707860497986
1389090625.0,-38.984600517005724
1389093750.0,-38.99653792961547
1389096875.0,-39.0071191823953
1389100000.0,-39.0159083761488
1389103125.0,-39.030391046609374
1389106250.0,-39.041061036366195
1389109375.0,-39.049566556152264
1389112500.0,-39.06038886004651
1389115625.0,-39.07857246084975
1389118750.0,-39.08636271004521
1389121875.0,-39.0966223421768
1389125000.0,-39.10712381330084
1389128125.0,-39.12053103404148
1389131250.0,-39.13495637861853
1389134375.0,-39.14374874752373
1389137500.0,-39.15735524441393
1389140625.0,-39.16957777451801
1389143750.0,-39.17771849130468
1389146875.0,-39.192065784946806
1389150000.0,-39.202159972004196
1389153125.0,-39.21157071376689
1389156250.0,-39.217806285084066
1389159375.0,-39.232248021957226
1389162500.0,-39.24114676051732
1389165625.0,-39.25760974553935
1389168750.0,-39.27049308358265
1389171875.0,-39.27839636332563
1389175000.0,-39.29216558708041
1389178125.0,-39.30348281611904
1389181250.0,-39.31026698645816
1389184375.0,-39.32640689667115
1389187500.0,-39.3382489014243
1389190625.0,-39.347432010687186
1389193750.0,-39.359298493832554
1389196875.0,-39.36833356908846
1389200000.0,-39.38089032926047
1389203125.0,-39.3882891474052
1389206250.0,-39.40097749219448
1389209375.0,-39.41166224929201
1389212500.0,-39.42420524192941
1389215625.0,-39.43398148669252
1389218750.0,-39.44451423303214
1389221875.0,-39.452320420815155
1389225000.0,-39.46981276484794
1389228125.0,-39.47534650777557
1389231250.0,-39.49115534714821
1389234375.0,-39.49787766827914
1389237500.0,-39.51164296319002
1389240625.0,-39.522772108388274
1389243750.0,-39.534825674721624
1389246875.0,-39.543065115913386
1389250000.0,-39.55311132214527
1389253125.0,-39.562181195791666
1389256250.0,-39.56953460759938
1389259375.0,-39.58782847031288
1389262500.0,-39.598870541689976
1389265625.0,-39.60894140539524
1389268750.0,-39.62168506334174
1389271875.0,-39.62922505325609
1389275000.0,-39.63737764764121
1389278125.0,-39.65215883948545
1389281250.0,-39.66473186082452
1389284375.0,-39.67349957832944
1389287500.0,-39.679440087576396
1389290625.0,-39.69210945585442
1389293750.0,-39.70208034035034
1389296875.0,-39.71389021626794
1389300000.0,-39.725187155085116
1389303125.0,-39.73379977979576
1389306250.0,-39.74383530050883
1389309375.0,-39.75529507079684
1389312500.0,-39.76407343109737
1389315625.0,-39.77806084944248
1389318750.0,-39.790921959729374
1389321875.0,-39.795874701081324
1389325000.0,-39.812935827316416
1389328125.0,-39.81693829033145
1389331250.0,-39.8307996413722
1389334375.0,-39.838827046516336
1389337500.0,-39.85341335076724
1389340625.0,-39.86146265768305
1389343750.0,-39.86974199792737
1389346875.0,-39.88466500685948
1389350000.0,-39.893390727553296
