2970025937.5,-56.21821
2970026093.75,-56.26465
2970026250.0,-56.26418
2970026406.25,-56.26114
2970026562.5,-56.29669
2970026718.75,-56.2803
2970026875.0,-56.17316
2970027031.25,-56.13217
2970027187.5,-56.19745
2970027343.75,-56.26665
2970027500.0,-56.27387
2970027656.25,-56.2252
2970027812.5,-56.19145
2970027968.75,-56.21371
2970028125.0,-56.27477
2970028281.25,-56.18375
2970028437.5,-56.17862
2970028593.75,-56.18417
2970028750.0,-56.22541
2970028906.25,-56.27205
2970029062.5,-56.16673
2970029218.75,-56.274
2970029375.0,-56.24782
2970029531.25,-56.15707
2970029687.5,-56.24721
2970029843.75,-56.18808
2970030000.0,-56.09203
2970030156.25,-56.18299
2970030312.5,-56.21281
2970030468.75,-56.1905
2970030625.0,-56.26928
2970030781.25,-56.1718
2970030937.5,-56.24338
2970031093.75,-56.09154
2970031250.0,-56.24864
2970031406.25,-56.24186
2970031562.5,-56.22174
2970031718.75,-56.18804
2970031875.0,-56.16197
2970032031.25,-56.14404
2970032187.5,-56.12874
2970032343.75,-56.22802
2970032500.0,-56.16941
2970032656.25,-56.21461
2970032812.5,-56.20153
2970032968.75,-56.12173
2970033125.0,-56.3236
2970033281.25,-56.13681
2970033437.5,-56.1469
2970033593.75,-56.22845
2970033750.0,-56.12326
2970033906.25,-56.19457
2970034062.5,-56.26447
2970034218.75,-56.20701
2970034375.0,-56.17101
2970034531.25,-56.13477
2970034687.5,-56.21072
2970034843.75,-56.14854
2970035000.0,-56.13765
2970035156.25,-56.07988
2970035312.5,-56.11216
2970035468.75,-56.14434
2970035625.0,-56.18128
2970035781.25,-56.22721
2970035937.5,-56.22081
2970036093.75,-56.1862
2970036250.0,-56.26572
2970036406.25,-56.18813
2970036562.5,-56.21842
2970036718.75,-56.14849
2970036875.0,-56.3116
2970037031.25,-56.20042
2970037187.5,-56.1767
2970037343.75,-56.22544
2970037500.0,-56.14204
2970037656.25,-56.24995
2970037812.5,-56.29548
2970037968.75,-56.12276
2970038125.0,-56.15263
2970038281.25,-56.15539
2970038437.5,-56.20612
2970038593.75,-56.23204
2970038750.0,-56.10768
2970038906.25,-56.18594
2970039062.5,-56.0807
2970039218.75,-56.14624
2970039375.0,-56.09092
2970039531.25,-56.19192
2970039687.5,-56.25985
2970039843.75,-56.19959
2970040000.0,-56.26284
2970040156.25,-56.14389
2970040312.5,-56.17424
2970040468.75,-56.10138
2970040625.0,-56.19317
2970040781.25,-56.24189
2970040937.5,-56.24924
2970041093.75,-56.12184
2970041250.0,-56.1444
2970041406.25,-56.18734
2970041562.5,-56.23251
2970041718.75,-56.25239
2970041875.0,-56.22274
2970042031.25,-56.23457
2970042187.5,-56.20675
2970042343.75,-56.24509
2970042500.0,-56.18701
2970042656.25,-56.1524
2970042812.5,-56.13268
2970042968.75,-56.10764
2970043125.0,-56.01823
2970043281.25,-56.20351
2970043437.5,-56.15744
2970043593.75,-56.14223
2970043750.0,-56.04181
2970043906.25,-56.19437
2970044062.5,-56.19632
2970044218.75,-56.3033
2970044375.0,-56.15491
2970044531.25,-56.25484
2970044687.5,-56.09846
2970044843.75,-56.28464
2970045000.0,-56.12416
2970045156.25,-56.10251
2970045312.5,-56.13131
2970045468.75,-56.16585
2970045625.0,-56.24961
2970045781.25,-56.17399
2970045937.5,-56.12381
2970046093.75,-56.24649
2970046250.0,-56.17684
2970046406.25,-56.18607
2970046562.5,-56.11862
2970046718.75,-56.13654
2970046875.0,-56.14046
2970047031.25,-56.10998
2970047187.5,-56.15282
2970047343.75,-56.33845
2970047500.0,-56.20052
2970047656.25,-56.18812
2970047812.5,-56.13016
2970047968.75,-56.11834
2970048125.0,-56.14928
2970048281.25,-56.13636
2970048437.5,-56.17959
2970048593.75,-56.1615
2970048750.0,-56.14661
2970048906.25,-56.20393
2970049062.5,-56.08424
2970049218.75,-56.18824
2970049375.0,-56.09763
2970049531.25,-56.11747
2970049687.5,-56.07187
2970049843.75,-56.12294
2970050000.0,-56.12776
2970050156.25,-56.14946
2970050312.5,-55.92232
2970050468.75,-56.13549
2970050625.0,-56.20377
2970050781.25,-56.07061
2970050937.5,-56.13852
2970051093.75,-56.05037
2970051250.0,-56.11239
2970051406.25,-56.08797
2970051562.5,-56.16399
2970051718.75,-56.13498
2970051875.0,-56.12975
2970052031.25,-56.13234
2970052187.5,-56.20062
2970052343.75,-56.10939
2970052500.0,-56.06203
2970052656.25,-55.96551
2970052812.5,-56.13689
2970052968.75,-56.12125
2970053125.0,-56.12185
2970053281.25,-56.09527
2970053437.5,-56.11854
2970053593.75,-55.98097
2970053750.0,-56.20455
2970053906.25,-56.22528
2970054062.5,-56.21106
2970054218.75,-56.13024
2970054375.0,-56.19188
2970054531.25,-56.15237
2970054687.5,-56.10559
2970054843.75,-56.16046
2970055000.0,-56.07509
2970055156.25,-56.10835
2970055312.5,-56.13549
2970055468.75,-56.03198
2970055625.0,-56.06554
2970055781.25,-56.15369
2970055937.5,-56.14271
2970056093.75,-56.16256
2970056250.0,-56.11952
2970056406.25,-56.10181
2970056562.5,-56.21872
2970056718.75,-56.2094
2970056875.0,-56.178
2970057031.25,-56.10806
2970057187.5,-56.25368
2970057343.75,-56.07393
2970057500.0,-56.10524
2970057656.25,-56.00898
2970057812.5,-56.19883
2970057968.75,-56.06921
2970058125.0,-56.19485
2970058281.25,-56.23182
2970058437.5,-56.1511
2970058593.75,-56.13045
2970058750.0,-56.21442
2970058906.25,-56.03524
2970059062.5,-56.11053
2970059218.75,-56.17524
2970059375.0,-56.1556
2970059531.25,-56.16379
2970059687.5,-56.05564
2970059843.75,-56.15456
2970060000.0,-56.1535
2970060156.25,-56.12961
2970060312.5,-56.14153
2970060468.75,-56.17897
2970060625.0,-56.03298
2970060781.25,-56.174
2970060937.5,-56.04492
2970061093.75,-56.18946
2970061250.0,-56.22741
2970061406.25,-56.17995
2970061562.5,-56.08052
2970061718.75,-56.16633
2970061875.0,-56.22255
2970062031.25,-56.17081
2970062187.5,-56.12542
2970062343.75,-56.01137
2970062500.0,-56.15964
2970062656.25,-56.13814
2970062812.5,-56.11121
2970062968.75,-56.09736
2970063125.0,-56.17043
2970063281.25,-56.13881
2970063437.5,-56.19999
2970063593.75,-56.01513
2970063750.0,-56.13362
2970063906.25,-56.22418
2970064062.5,-56.10138
2970064218.75,-56.13183
2970064375.0,-56.10168
2970064531.25,-56.065
2970064687.5,-56.26244
2970064843.75,-56.13823
2970065000.0,-56.15317
2970065156.25,-56.05471
2970065312.5,-56.1074
2970065468.75,-56.12564
2970065625.0,-56.20644
2970065781.25,-56.0422
2970065937.5,-56.198
2970066093.75,-56.17376
2970066250.0,-56.11689
2970066406.25,-56.12786
2970066562.5,-56.06396
2970066718.75,-56.20894
2970066875.0,-56.12655
2970067031.25,-56.07657
2970067187.5,-56.14944
2970067343.75,-56.12821
2970067500.0,-56.16592
2970067656.25,-56.09221
2970067812.5,-56.0499
2970067968.75,-56.07668
2970068125.0,-56.16871
2970068281.25,-56.02676
2970068437.5,-56.14288
2970068593.75,-56.05045
2970068750.0,-56.13342
2970068906.25,-56.07136
2970069062.5,-56.23363
2970069218.75,-56.09553
2970069375.0,-56.06439
2970069531.25,-56.11299
2970069687.5,-56.18192
2970069843.75,-56.19626
2970070000.0,-56.10398
2970070156.25,-56.10984
2970070312.5,-56.1226
2970070468.75,-56.13159
2970070625.0,-56.0231
2970070781.25,-56.09434
2970070937.5,-56.10878
2970071093.75,-56.15379
2970071250.0,-56.10228
2970071406.25,-56.21479
2970071562.5,-55.96535
2970071718.75,-56.05177
2970071875.0,-56.07333
2970072031.25,-56.06364
2970072187.5,-56.11146
2970072343.75,-56.04514
2970072500.0,-56.13469
2970072656.25,-56.05863
2970072812.5,-56.22779
2970072968.75,-56.01414
2970073125.0,-56.11834
2970073281.25,-56.14903
2970073437.5,-56.07031
2970073593.75,-55.99179
2970073750.0,-56.11367
2970073906.25,-56.09543
2970074062.5,-56.07006
2970074218.75,-56.11705
2970074375.0,-56.18767
2970074531.25,-56.09139
2970074687.5,-56.17746
2970074843.75,-56.12877
2970075000.0,-55.89741
2970075156.25,-56.09506
2970075312.5,-56.04935
2970075468.75,-56.17293
2970075625.0,-56.0746
2970075781.25,-56.1061
2970075937.5,-56.02638
2970076093.75,-56.05528
2970076250.0,-56.05426
2970076406.25,-55.9552
2970076562.5,-56.13676
2970076718.75,-56.06716
2970076875.0,-56.17133
2970077031.25,-56.16527
2970077187.5,-56.16101
2970077343.75,-56.00633
2970077500.0,-56.09984
2970077656.25,-56.02454
2970077812.5,-56.02501
2970077968.75,-56.05615
2970078125.0,-56.05857
2970078281.25,-56.04998
2970078437.5,-56.12672
2970078593.75,-56.15094
2970078750.0,-56.05571
2970078906.25,-56.19062
2970079062.5,-56.1611
2970079218.75,-56.10718
2970079375.0,-55.9959
2970079531.25,-55.94855
2970079687.5,-56.05342
2970079843.75,-56.08733
2970080000.0,-56.09797
2970080156.25,-56.08335
2970080312.5,-56.126
2970080468.75,-56.09567
2970080625.0,-56.13173
2970080781.25,-55.95022
2970080937.5,-56.04721
2970081093.75,-56.18822
2970081250.0,-56.14147
2970081406.25,-56.00349
2970081562.5,-56.00623
2970081718.75,-56.0783
2970081875.0,-56.1023
2970082031.25,-56.11035
2970082187.5,-56.00817
2970082343.75,-56.08593
2970082500.0,-56.08238
2970082656.25,-56.0031
2970082812.5,-56.02294
2970082968.75,-56.01435
2970083125.0,-56.16986
2970083281.25,-56.12707
2970083437.5,-56.07524
2970083593.75,-56.11673
2970083750.0,-56.04769
2970083906.25,-56.08004
2970084062.5,-56.09174
2970084218.75,-55.98719
2970084375.0,-56.00777
2970084531.25,-55.99474
2970084687.5,-56.1028
2970084843.75,-56.02985
2970085000.0,-56.02977
2970085156.25,-56.0144
2970085312.5,-56.05328
2970085468.75,-56.10533
2970085625.0,-56.02217
2970085781.25,-55.98781
2970085937.5,-56.03665
2970086093.75,-56.00788
2970086250.0,-56.06005
2970086406.25,-56.07401
2970086562.5,-56.06536
2970086718.75,-56.11872
2970086875.0,-56.028
2970087031.25,-56.05722
2970087187.5,-56.1658
2970087343.75,-56.1729
2970087500.0,-56.12656
2970087656.25,-56.02412
2970087812.5,-56.08436
2970087968.75,-56.14835
2970088125.0,-56.11819
2970088281.25,-55.9349
2970088437.5,-56.05497
2970088593.75,-56.11689
2970088750.0,-56.10561
2970088906.25,-56.06504
2970089062.5,-56.05925
2970089218.75,-56.01514
2970089375.0,-56.06865
2970089531.25,-56.05808
2970089687.5,-56.06735
2970089843.75,-56.03719
2970090000.0,-55.89061
2970090156.25,-55.95641
2970090312.5,-56.03589
2970090468.75,-56.04537
2970090625.0,-56.00964
2970090781.25,-56.04766
2970090937.5,-56.00479
2970091093.75,-56.11668
2970091250.0,-56.07669
2970091406.25,-56.17529
2970091562.5,-56.02557
2970091718.75,-56.06424
2970091875.0,-56.00499
2970092031.25,-56.05515
2970092187.5,-56.00814
2970092343.75,-55.93204
2970092500.0,-56.09782
2970092656.25,-56.07432
2970092812.5,-56.10403
2970092968.75,-56.06461
2970093125.0,-56.05533
2970093281.25,-56.07833
2970093437.5,-56.06637
2970093593.75,-56.03029
2970093750.0,-56.02509
2970093906.25,-56.06609
2970094062.5,-56.00058
2970094218.75,-56.04363
2970094375.0,-56.09098
2970094531.25,-56.09082
2970094687.5,-56.06256
2970094843.75,-55.98334
2970095000.0,-56.02144
2970095156.25,-56.03398
2970095312.5,-55.93796
2970095468.75,-55.93844
2970095625.0,-56.04856
2970095781.25,-56.09888
2970095937.5,-55.92843
2970096093.75,-56.02003
2970096250.0,-56.04327
2970096406.25,-55.98753
2970096562.5,-56.05362
2970096718.75,-56.0056
2970096875.0,-55.97942
2970097031.25,-56.01854
2970097187.5,-56.09895
2970097343.75,-56.00771
2970097500.0,-56.03754
2970097656.25,-56.06355
2970097812.5,-56.07394
2970097968.75,-56.0918
2970098125.0,-55.98231
2970098281.25,-55.94431
2970098437.5,-55.97977
2970098593.75,-56.02267
2970098750.0,-56.02896
2970098906.25,-56.01773
2970099062.5,-56.05122
2970099218.75,-56.03524
2970099375.0,-56.00211
2970099531.25,-56.02555
2970099687.5,-55.97101
2970099843.75,-56.1148
2970100000.0,-55.96552
2970100156.25,-56.01244
2970100312.5,-56.12295
2970100468.75,-56.18901
2970100625.0,-56.02422
2970100781.25,-55.9069
2970100937.5,-56.02642
2970101093.75,-56.06895
2970101250.0,-56.02712
2970101406.25,-55.99701
2970101562.5,-56.00367
2970101718.75,-55.98508
2970101875.0,-56.05109
2970102031.25,-55.94456
2970102187.5,-56.03273
2970102343.75,-56.04593
2970102500.0,-56.04228
2970102656.25,-56.08273
2970102812.5,-56.0126
2970102968.75,-56.11974
2970103125.0,-55.9692
2970103281.25,-56.01108
2970103437.5,-55.93304
2970103593.75,-55.99557
2970103750.0,-56.02311
2970103906.25,-56.023
2970104062.5,-56.05885
2970104218.75,-56.00606
2970104375.0,-56.02297
2970104531.25,-56.06586
2970104687.5,-56.05505
2970104843.75,-56.04176
2970105000.0,-56.08453
2970105156.25,-55.9715
2970105312.5,-56.05684
2970105468.75,-55.96338
2970105625.0,-55.9109
2970105781.25,-56.03004
2970105937.5,-56.02921
2970106093.75,-56.0591
2970106250.0,-55.94287
2970106406.25,-56.01384
2970106562.5,-56.00745
2970106718.75,-56.00875
2970106875.0,-55.9901
2970107031.25,-55.93042
2970107187.5,-56.02798
2970107343.75,-56.00957
2970107500.0,-56.04424
2970107656.25,-56.02953
2970107812.5,-55.92717
2970107968.75,-55.94261
2970108125.0,-56.07422
2970108281.25,-56.06791
2970108437.5,-56.0555
2970108593.75,-55.95876
2970108750.0,-56.10212
2970108906.25,-55.92944
2970109062.5,-55.9278
2970109218.75,-56.08273
2970109375.0,-56.04675
2970109531.25,-56.01159
2970109687.5,-56.06437
2970109843.75,-56.01333
2970110000.0,-55.93777
2970110156.25,-56.02547
2970110312.5,-56.05477
2970110468.75,-55.99958
2970110625.0,-56.00726
2970110781.25,-56.02431
2970110937.5,-55.92142
2970111093.75,-56.10331
2970111250.0,-56.02401
2970111406.25,-56.01684
2970111562.5,-56.04187
2970111718.75,-56.06864
2970111875.0,-55.95455
2970112031.25,-55.96908
2970112187.5,-56.02849
2970112343.75,-55.97356
2970112500.0,-55.92523
2970112656.25,-56.00186
2970112812.5,-56.05087
2970112968.75,-55.91251
2970113125.0,-56.06956
2970113281.25,-56.01905
2970113437.5,-56.0116
2970113593.75,-55.95485
2970113750.0,-55.97807
2970113906.25,-56.0293
2970114062.5,-56.01534
2970114218.75,-55.95425
2970114375.0,-55.89895
2970114531.25,-56.0348
2970114687.5,-55.98845
2970114843.75,-55.94503
2970115000.0,-56.04181
2970115156.25,-55.94542
2970115312.5,-55.92227
2970115468.75,-55.98617
2970115625.0,-56.04081
2970115781.25,-55.99807
2970115937.5,-55.96262
2970116093.75,-56.068
2970116250.0,-56.05238
2970116406.25,-55.99421
2970116562.5,-55.98251
2970116718.75,-55.9296
2970116875.0,-55.95956
2970117031.25,-55.94671
2970117187.5,-55.95021
2970117343.75,-56.00344
2970117500.0,-56.05355
2970117656.25,-55.94878
2970117812.5,-55.93575
2970117968.75,-55.97685
2970118125.0,-56.03599
2970118281.25,-55.86025
2970118437.5,-56.10018
2970118593.75,-55.97575
2970118750.0,-55.87609
2970118906.25,-56.03753
2970119062.5,-56.00131
2970119218.75,-55.9678
2970119375.0,-56.00121
2970119531.25,-56.04654
2970119687.5,-55.98811
2970119843.75,-56.02905
2970120000.0,-55.93827
2970120156.25,-55.94438
2970120312.5,-55.9178
2970120468.75,-55.97206
2970120625.0,-55.9365
2970120781.25,-56.1267
2970120937.5,-55.9465
2970121093.75,-56.03189
2970121250.0,-55.99207
2970121406.25,-55.99235
2970121562.5,-55.98877
2970121718.75,-55.91862
2970121875.0,-56.00098
2970122031.25,-56.10009
2970122187.5,-55.96561
2970122343.75,-55.98082
2970122500.0,-55.87617
2970122656.25,-55.94372
2970122812.5,-55.97239
2970122968.75,-55.99894
2970123125.0,-55.8807
2970123281.25,-55.93623
2970123437.5,-56.0083
2970123593.75,-55.94971
2970123750.0,-55.89192
2970123906.25,-55.97056
2970124062.5,-56.03124
2970124218.75,-55.91727
2970124375.0,-56.02453
2970124531.25,-55.88435
2970124687.5,-55.93975
2970124843.75,-55.96519
2970125000.0,-56.07648
2970125156.25,-56.07411
2970125312.5,-55.98636
2970125468.75,-55.9021
2970125625.0,-55.90853
2970125781.25,-55.99698
2970125937.5,-55.94987
2970126093.75,-55.96806
2970126250.0,-55.9061
2970126406.25,-55.94056
2970126562.5,-55.89697
2970126718.75,-56.01982
2970126875.0,-55.92667
2970127031.25,-56.04454
2970127187.5,-55.90968
2970127343.75,-56.01371
2970127500.0,-55.86961
2970127656.25,-55.83566
2970127812.5,-55.92366
2970127968.75,-56.06313
2970128125.0,-56.0568
2970128281.25,-55.98773
2970128437.5,-56.04877
2970128593.75,-56.01152
2970128750.0,-55.98059
2970128906.25,-55.95687
2970129062.5,-56.02117
2970129218.75,-56.02998
2970129375.0,-55.98267
2970129531.25,-55.96217
2970129687.5,-55.97877
2970129843.75,-55.952
2970130000.0,-55.98576
2970130156.25,-55.88313
2970130312.5,-55.94463
2970130468.75,-55.9385
2970130625.0,-55.86117
2970130781.25,-55.99601
2970130937.5,-55.97871
2970131093.75,-55.98747
2970131250.0,-55.90374
2970131406.25,-56.02243
2970131562.5,-55.90872
2970131718.75,-56.00712
2970131875.0,-55.96648
2970132031.25,-55.86258
2970132187.5,-55.97624
2970132343.75,-55.85022
2970132500.0,-55.92887
2970132656.25,-55.91077
2970132812.5,-55.87011
2970132968.75,-55.86605
2970133125.0,-55.90445
2970133281.25,-55.92457
2970133437.5,-55.9784
2970133593.75,-55.9801
2970133750.0,-55.8861
2970133906.25,-55.98509
2970134062.5,-56.00278
2970134218.75,-55.84546
2970134375.0,-55.90192
2970134531.25,-55.92669
2970134687.5,-55.99187
2970134843.75,-55.87098
2970135000.0,-56.07778
2970135156.25,-55.82517
2970135312.5,-55.9884
2970135468.75,-55.82783
2970135625.0,-55.87546
2970135781.25,-55.972
2970135937.5,-55.88459
2970136093.75,-56.00226
2970136250.0,-55.83997
2970136406.25,-56.01586
2970136562.5,-55.88393
2970136718.75,-55.82733
2970136875.0,-55.99827
2970137031.25,-55.95322
2970137187.5,-55.87929
2970137343.75,-55.95879
2970137500.0,-55.936
2970137656.25,-55.92257
2970137812.5,-55.90316
2970137968.75,-55.8949
2970138125.0,-55.93408
2970138281.25,-55.98154
2970138437.5,-55.95932
2970138593.75,-55.95272
2970138750.0,-55.89682
2970138906.25,-55.9375
2970139062.5,-55.9281
2970139218.75,-55.92508
2970139375.0,-55.97083
2970139531.25,-55.89819
2970139687.5,-56.02463
2970139843.75,-55.84676
2970140000.0,-55.9848
2970140156.25,-56.01757
2970140312.5,-55.981
2970140468.75,-55.86998
2970140625.0,-55.827
2970140781.25,-55.90021
2970140937.5,-55.91321
2970141093.75,-55.96929
2970141250.0,-55.869
2970141406.25,-55.89854
2970141562.5,-55.87532
2970141718.75,-56.01212
2970141875.0,-55.84914
2970142031.25,-55.9298
2970142187.5,-55.86788
2970142343.75,-55.88062
2970142500.0,-55.91948
2970142656.25,-55.88478
2970142812.5,-55.90904
2970142968.75,-55.8285
2970143125.0,-55.95556
2970143281.25,-55.98734
2970143437.5,-55.93245
2970143593.75,-55.96418
2970143750.0,-55.88391
2970143906.25,-55.93261
2970144062.5,-55.84777
2970144218.75,-55.95563
2970144375.0,-56.02761
2970144531.25,-55.88137
2970144687.5,-55.99879
2970144843.75,-55.87656
2970145000.0,-55.97763
2970145156.25,-55.95214
2970145312.5,-55.94791
2970145468.75,-55.98763
2970145625.0,-55.98135
2970145781.25,-55.82387
2970145937.5,-55.8862
2970146093.75,-55.92703
2970146250.0,-55.96358
2970146406.25,-55.9115
2970146562.5,-55.81685
2970146718.75,-55.87349
2970146875.0,-55.94571
2970147031.25,-55.95125
2970147187.5,-55.84473
2970147343.75,-55.90607
2970147500.0,-55.97442
2970147656.25,-55.85339
2970147812.5,-55.78338
2970147968.75,-56.03236
2970148125.0,-55.95452
2970148281.25,-55.89659
2970148437.5,-55.94336
2970148593.75,-55.91067
2970148750.0,-55.99006
2970148906.25,-55.90422
2970149062.5,-55.9043
2970149218.75,-55.79533
2970149375.0,-56.0216
2970149531.25,-55.77963
2970149687.5,-55.92182
2970149843.75,-55.84678
2970150000.0,-55.99901
2970150156.25,-55.97404
2970150312.5,-55.8205
2970150468.75,-55.8582
2970150625.0,-55.95677
2970150781.25,-55.81799
2970150937.5,-55.83964
2970151093.75,-55.75548
2970151250.0,-55.82928
2970151406.25,-55.95319
2970151562.5,-55.93322
2970151718.75,-55.79881
2970151875.0,-55.94712
2970152031.25,-55.91574
2970152187.5,-55.90435
2970152343.75,-55.91753
2970152500.0,-55.8948
2970152656.25,-55.93951
2970152812.5,-55.8519
2970152968.75,-55.85422
2970153125.0,-55.80037
2970153281.25,-55.89314
2970153437.5,-55.96859
2970153593.75,-55.8363
2970153750.0,-55.97341
2970153906.25,-56.03464
2970154062.5,-55.90228
2970154218.75,-55.94174
2970154375.0,-55.85232
2970154531.25,-55.96308
2970154687.5,-55.92976
2970154843.75,-55.85541
2970155000.0,-55.90353
2970155156.25,-55.98637
2970155312.5,-55.94658
2970155468.75,-55.92072
2970155625.0,-55.87783
2970155781.25,-55.82365
2970155937.5,-55.88866
2970156093.75,-55.89741
2970156250.0,-55.81883
2970156406.25,-55.90601
2970156562.5,-55.88364
2970156718.75,-55.96758
2970156875.0,-55.97395
2970157031.25,-55.80363
2970157187.5,-55.87457
2970157343.75,-55.82452
2970157500.0,-55.92151
2970157656.25,-55.9521
2970157812.5,-55.91748
2970157968.75,-55.93946
2970158125.0,-55.86788
2970158281.25,-55.86471
2970158437.5,-55.90788
2970158593.75,-55.83397
2970158750.0,-55.85526
2970158906.25,-55.96313
2970159062.5,-55.88935
2970159218.75,-55.82921
2970159375.0,-55.88869
2970159531.25,-55.81153
2970159687.5,-55.95992
2970159843.75,-55.88836
2970160000.0,-55.91233
2970160156.25,-55.92931
2970160312.5,-55.90437
2970160468.75,-55.84641
2970160625.0,-55.89741
2970160781.25,-55.99486
2970160937.5,-55.84251
2970161093.75,-55.96953
2970161250.0,-55.92216
2970161406.25,-55.88398
2970161562.5,-55.7929
2970161718.75,-55.85739
2970161875.0,-55.89792
2970162031.25,-55.81898
2970162187.5,-55.87347
2970162343.75,-55.82308
2970162500.0,-56.0013
2970162656.25,-55.80341
2970162812.5,-55.78544
2970162968.75,-55.95126
2970163125.0,-55.84756
2970163281.25,-55.9272
2970163437.5,-55.87239
2970163593.75,-56.06712
2970163750.0,-55.94237
2970163906.25,-55.81203
2970164062.5,-55.8783
2970164218.75,-55.86312
2970164375.0,-55.81662
2970164531.25,-55.93212
2970164687.5,-55.88144
2970164843.75,-55.83248
2970165000.0,-55.87139
2970165156.25,-55.88479
2970165312.5,-55.89945
2970165468.75,-55.76986
2970165625.0,-55.90911
2970165781.25,-55.77837
2970165937.5,-55.81258
2970166093.75,-55.82771
2970166250.0,-55.77438
2970166406.25,-55.85476
2970166562.5,-55.83515
2970166718.75,-55.83304
2970166875.0,-55.96824
2970167031.25,-55.84624
2970167187.5,-55.85559
2970167343.75,-55.87817
2970167500.0,-55.81924
2970167656.25,-55.81313
2970167812.5,-55.8868
2970167968.75,-55.81122
2970168125.0,-55.95411
2970168281.25,-55.974
2970168437.5,-55.8429
2970168593.75,-55.91523
2970168750.0,-55.83208
2970168906.25,-55.91715
2970169062.5,-55.86362
2970169218.75,-55.89193
2970169375.0,-55.80074
2970169531.25,-55.85179
2970169687.5,-55.89993
2970169843.75,-55.74986
2970170000.0,-55.86477
2970170156.25,-55.86095
2970170312.5,-55.90612
2970170468.75,-55.82893
2970170625.0,-55.86353
2970170781.25,-55.80453
2970170937.5,-55.92731
2970171093.75,-55.88786
2970171250.0,-55.80362
2970171406.25,-55.83089
2970171562.5,-55.91103
2970171718.75,-55.91291
2970171875.0,-55.84612
2970172031.25,-55.89033
2970172187.5,-55.68296
2970172343.75,-55.86297
2970172500.0,-55.7217
2970172656.25,-56.01193
2970172812.5,-55.857
2970172968.75,-55.744
2970173125.0,-55.7644
2970173281.25,-55.76117
2970173437.5,-55.81419
2970173593.75,-55.87145
2970173750.0,-55.80065
2970173906.25,-55.88732
2970174062.5,-55.78793
2970174218.75,-55.9094
2970174375.0,-55.8128
2970174531.25,-55.84399
2970174687.5,-55.77427
2970174843.75,-55.87592
2970175000.0,-55.8211
2970175156.25,-55.8793
2970175312.5,-55.73145
2970175468.75,-55.80044
2970175625.0,-55.81786
2970175781.25,-55.88103
2970175937.5,-55.81343
2970176093.75,-55.86796
2970176250.0,-55.89309
2970176406.25,-55.87976
2970176562.5,-55.81355
2970176718.75,-55.78174
2970176875.0,-55.77215
2970177031.25,-55.97073
2970177187.5,-55.85912
2970177343.75,-55.88486
2970177500.0,-55.80393
2970177656.25,-55.89638
2970177812.5,-55.88046
2970177968.75,-55.8633
2970178125.0,-55.79024
2970178281.25,-55.83136
2970178437.5,-55.8706
2970178593.75,-55.82804
2970178750.0,-55.77031
2970178906.25,-55.78437
2970179062.5,-55.83004
2970179218.75,-55.81837
2970179375.0,-55.82629
2970179531.25,-55.85122
2970179687.5,-55.87063
2970179843.75,-55.78466
2970180000.0,-55.85559
2970180156.25,-55.87139
2970180312.5,-55.93872
2970180468.75,-55.79393
2970180625.0,-55.78219
2970180781.25,-55.72327
2970180937.5,-55.8397
2970181093.75,-55.88039
2970181250.0,-55.78032
2970181406.25,-55.75645
2970181562.5,-55.80945
2970181718.75,-55.73254
2970181875.0,-55.87189
2970182031.25,-55.76919
2970182187.5,-55.73658
2970182343.75,-55.85199
2970182500.0,-55.71485
2970182656.25,-55.80141
2970182812.5,-55.84703
2970182968.75,-55.83874
2970183125.0,-55.80848
2970183281.25,-55.88846
2970183437.5,-55.6624
2970183593.75,-55.86513
2970183750.0,-55.79483
2970183906.25,-55.8373
2970184062.5,-55.84194
2970184218.75,-55.9269
2970184375.0,-55.79667
2970184531.25,-55.86112
2970184687.5,-55.90021
2970184843.75,-55.86444
2970185000.0,-55.83986
2970185156.25,-55.86341
2970185312.5,-55.78224
2970185468.75,-55.72461
2970185625.0,-55.78714
2970185781.25,-55.80362
2970185937.5,-55.8588
2970186093.75,-55.81938
2970186250.0,-55.8168
2970186406.25,-55.81998
2970186562.5,-55.85838
2970186718.75,-55.81185
2970186875.0,-55.81881
2970187031.25,-55.72939
2970187187.5,-55.75009
2970187343.75,-55.92332
2970187500.0,-55.87963
2970187656.25,-55.77886
2970187812.5,-55.7743
2970187968.75,-55.68151
2970188125.0,-55.73763
2970188281.25,-55.79921
2970188437.5,-55.87498
2970188593.75,-55.79
2970188750.0,-55.75227
2970188906.25,-55.76239
2970189062.5,-55.78884
2970189218.75,-55.80068
2970189375.0,-55.76723
2970189531.25,-55.65331
2970189687.5,-55.62914
2970189843.75,-55.73371
2970190000.0,-55.75748
2970190156.25,-55.78534
2970190312.5,-55.7776
2970190468.75,-55.81664
2970190625.0,-55.70149
2970190781.25,-55.77061
2970190937.5,-55.83634
2970191093.75,-55.74644
2970191250.0,-55.84548
2970191406.25,-55.85492
2970191562.5,-55.84834
2970191718.75,-55.73929
2970191875.0,-55.77285
2970192031.25,-55.85617
2970192187.5,-55.78343
2970192343.75,-55.80222
2970192500.0,-55.8588
2970192656.25,-55.72119
2970192812.5,-55.85853
2970192968.75,-55.79036
2970193125.0,-55.75551
2970193281.25,-55.81468
2970193437.5,-55.75909
2970193593.75,-55.7867
2970193750.0,-55.78738
2970193906.25,-55.90258
2970194062.5,-55.80595
2970194218.75,-55.85504
2970194375.0,-55.74287
2970194531.25,-55.793
2970194687.5,-55.89357
2970194843.75,-55.64501
2970195000.0,-55.81036
2970195156.25,-55.86711
2970195312.5,-55.78769
2970195468.75,-55.7297
2970195625.0,-55.81139
2970195781.25,-55.79383
2970195937.5,-55.77211
2970196093.75,-55.66286
2970196250.0,-55.78062
2970196406.25,-55.77951
2970196562.5,-55.79412
2970196718.75,-55.87429
2970196875.0,-55.74397
2970197031.25,-55.70551
2970197187.5,-55.68166
2970197343.75,-55.76126
2970197500.0,-55.77321
2970197656.25,-55.71065
2970197812.5,-55.80622
2970197968.75,-55.83516
2970198125.0,-55.88113
2970198281.25,-55.8451
2970198437.5,-55.79525
2970198593.75,-55.84501
2970198750.0,-55.88969
2970198906.25,-55.79123
2970199062.5,-55.81741
2970199218.75,-55.80022
2970199375.0,-55.76345
2970199531.25,-55.70061
2970199687.5,-55.79029
2970199843.75,-55.78169
2970200000.0,-55.79484
2970200156.25,-55.65175
2970200312.5,-55.85492
2970200468.75,-55.71576
2970200625.0,-55.71484
2970200781.25,-55.78297
2970200937.5,-55.74419
2970201093.75,-55.85678
2970201250.0,-55.85255
2970201406.25,-55.80964
2970201562.5,-55.79806
2970201718.75,-55.85515
2970201875.0,-55.79314
2970202031.25,-55.80907
2970202187.5,-55.85245
2970202343.75,-55.87154
2970202500.0,-55.67977
2970202656.25,-55.72415
2970202812.5,-55.84087
2970202968.75,-55.87489
2970203125.0,-55.73317
2970203281.25,-55.79694
2970203437.5,-55.75149
2970203593.75,-55.82131
2970203750.0,-55.79337
2970203906.25,-55.76323
2970204062.5,-55.72075
2970204218.75,-55.7152
2970204375.0,-55.69358
2970204531.25,-55.61594
2970204687.5,-55.74797
2970204843.75,-55.78432
2970205000.0,-55.68316
2970205156.25,-55.76112
2970205312.5,-55.8479
2970205468.75,-55.70537
2970205625.0,-55.76262
2970205781.25,-55.76682
2970205937.5,-55.76764
2970206093.75,-55.7165
2970206250.0,-55.77046
2970206406.25,-55.78067
2970206562.5,-55.76538
2970206718.75,-55.71569
2970206875.0,-55.75082
2970207031.25,-55.71977
2970207187.5,-55.68712
2970207343.75,-55.68945
2970207500.0,-55.62899
2970207656.25,-55.89961
2970207812.5,-55.76183
2970207968.75,-55.65094
2970208125.0,-55.77798
2970208281.25,-55.79757
2970208437.5,-55.73206
2970208593.75,-55.66975
2970208750.0,-55.72719
2970208906.25,-55.77446
2970209062.5,-55.7623
2970209218.75,-55.84575
2970209375.0,-55.70971
2970209531.25,-55.80143
2970209687.5,-55.84164
2970209843.75,-55.75081
2970210000.0,-55.73365
2970210156.25,-55.84449
2970210312.5,-55.76186
2970210468.75,-55.82615
2970210625.0,-55.74337
2970210781.25,-55.74287
2970210937.5,-55.70155
2970211093.75,-55.81842
2970211250.0,-55.84834
2970211406.25,-55.76124
2970211562.5,-55.82843
2970211718.75,-55.78525
2970211875.0,-55.75455
2970212031.25,-55.70354
2970212187.5,-55.70124
2970212343.75,-55.74551
2970212500.0,-55.73794
2970212656.25,-55.79385
2970212812.5,-55.74277
2970212968.75,-55.74685
2970213125.0,-55.8204
2970213281.25,-55.62911
2970213437.5,-55.71283
2970213593.75,-55.77774
2970213750.0,-55.72177
2970213906.25,-55.71156
2970214062.5,-55.77555
2970214218.75,-55.73419
2970214375.0,-55.68842
2970214531.25,-55.66496
2970214687.5,-55.77647
2970214843.75,-55.6492
2970215000.0,-55.59277
2970215156.25,-55.69656
2970215312.5,-55.75045
2970215468.75,-55.77974
2970215625.0,-55.74358
2970215781.25,-55.70378
2970215937.5,-55.71536
2970216093.75,-55.65022
2970216250.0,-55.72635
2970216406.25,-55.6484
2970216562.5,-55.82494
2970216718.75,-55.77568
2970216875.0,-55.73394
2970217031.25,-55.82152
2970217187.5,-55.73938
2970217343.75,-55.60077
2970217500.0,-55.60183
2970217656.25,-55.70296
2970217812.5,-55.71798
2970217968.75,-55.76028
2970218125.0,-55.74514
2970218281.25,-55.70278
2970218437.5,-55.76104
2970218593.75,-55.75106
2970218750.0,-55.73577
2970218906.25,-55.7952
2970219062.5,-55.76484
2970219218.75,-55.66315
2970219375.0,-55.71011
2970219531.25,-55.59434
2970219687.5,-55.71352
2970219843.75,-55.79642
2970220000.0,-55.67479
2970220156.25,-55.71373
2970220312.5,-55.7936
2970220468.75,-55.68608
2970220625.0,-55.70934
2970220781.25,-55.74654
2970220937.5,-55.80537
2970221093.75,-55.80552
2970221250.0,-55.71318
2970221406.25,-55.7648
2970221562.5,-55.70335
2970221718.75,-55.80117
2970221875.0,-55.71442
2970222031.25,-55.68764
2970222187.5,-55.71166
2970222343.75,-55.57194
2970222500.0,-55.68753
2970222656.25,-55.6747
2970222812.5,-55.67764
2970222968.75,-55.79846
2970223125.0,-55.78275
2970223281.25,-55.66284
2970223437.5,-55.75028
2970223593.75,-55.68166
2970223750.0,-55.69592
2970223906.25,-55.69985
2970224062.5,-55.68256
2970224218.75,-55.72143
2970224375.0,-55.71731
2970224531.25,-55.75056
2970224687.5,-55.64568
2970224843.75,-55.6819
2970225000.0,-55.64111
2970225156.25,-55.68562
2970225312.5,-55.72083
2970225468.75,-55.74887
2970225625.0,-55.7332
2970225781.25,-55.69196
2970225937.5,-55.62401
2970226093.75,-55.66819
2970226250.0,-55.64265
2970226406.25,-55.76004
2970226562.5,-55.68277
2970226718.75,-55.71273
2970226875.0,-55.63241
2970227031.25,-55.78938
2970227187.5,-55.73099
2970227343.75,-55.70089
2970227500.0,-55.77889
2970227656.25,-55.73252
2970227812.5,-55.67714
2970227968.75,-55.66091
2970228125.0,-55.6774
2970228281.25,-55.7389
2970228437.5,-55.63885
2970228593.75,-55.64301
2970228750.0,-55.68916
2970228906.25,-55.78019
2970229062.5,-55.7662
2970229218.75,-55.6065
2970229375.0,-55.62806
2970229531.25,-55.68176
2970229687.5,-55.67239
2970229843.75,-55.70955
2970230000.0,-55.74413
2970230156.25,-55.73298
2970230312.5,-55.55368
2970230468.75,-55.71394
2970230625.0,-55.65187
2970230781.25,-55.58184
2970230937.5,-55.74148
2970231093.75,-55.65569
2970231250.0,-55.64877
2970231406.25,-55.62061
2970231562.5,-55.58052
2970231718.75,-55.73643
2970231875.0,-55.65351
2970232031.25,-55.70692
2970232187.5,-55.66468
2970232343.75,-55.68089
2970232500.0,-55.6962
2970232656.25,-55.68599
2970232812.5,-55.68745
2970232968.75,-55.68761
2970233125.0,-55.61849
2970233281.25,-55.68518
2970233437.5,-55.60359
2970233593.75,-55.71256
2970233750.0,-55.64324
2970233906.25,-55.6061
2970234062.5,-55.68989
2970234218.75,-55.61191
2970234375.0,-55.62045
2970234531.25,-55.67622
2970234687.5,-55.65791
2970234843.75,-55.65544
2970235000.0,-55.7281
2970235156.25,-55.64123
2970235312.5,-55.72698
2970235468.75,-55.65923
2970235625.0,-55.66932
2970235781.25,-55.745
2970235937.5,-55.55336
2970236093.75,-55.70412
2970236250.0,-55.75158
2970236406.25,-55.7556
2970236562.5,-55.71643
2970236718.75,-55.69445
2970236875.0,-55.65187
2970237031.25,-55.67525
2970237187.5,-55.70415
2970237343.75,-55.72805
2970237500.0,-55.60833
2970237656.25,-55.58705
2970237812.5,-55.75979
2970237968.75,-55.75691
2970238125.0,-55.70134
2970238281.25,-55.60991
2970238437.5,-55.66154
2970238593.75,-55.6214
2970238750.0,-55.6399
2970238906.25,-55.79951
2970239062.5,-55.61591
2970239218.75,-55.62098
2970239375.0,-55.59982
2970239531.25,-55.72832
2970239687.5,-55.66428
2970239843.75,-55.74628
2970240000.0,-55.61251
2970240156.25,-55.58326
2970240312.5,-55.60999
2970240468.75,-55.60813
2970240625.0,-55.81789
2970240781.25,-55.69022
2970240937.5,-55.69876
2970241093.75,-55.64884
2970241250.0,-55.59637
2970241406.25,-55.80577
2970241562.5,-55.63921
2970241718.75,-55.72168
2970241875.0,-55.66241
2970242031.25,-55.74219
2970242187.5,-55.70796
2970242343.75,-55.72372
2970242500.0,-55.62636
2970242656.25,-55.58287
2970242812.5,-55.59993
2970242968.75,-55.77267
2970243125.0,-55.63468
2970243281.25,-55.58599
2970243437.5,-55.60844
2970243593.75,-55.72052
2970243750.0,-55.61121
2970243906.25,-55.59994
2970244062.5,-55.65076
2970244218.75,-55.61112
2970244375.0,-55.72802
2970244531.25,-55.63542
2970244687.5,-55.61057
2970244843.75,-55.66124
2970245000.0,-55.79105
2970245156.25,-55.53409
2970245312.5,-55.54865
2970245468.75,-55.58367
2970245625.0,-55.68124
2970245781.25,-55.69357
2970245937.5,-55.67389
2970246093.75,-55.68347
2970246250.0,-55.67178
2970246406.25,-55.62929
2970246562.5,-55.72017
2970246718.75,-55.62634
2970246875.0,-55.68124
2970247031.25,-55.61289
2970247187.5,-55.69146
2970247343.75,-55.65061
2970247500.0,-55.56849
2970247656.25,-55.58931
2970247812.5,-55.67962
2970247968.75,-55.68237
2970248125.0,-55.65176
2970248281.25,-55.58678
2970248437.5,-55.60376
2970248593.75,-55.75434
2970248750.0,-55.73991
2970248906.25,-55.59275
2970249062.5,-55.61431
2970249218.75,-55.56902
2970249375.0,-55.60359
2970249531.25,-55.76567
2970249687.5,-55.63697
2970249843.75,-55.59431
2970250000.0,-55.54588
2970250156.25,-55.64804
2970250312.5,-55.61924
2970250468.75,-55.60458
2970250625.0,-55.54502
2970250781.25,-55.5777
2970250937.5,-55.71566
2970251093.75,-55.6193
2970251250.0,-55.70208
2970251406.25,-55.63851
2970251562.5,-55.6676
2970251718.75,-55.55051
2970251875.0,-55.64605
2970252031.25,-55.52575
2970252187.5,-55.61575
2970252343.75,-55.62231
2970252500.0,-55.69049
2970252656.25,-55.69176
2970252812.5,-55.5946
2970252968.75,-55.64204
2970253125.0,-55.53497
2970253281.25,-55.6487
2970253437.5,-55.56852
2970253593.75,-55.60829
2970253750.0,-55.60397
2970253906.25,-55.70122
2970254062.5,-55.65164
2970254218.75,-55.61565
2970254375.0,-55.67308
2970254531.25,-55.55527
2970254687.5,-55.6412
2970254843.75,-55.55461
2970255000.0,-55.71773
2970255156.25,-55.67738
2970255312.5,-55.71887
2970255468.75,-55.59344
2970255625.0,-55.58237
2970255781.25,-55.63055
2970255937.5,-55.56686
2970256093.75,-55.61642
2970256250.0,-55.65641
2970256406.25,-55.59507
2970256562.5,-55.61381
2970256718.75,-55.61896
2970256875.0,-55.64392
2970257031.25,-55.61499
2970257187.5,-55.65088
2970257343.75,-55.6659
2970257500.0,-55.61771
2970257656.25,-55.55921
2970257812.5,-55.60483
2970257968.75,-55.49636
2970258125.0,-55.693
2970258281.25,-55.64899
2970258437.5,-55.60767
2970258593.75,-55.52079
2970258750.0,-55.70862
2970258906.25,-55.69156
2970259062.5,-55.629
2970259218.75,-55.57242
2970259375.0,-55.68354
2970259531.25,-55.61867
2970259687.5,-55.71814
2970259843.75,-55.67795
2970260000.0,-55.60674
2970260156.25,-55.57215
2970260312.5,-55.58881
2970260468.75,-55.53306
2970260625.0,-55.5388
2970260781.25,-55.65097
2970260937.5,-55.60775
2970261093.75,-55.61575
2970261250.0,-55.62697
2970261406.25,-55.71131
2970261562.5,-55.6958
2970261718.75,-55.61755
2970261875.0,-55.56208
2970262031.25,-55.6255
2970262187.5,-55.67392
2970262343.75,-55.61487
2970262500.0,-55.63853
2970262656.25,-55.53746
2970262812.5,-55.64088
2970262968.75,-55.54447
2970263125.0,-55.57317
2970263281.25,-55.53762
2970263437.5,-55.59278
2970263593.75,-55.63446
2970263750.0,-55.60275
2970263906.25,-55.63955
2970264062.5,-55.56058
2970264218.75,-55.53117
2970264375.0,-55.59161
2970264531.25,-55.57355
2970264687.5,-55.57686
2970264843.75,-55.59308
2970265000.0,-55.57194
2970265156.25,-55.61017
2970265312.5,-55.60952
2970265468.75,-55.62654
2970265625.0,-55.55833
2970265781.25,-55.57674
2970265937.5,-55.61121
2970266093.75,-55.68512
2970266250.0,-55.57359
2970266406.25,-55.69072
2970266562.5,-55.5574
2970266718.75,-55.5582
2970266875.0,-55.56263
2970267031.25,-55.61688
2970267187.5,-55.58991
2970267343.75,-55.5704
2970267500.0,-55.67649
2970267656.25,-55.55563
2970267812.5,-55.5623
2970267968.75,-55.57018
2970268125.0,-55.59217
2970268281.25,-55.56501
2970268437.5,-55.64347
2970268593.75,-55.59064
2970268750.0,-55.67087
2970268906.25,-55.57792
2970269062.5,-55.5786
2970269218.75,-55.55732
2970269375.0,-55.5544
2970269531.25,-55.56184
2970269687.5,-55.62796
2970269843.75,-55.52772
2970270000.0,-55.6147
2970270156.25,-55.43795
2970270312.5,-55.61138
2970270468.75,-55.61034
2970270625.0,-55.59775
2970270781.25,-55.53497
2970270937.5,-55.6692
2970271093.75,-55.61872
2970271250.0,-55.60618
2970271406.25,-55.51567
2970271562.5,-55.5397
2970271718.75,-55.58302
2970271875.0,-55.52065
2970272031.25,-55.56066
2970272187.5,-55.50827
2970272343.75,-55.56562
2970272500.0,-55.5976
2970272656.25,-55.60534
2970272812.5,-55.59917
2970272968.75,-55.5518
2970273125.0,-55.52022
2970273281.25,-55.57945
2970273437.5,-55.48091
2970273593.75,-55.61008
2970273750.0,-55.62684
2970273906.25,-55.55103
2970274062.5,-55.4936
2970274218.75,-55.59744
2970274375.0,-55.51709
2970274531.25,-55.66661
2970274687.5,-55.56261
2970274843.75,-55.6032
2970275000.0,-55.61568
2970275156.25,-55.63674
2970275312.5,-55.56472
2970275468.75,-55.61821
2970275625.0,-55.6157
2970275781.25,-55.5292
2970275937.5,-55.60913
2970276093.75,-55.58366
2970276250.0,-55.54937
2970276406.25,-55.50272
2970276562.5,-55.59151
2970276718.75,-55.53032
2970276875.0,-55.49459
2970277031.25,-55.48737
2970277187.5,-55.61153
2970277343.75,-55.46194
2970277500.0,-55.54768
2970277656.25,-55.55002
2970277812.5,-55.50283
2970277968.75,-55.61171
2970278125.0,-55.60546
2970278281.25,-55.47689
2970278437.5,-55.46896
2970278593.75,-55.61994
2970278750.0,-55.56834
2970278906.25,-55.63575
2970279062.5,-55.58889
2970279218.75,-55.58653
2970279375.0,-55.50945
2970279531.25,-55.53825
2970279687.5,-55.52806
2970279843.75,-55.51097
2970280000.0,-55.65746
2970280156.25,-55.57718
2970280312.5,-55.56971
2970280468.75,-55.6389
2970280625.0,-55.6144
2970280781.25,-55.68572
2970280937.5,-55.61665
2970281093.75,-55.52597
2970281250.0,-55.50045
2970281406.25,-55.55899
2970281562.5,-55.53125
2970281718.75,-55.59186
2970281875.0,-55.54169
2970282031.25,-55.56339
2970282187.5,-55.59916
2970282343.75,-55.58511
2970282500.0,-55.52449
2970282656.25,-55.6264
2970282812.5,-55.58622
2970282968.75,-55.50277
2970283125.0,-55.48408
2970283281.25,-55.5169
2970283437.5,-55.54201
2970283593.75,-55.5022
2970283750.0,-55.52224
2970283906.25,-55.51804
2970284062.5,-55.63968
2970284218.75,-55.53303
2970284375.0,-55.64373
2970284531.25,-55.60755
2970284687.5,-55.63919
2970284843.75,-55.54948
2970285000.0,-55.58759
2970285156.25,-55.61948
2970285312.5,-55.53967
2970285468.75,-55.57882
2970285625.0,-55.49338
2970285781.25,-55.49464
2970285937.5,-55.45635
2970286093.75,-55.44294
2970286250.0,-55.68238
2970286406.25,-55.5655
2970286562.5,-55.58188
2970286718.75,-55.52588
2970286875.0,-55.53264
2970287031.25,-55.53539
2970287187.5,-55.58527
2970287343.75,-55.53381
2970287500.0,-55.61763
2970287656.25,-55.55727
2970287812.5,-55.61074
2970287968.75,-55.55589
2970288125.0,-55.61579
2970288281.25,-55.5946
2970288437.5,-55.45832
2970288593.75,-55.5437
2970288750.0,-55.51105
2970288906.25,-55.47112
2970289062.5,-55.56416
2970289218.75,-55.57646
2970289375.0,-55.50813
2970289531.25,-55.73485
2970289687.5,-55.52675
2970289843.75,-55.55494
2970290000.0,-55.57789
2970290156.25,-55.49046
2970290312.5,-55.50886
2970290468.75,-55.50175
2970290625.0,-55.57569
2970290781.25,-55.58945
2970290937.5,-55.63943
2970291093.75,-55.65152
2970291250.0,-55.51573
2970291406.25,-55.43232
2970291562.5,-55.58128
2970291718.75,-55.51982
2970291875.0,-55.48856
2970292031.25,-55.4976
2970292187.5,-55.55613
2970292343.75,-55.58581
2970292500.0,-55.5517
2970292656.25,-55.5791
2970292812.5,-55.53866
2970292968.75,-55.55666
2970293125.0,-55.55919
2970293281.25,-55.52335
2970293437.5,-55.61322
2970293593.75,-55.50024
2970293750.0,-55.49599
2970293906.25,-55.53999
2970294062.5,-55.51916
2970294218.75,-55.45433
2970294375.0,-55.54448
2970294531.25,-55.53678
2970294687.5,-55.54438
2970294843.75,-55.48638
2970295000.0,-55.5626
2970295156.25,-55.61912
2970295312.5,-55.53347
2970295468.75,-55.51519
2970295625.0,-55.56769
2970295781.25,-55.60851
2970295937.5,-55.45266
2970296093.75,-55.44041
2970296250.0,-55.53196
2970296406.25,-55.50489
2970296562.5,-55.43353
2970296718.75,-55.42569
2970296875.0,-55.51294
2970297031.25,-55.58409
2970297187.5,-55.55848
2970297343.75,-55.45622
2970297500.0,-55.51652
2970297656.25,-55.48803
2970297812.5,-55.53014
2970297968.75,-55.53207
2970298125.0,-55.43394
2970298281.25,-55.4784
2970298437.5,-55.57211
2970298593.75,-55.46352
2970298750.0,-55.52668
2970298906.25,-55.53551
2970299062.5,-55.54198
2970299218.75,-55.48193
2970299375.0,-55.50595
2970299531.25,-55.46924
2970299687.5,-55.50737
2970299843.75,-55.52225
2970300000.0,-55.5974
2970300156.25,-55.55336
2970300312.5,-55.54414
2970300468.75,-55.49707
2970300625.0,-55.51228
2970300781.25,-55.46052
2970300937.5,-55.54351
2970301093.75,-55.42573
2970301250.0,-55.49419
2970301406.25,-55.48835
2970301562.5,-55.4459
2970301718.75,-55.38637
2970301875.0,-55.5258
2970302031.25,-55.51917
2970302187.5,-55.53757
2970302343.75,-55.46388
2970302500.0,-55.54666
2970302656.25,-55.49128
2970302812.5,-55.4674
2970302968.75,-55.50256
2970303125.0,-55.42651
2970303281.25,-55.44409
2970303437.5,-55.53651
2970303593.75,-55.37598
2970303750.0,-55.50573
2970303906.25,-55.49862
2970304062.5,-55.52011
2970304218.75,-55.47309
2970304375.0,-55.44992
2970304531.25,-55.4957
2970304687.5,-55.43732
2970304843.75,-55.52271
2970305000.0,-55.50196
2970305156.25,-55.50866
2970305312.5,-55.47608
2970305468.75,-55.4579
2970305625.0,-55.43303
2970305781.25,-55.43722
2970305937.5,-55.51235
2970306093.75,-55.41582
2970306250.0,-55.58616
2970306406.25,-55.52678
2970306562.5,-55.46368
2970306718.75,-55.49487
2970306875.0,-55.43643
2970307031.25,-55.44793
2970307187.5,-55.37728
2970307343.75,-55.48042
2970307500.0,-55.35063
2970307656.25,-55.44558
2970307812.5,-55.42358
2970307968.75,-55.51068
2970308125.0,-55.5045
2970308281.25,-55.48245
2970308437.5,-55.38151
2970308593.75,-55.50924
2970308750.0,-55.51524
2970308906.25,-55.3867
2970309062.5,-55.4756
2970309218.75,-55.49444
2970309375.0,-55.59008
2970309531.25,-55.57708
2970309687.5,-55.55953
2970309843.75,-55.54063
2970310000.0,-55.48062
2970310156.25,-55.47286
2970310312.5,-55.50886
2970310468.75,-55.42452
2970310625.0,-55.3947
2970310781.25,-55.38217
2970310937.5,-55.44023
2970311093.75,-55.47282
2970311250.0,-55.47359
2970311406.25,-55.37192
2970311562.5,-55.47491
2970311718.75,-55.51067
2970311875.0,-55.48726
2970312031.25,-55.48248
2970312187.5,-55.51383
2970312343.75,-55.46033
2970312500.0,-55.50178
2970312656.25,-55.5244
2970312812.5,-55.49086
2970312968.75,-55.46094
2970313125.0,-55.40241
2970313281.25,-55.53409
2970313437.5,-55.37251
2970313593.75,-55.53134
2970313750.0,-55.42105
2970313906.25,-55.5036
2970314062.5,-55.49635
2970314218.75,-55.45319
2970314375.0,-55.51894
2970314531.25,-55.47171
2970314687.5,-55.35775
2970314843.75,-55.42287
2970315000.0,-55.49768
2970315156.25,-55.37825
2970315312.5,-55.43898
2970315468.75,-55.49739
2970315625.0,-55.42533
2970315781.25,-55.38377
2970315937.5,-55.57138
2970316093.75,-55.46142
2970316250.0,-55.49995
2970316406.25,-55.49976
2970316562.5,-55.46461
2970316718.75,-55.46221
2970316875.0,-55.40448
2970317031.25,-55.51018
2970317187.5,-55.52209
2970317343.75,-55.41175
2970317500.0,-55.48018
2970317656.25,-55.32544
2970317812.5,-55.43223
2970317968.75,-55.52239
2970318125.0,-55.39927
2970318281.25,-55.4076
2970318437.5,-55.42516
2970318593.75,-55.51214
2970318750.0,-55.46799
2970318906.25,-55.38087
2970319062.5,-55.39888
2970319218.75,-55.50362
2970319375.0,-55.5644
2970319531.25,-55.44272
2970319687.5,-55.39301
2970319843.75,-55.4835
2970320000.0,-55.45979
2970320156.25,-55.47802
2970320312.5,-55.48939
2970320468.75,-55.34143
2970320625.0,-55.46306
2970320781.25,-55.50811
2970320937.5,-55.46746
2970321093.75,-55.45819
2970321250.0,-55.36042
2970321406.25,-55.44596
2970321562.5,-55.37774
2970321718.75,-55.48112
2970321875.0,-55.45107
2970322031.25,-55.39007
2970322187.5,-55.41831
2970322343.75,-55.43846
2970322500.0,-55.38759
2970322656.25,-55.45642
2970322812.5,-55.5352
2970322968.75,-55.45468
2970323125.0,-55.45935
2970323281.25,-55.46926
2970323437.5,-55.48523
2970323593.75,-55.50096
2970323750.0,-55.40603
2970323906.25,-55.39368
2970324062.5,-55.438
2970324218.75,-55.52012
2970324375.0,-55.37624
2970324531.25,-55.387
2970324687.5,-55.49307
2970324843.75,-55.46343
2970325000.0,-55.41782
2970325156.25,-55.53436
2970325312.5,-55.38876
2970325468.75,-55.402
2970325625.0,-55.42485
2970325781.25,-55.41948
2970325937.5,-55.35728
2970326093.75,-55.44005
2970326250.0,-55.43476
2970326406.25,-55.35197
2970326562.5,-55.36318
2970326718.75,-55.43676
2970326875.0,-55.51014
2970327031.25,-55.45688
2970327187.5,-55.50934
2970327343.75,-55.39001
2970327500.0,-55.49098
2970327656.25,-55.43787
2970327812.5,-55.41374
2970327968.75,-55.36912
2970328125.0,-55.47015
2970328281.25,-55.47343
2970328437.5,-55.38841
2970328593.75,-55.35408
2970328750.0,-55.4047
2970328906.25,-55.44545
2970329062.5,-55.39769
2970329218.75,-55.58587
2970329375.0,-55.43044
2970329531.25,-55.41463
2970329687.5,-55.41719
2970329843.75,-55.42385
2970330000.0,-55.44666
2970330156.25,-55.44946
2970330312.5,-55.45108
2970330468.75,-55.43695
2970330625.0,-55.43574
2970330781.25,-55.46342
2970330937.5,-55.49295
2970331093.75,-55.45772
2970331250.0,-55.40459
2970331406.25,-55.43122
2970331562.5,-55.41951
2970331718.75,-55.40972
2970331875.0,-55.38574
2970332031.25,-55.42831
2970332187.5,-55.39288
2970332343.75,-55.40755
2970332500.0,-55.44317
2970332656.25,-55.31969
2970332812.5,-55.3889
2970332968.75,-55.39112
2970333125.0,-55.43335
2970333281.25,-55.27073
2970333437.5,-55.34615
2970333593.75,-55.34579
2970333750.0,-55.46539
2970333906.25,-55.44297
2970334062.5,-55.39924
2970334218.75,-55.45567
2970334375.0,-55.34941
2970334531.25,-55.48723
2970334687.5,-55.42442
2970334843.75,-55.34416
2970335000.0,-55.48153
2970335156.25,-55.3335
2970335312.5,-55.40798
2970335468.75,-55.387
2970335625.0,-55.32867
2970335781.25,-55.45748
2970335937.5,-55.44162
2970336093.75,-55.37347
2970336250.0,-55.49927
2970336406.25,-55.35843
2970336562.5,-55.4701
2970336718.75,-55.38096
2970336875.0,-55.34838
2970337031.25,-55.40009
2970337187.5,-55.34943
2970337343.75,-55.415
2970337500.0,-55.33642
2970337656.25,-55.45089
2970337812.5,-55.38545
2970337968.75,-55.42985
2970338125.0,-55.3569
2970338281.25,-55.4566
2970338437.5,-55.25041
2970338593.75,-55.39525
2970338750.0,-55.41396
2970338906.25,-55.41032
2970339062.5,-55.44701
2970339218.75,-55.41906
2970339375.0,-55.47929
2970339531.25,-55.30349
2970339687.5,-55.49742
2970339843.75,-55.3957
2970340000.0,-55.37152
2970340156.25,-55.44949
2970340312.5,-55.30713
2970340468.75,-55.49002
2970340625.0,-55.43648
2970340781.25,-55.41715
2970340937.5,-55.42506
2970341093.75,-55.32463
2970341250.0,-55.37104
2970341406.25,-55.45164
2970341562.5,-55.55031
2970341718.75,-55.49354
2970341875.0,-55.34026
2970342031.25,-55.3373
2970342187.5,-55.36755
2970342343.75,-55.33566
2970342500.0,-55.38493
2970342656.25,-55.42208
2970342812.5,-55.33918
2970342968.75,-55.39706
2970343125.0,-55.34714
2970343281.25,-55.30931
2970343437.5,-55.38614
2970343593.75,-55.34237
2970343750.0,-55.38292
2970343906.25,-55.44048
2970344062.5,-55.30482
2970344218.75,-55.29079
2970344375.0,-55.36197
2970344531.25,-55.33225
2970344687.5,-55.37366
2970344843.75,-55.29441
2970345000.0,-55.37511
2970345156.25,-55.43661
2970345312.5,-55.38815
2970345468.75,-55.3796
2970345625.0,-55.23113
2970345781.25,-55.42986
2970345937.5,-55.44416
2970346093.75,-55.41484
2970346250.0,-55.33864
2970346406.25,-55.38734
2970346562.5,-55.32526
2970346718.75,-55.35638
2970346875.0,-55.34916
2970347031.25,-55.45474
2970347187.5,-55.41056
2970347343.75,-55.37817
2970347500.0,-55.35045
2970347656.25,-55.32935
2970347812.5,-55.32534
2970347968.75,-55.37739
2970348125.0,-55.36866
2970348281.25,-55.39344
2970348437.5,-55.40001
2970348593.75,-55.2829
2970348750.0,-55.32937
2970348906.25,-55.41626
2970349062.5,-55.3565
2970349218.75,-55.29109
2970349375.0,-55.33576
2970349531.25,-55.3601
2970349687.5,-55.30977
2970349843.75,-55.36722
2970350000.0,-55.26467
2970350156.25,-55.38177
2970350312.5,-55.31724
2970350468.75,-55.36201
2970350625.0,-55.41418
2970350781.25,-55.38783
2970350937.5,-55.41125
2970351093.75,-55.46162
2970351250.0,-55.2906
2970351406.25,-55.37873
2970351562.5,-55.35971
2970351718.75,-55.35853
2970351875.0,-55.48981
2970352031.25,-55.43376
2970352187.5,-55.40273
2970352343.75,-55.33614
2970352500.0,-55.26999
2970352656.25,-55.33229
2970352812.5,-55.32568
2970352968.75,-55.32343
2970353125.0,-55.37813
2970353281.25,-55.31771
2970353437.5,-55.30214
2970353593.75,-55.37531
2970353750.0,-55.24405
2970353906.25,-55.42885
2970354062.5,-55.31318
2970354218.75,-55.35269
2970354375.0,-55.329
2970354531.25,-55.43605
2970354687.5,-55.39933
2970354843.75,-55.28727
2970355000.0,-55.44829
2970355156.25,-55.35411
2970355312.5,-55.27085
2970355468.75,-55.37444
2970355625.0,-55.38572
2970355781.25,-55.29776
2970355937.5,-55.30679
2970356093.75,-55.36032
2970356250.0,-55.23583
2970356406.25,-55.40084
2970356562.5,-55.32674
2970356718.75,-55.44077
2970356875.0,-55.35978
2970357031.25,-55.4407
2970357187.5,-55.45811
2970357343.75,-55.47317
2970357500.0,-55.3242
2970357656.25,-55.3008
2970357812.5,-55.34605
2970357968.75,-55.40479
2970358125.0,-55.3273
2970358281.25,-55.32989
2970358437.5,-55.39443
2970358593.75,-55.3871
2970358750.0,-55.35419
2970358906.25,-55.39962
2970359062.5,-55.36508
2970359218.75,-55.40681
2970359375.0,-55.36535
2970359531.25,-55.36382
2970359687.5,-55.39135
2970359843.75,-55.38007
2970360000.0,-55.36421
2970360156.25,-55.26417
2970360312.5,-55.38155
2970360468.75,-55.38655
2970360625.0,-55.33069
2970360781.25,-55.38253
2970360937.5,-55.28058
2970361093.75,-55.25689
2970361250.0,-55.38206
2970361406.25,-55.36314
2970361562.5,-55.30069
2970361718.75,-55.38486
2970361875.0,-55.42893
2970362031.25,-55.42352
2970362187.5,-55.32825
2970362343.75,-55.31598
2970362500.0,-55.24802
2970362656.25,-55.27099
2970362812.5,-55.37008
2970362968.75,-55.26921
2970363125.0,-55.3582
2970363281.25,-55.29678
2970363437.5,-55.34824
2970363593.75,-55.447
2970363750.0,-55.32317
2970363906.25,-55.36001
2970364062.5,-55.35233
2970364218.75,-55.31907
2970364375.0,-55.33913
2970364531.25,-55.26961
2970364687.5,-55.31699
2970364843.75,-55.29751
2970365000.0,-55.41342
2970365156.25,-55.24388
2970365312.5,-55.27701
2970365468.75,-55.3277
2970365625.0,-55.39204
2970365781.25,-55.32518
2970365937.5,-55.35279
2970366093.75,-55.34042
2970366250.0,-55.34279
2970366406.25,-55.4039
2970366562.5,-55.31985
2970366718.75,-55.34692
2970366875.0,-55.44261
2970367031.25,-55.40664
2970367187.5,-55.22551
2970367343.75,-55.28999
2970367500.0,-55.40059
2970367656.25,-55.40339
2970367812.5,-55.33506
2970367968.75,-55.30227
2970368125.0,-55.29092
2970368281.25,-55.31093
2970368437.5,-55.35784
2970368593.75,-55.21197
2970368750.0,-55.30082
2970368906.25,-55.28899
2970369062.5,-55.31074
2970369218.75,-55.30598
2970369375.0,-55.36151
2970369531.25,-55.18708
2970369687.5,-55.33065
2970369843.75,-55.30504
2970370000.0,-55.35496
2970370156.25,-55.334
2970370312.5,-55.35729
2970370468.75,-55.36182
2970370625.0,-55.33847
2970370781.25,-55.28367
2970370937.5,-55.26196
2970371093.75,-55.37466
2970371250.0,-55.28345
2970371406.25,-55.24584
2970371562.5,-55.33868
2970371718.75,-55.38037
2970371875.0,-55.25203
2970372031.25,-55.29549
2970372187.5,-55.26919
2970372343.75,-55.32292
2970372500.0,-55.32256
2970372656.25,-55.2021
2970372812.5,-55.27711
2970372968.75,-55.36294
2970373125.0,-55.30856
2970373281.25,-55.21605
2970373437.5,-55.35693
2970373593.75,-55.39323
2970373750.0,-55.28999
2970373906.25,-55.37959
2970374062.5,-55.28595
2970374218.75,-55.21695
2970374375.0,-55.25906
2970374531.25,-55.33586
2970374687.5,-55.27026
2970374843.75,-55.47625
2970375000.0,-55.22808
2970375156.25,-55.378
2970375312.5,-55.22837
2970375468.75,-55.35241
2970375625.0,-55.38994
2970375781.25,-55.35813
2970375937.5,-55.29881
2970376093.75,-55.30599
2970376250.0,-55.33994
2970376406.25,-55.28312
2970376562.5,-55.36758
2970376718.75,-55.30614
2970376875.0,-55.30541
2970377031.25,-55.33542
2970377187.5,-55.30219
2970377343.75,-55.25951
2970377500.0,-55.28047
2970377656.25,-55.36409
2970377812.5,-55.3208
2970377968.75,-55.30029
2970378125.0,-55.24645
2970378281.25,-55.25018
2970378437.5,-55.34183
2970378593.75,-55.31054
2970378750.0,-55.30782
2970378906.25,-55.32123
2970379062.5,-55.30877
2970379218.75,-55.17373
2970379375.0,-55.24418
2970379531.25,-55.26905
2970379687.5,-55.3921
2970379843.75,-55.40768
2970380000.0,-55.23433
2970380156.25,-55.20327
2970380312.5,-55.36839
2970380468.75,-55.26009
2970380625.0,-55.30554
2970380781.25,-55.24358
2970380937.5,-55.33677
2970381093.75,-55.33451
2970381250.0,-55.22777
2970381406.25,-55.38373
2970381562.5,-55.2377
2970381718.75,-55.26548
2970381875.0,-55.28196
2970382031.25,-55.27114
2970382187.5,-55.26861
2970382343.75,-55.2776
2970382500.0,-55.20086
2970382656.25,-55.33284
2970382812.5,-55.36058
2970382968.75,-55.40378
2970383125.0,-55.3419
2970383281.25,-55.18441
2970383437.5,-55.21763
2970383593.75,-55.25225
2970383750.0,-55.37413
2970383906.25,-55.31768
2970384062.5,-55.26661
2970384218.75,-55.31472
2970384375.0,-55.29174
2970384531.25,-55.30448
2970384687.5,-55.10026
2970384843.75,-55.33077
2970385000.0,-55.34301
2970385156.25,-55.35067
2970385312.5,-55.29826
2970385468.75,-55.26736
2970385625.0,-55.36487
2970385781.25,-55.21272
2970385937.5,-55.2975
2970386093.75,-55.4101
2970386250.0,-55.21049
2970386406.25,-55.19183
2970386562.5,-55.32071
2970386718.75,-55.33761
2970386875.0,-55.32877
2970387031.25,-55.28215
2970387187.5,-55.27829
2970387343.75,-55.29349
2970387500.0,-55.32832
2970387656.25,-55.2377
2970387812.5,-55.23889
2970387968.75,-55.25106
2970388125.0,-55.34167
2970388281.25,-55.22713
2970388437.5,-55.25042
2970388593.75,-55.16558
2970388750.0,-55.19071
2970388906.25,-55.33196
2970389062.5,-55.27227
2970389218.75,-55.24249
2970389375.0,-55.31588
2970389531.25,-55.24141
2970389687.5,-55.27391
2970389843.75,-55.33799
2970390000.0,-55.24953
2970390156.25,-55.36285
2970390312.5,-55.31472
2970390468.75,-55.28547
2970390625.0,-55.18692
2970390781.25,-55.19735
2970390937.5,-55.21355
2970391093.75,-55.23852
2970391250.0,-55.25127
2970391406.25,-55.26272
2970391562.5,-55.27849
2970391718.75,-55.22712
2970391875.0,-55.27487
2970392031.25,-55.27686
2970392187.5,-55.23896
2970392343.75,-55.27116
2970392500.0,-55.25003
2970392656.25,-55.2705
2970392812.5,-55.25538
2970392968.75,-55.25778
2970393125.0,-55.287
2970393281.25,-55.37275
2970393437.5,-55.18968
2970393593.75,-55.24438
2970393750.0,-55.31891
2970393906.25,-55.16242
2970394062.5,-55.28582
2970394218.75,-55.22972
2970394375.0,-55.22523
2970394531.25,-55.2593
2970394687.5,-55.27364
2970394843.75,-55.29584
2970395000.0,-55.16729
2970395156.25,-55.16198
2970395312.5,-55.35547
2970395468.75,-55.27375
2970395625.0,-55.2209
2970395781.25,-55.32657
2970395937.5,-55.20512
2970396093.75,-55.27638
2970396250.0,-55.31477
2970396406.25,-55.24952
2970396562.5,-55.17486
2970396718.75,-55.20857
2970396875.0,-55.27243
2970397031.25,-55.17907
2970397187.5,-55.19493
2970397343.75,-55.30159
2970397500.0,-55.19829
2970397656.25,-55.21686
2970397812.5,-55.24717
2970397968.75,-55.16365
2970398125.0,-55.33231
2970398281.25,-55.23354
2970398437.5,-55.23174
2970398593.75,-55.22784
2970398750.0,-55.29572
2970398906.25,-55.10519
2970399062.5,-55.17496
2970399218.75,-55.24664
2970399375.0,-55.24252
2970399531.25,-55.31554
2970399687.5,-55.27292
2970399843.75,-55.22616
2970400000.0,-55.22269
2970400156.25,-55.23159
2970400312.5,-55.26263
2970400468.75,-55.17056
2970400625.0,-55.24284
2970400781.25,-55.19654
2970400937.5,-55.22719
2970401093.75,-55.25222
2970401250.0,-55.2311
2970401406.25,-55.26308
2970401562.5,-55.24683
2970401718.75,-55.29757
2970401875.0,-55.25374
2970402031.25,-55.27282
2970402187.5,-55.2875
2970402343.75,-55.26896
2970402500.0,-55.2368
2970402656.25,-55.14391
2970402812.5,-55.18825
2970402968.75,-55.2229
2970403125.0,-55.30847
2970403281.25,-55.23531
2970403437.5,-55.35541
2970403593.75,-55.15041
2970403750.0,-55.17367
2970403906.25,-55.20405
2970404062.5,-55.16465
2970404218.75,-55.15018
2970404375.0,-55.2297
2970404531.25,-55.1867
2970404687.5,-55.19683
2970404843.75,-55.209
2970405000.0,-55.27972
2970405156.25,-55.19267
2970405312.5,-55.14275
2970405468.75,-55.17623
2970405625.0,-55.29422
2970405781.25,-55.19713
2970405937.5,-55.22477
2970406093.75,-55.2899
2970406250.0,-55.20666
2970406406.25,-55.18816
2970406562.5,-55.22285
2970406718.75,-55.15102
2970406875.0,-55.09704
2970407031.25,-55.28505
2970407187.5,-55.29001
2970407343.75,-55.25574
2970407500.0,-55.14835
2970407656.25,-55.15921
2970407812.5,-55.24861
2970407968.75,-55.11943
2970408125.0,-55.28632
2970408281.25,-55.20182
2970408437.5,-55.23388
2970408593.75,-55.12198
2970408750.0,-55.22916
2970408906.25,-55.22303
2970409062.5,-55.21081
2970409218.75,-55.26517
2970409375.0,-55.21506
2970409531.25,-55.1805
2970409687.5,-55.11748
2970409843.75,-55.17467
2970410000.0,-55.27885
2970410156.25,-55.09745
2970410312.5,-55.15659
2970410468.75,-55.213
2970410625.0,-55.18802
2970410781.25,-55.17134
2970410937.5,-55.18008
2970411093.75,-55.24187
2970411250.0,-55.1887
2970411406.25,-55.16333
2970411562.5,-55.11294
2970411718.75,-55.19936
2970411875.0,-55.32947
2970412031.25,-55.2197
2970412187.5,-55.26245
2970412343.75,-55.20216
2970412500.0,-55.17396
2970412656.25,-55.2296
2970412812.5,-55.15026
2970412968.75,-55.12955
2970413125.0,-55.20373
2970413281.25,-55.19238
2970413437.5,-55.20609
2970413593.75,-55.16828
2970413750.0,-55.26617
2970413906.25,-55.27206
2970414062.5,-55.2022
2970414218.75,-55.20065
2970414375.0,-55.2456
2970414531.25,-55.07991
2970414687.5,-55.17028
2970414843.75,-55.2127
2970415000.0,-55.20599
2970415156.25,-55.14557
2970415312.5,-55.18518
2970415468.75,-55.22049
2970415625.0,-55.25352
2970415781.25,-55.20723
2970415937.5,-55.09784
2970416093.75,-55.13069
2970416250.0,-55.17121
2970416406.25,-55.22708
2970416562.5,-55.2109
2970416718.75,-55.23344
2970416875.0,-55.10941
2970417031.25,-55.23778
2970417187.5,-55.18808
2970417343.75,-55.21925
2970417500.0,-55.2174
2970417656.25,-55.18684
2970417812.5,-55.17779
2970417968.75,-55.18129
2970418125.0,-55.22669
2970418281.25,-55.13891
2970418437.5,-55.2085
2970418593.75,-55.20764
2970418750.0,-55.20929
2970418906.25,-55.21926
2970419062.5,-55.27649
2970419218.75,-55.17065
2970419375.0,-55.18333
2970419531.25,-55.14729
2970419687.5,-55.11091
2970419843.75,-55.25776
2970420000.0,-55.18162
2970420156.25,-55.20448
2970420312.5,-55.27301
2970420468.75,-55.20802
2970420625.0,-55.14595
2970420781.25,-55.28131
2970420937.5,-55.17261
2970421093.75,-55.13367
2970421250.0,-55.22682
2970421406.25,-55.12157
2970421562.5,-55.17709
2970421718.75,-55.3056
2970421875.0,-55.19632
2970422031.25,-55.1951
2970422187.5,-55.13092
2970422343.75,-55.21537
2970422500.0,-55.27944
2970422656.25,-55.19772
2970422812.5,-55.22498
2970422968.75,-55.11908
2970423125.0,-55.16037
2970423281.25,-55.22174
2970423437.5,-55.08237
2970423593.75,-55.26309
2970423750.0,-55.16267
2970423906.25,-55.15481
2970424062.5,-55.12752
2970424218.75,-55.18957
2970424375.0,-55.17174
2970424531.25,-55.12487
2970424687.5,-55.14449
2970424843.75,-55.09336
2970425000.0,-55.10848
2970425156.25,-55.18524
2970425312.5,-55.19923
2970425468.75,-55.22721
2970425625.0,-55.15305
2970425781.25,-55.14782
2970425937.5,-55.15673
2970426093.75,-55.08082
2970426250.0,-55.14227
2970426406.25,-55.20467
2970426562.5,-55.16581
2970426718.75,-55.10425
2970426875.0,-55.21724
2970427031.25,-55.15159
2970427187.5,-55.13128
2970427343.75,-55.27882
2970427500.0,-55.11524
2970427656.25,-55.12247
2970427812.5,-55.05973
2970427968.75,-55.13316
2970428125.0,-55.24773
2970428281.25,-55.15019
2970428437.5,-55.18336
2970428593.75,-55.19055
2970428750.0,-55.19836
2970428906.25,-55.12719
2970429062.5,-55.15683
2970429218.75,-55.1821
2970429375.0,-55.18345
2970429531.25,-55.09477
2970429687.5,-55.14486
2970429843.75,-55.16828
2970430000.0,-55.11979
2970430156.25,-55.13774
2970430312.5,-55.2111
2970430468.75,-55.2297
2970430625.0,-55.12675
2970430781.25,-55.02612
2970430937.5,-55.15967
2970431093.75,-55.18724
2970431250.0,-55.05854
2970431406.25,-55.06552
2970431562.5,-55.19346
2970431718.75,-55.14775
2970431875.0,-55.12514
2970432031.25,-55.10339
2970432187.5,-55.08413
2970432343.75,-55.05765
2970432500.0,-55.19122
2970432656.25,-55.17001
2970432812.5,-55.11547
2970432968.75,-55.09004
2970433125.0,-55.15131
2970433281.25,-55.11756
2970433437.5,-55.20422
2970433593.75,-55.02804
2970433750.0,-55.09692
2970433906.25,-55.15882
2970434062.5,-55.09418
2970434218.75,-55.07839
2970434375.0,-55.10557
2970434531.25,-55.20093
2970434687.5,-55.14517
2970434843.75,-55.23233
2970435000.0,-55.23746
2970435156.25,-55.15688
2970435312.5,-55.21223
2970435468.75,-55.16055
2970435625.0,-55.14364
2970435781.25,-55.113
2970435937.5,-55.09877
2970436093.75,-55.18577
2970436250.0,-55.09151
2970436406.25,-55.19294
2970436562.5,-55.10478
2970436718.75,-55.05103
2970436875.0,-55.18983
2970437031.25,-55.09946
2970437187.5,-55.10585
2970437343.75,-55.11992
2970437500.0,-55.09833
2970437656.25,-55.24558
2970437812.5,-55.15298
2970437968.75,-55.15851
2970438125.0,-55.15343
2970438281.25,-55.21947
2970438437.5,-55.16976
2970438593.75,-55.12636
2970438750.0,-55.07253
2970438906.25,-55.16594
2970439062.5,-55.21895
2970439218.75,-55.08717
2970439375.0,-55.08691
2970439531.25,-55.0849
2970439687.5,-55.15728
2970439843.75,-55.07282
2970440000.0,-55.13438
2970440156.25,-55.15745
2970440312.5,-55.11269
2970440468.75,-55.10964
2970440625.0,-55.14147
2970440781.25,-55.25384
2970440937.5,-55.20368
2970441093.75,-55.18864
2970441250.0,-55.06417
2970441406.25,-55.06604
2970441562.5,-55.06325
2970441718.75,-55.08058
2970441875.0,-55.08683
2970442031.25,-55.14893
2970442187.5,-55.19663
2970442343.75,-55.18727
2970442500.0,-55.11616
2970442656.25,-55.1234
2970442812.5,-55.13995
2970442968.75,-55.04837
2970443125.0,-55.16855
2970443281.25,-55.11481
2970443437.5,-55.10451
2970443593.75,-55.06095
2970443750.0,-55.16624
2970443906.25,-55.10249
2970444062.5,-55.07072
2970444218.75,-55.10543
2970444375.0,-55.14829
2970444531.25,-55.13446
2970444687.5,-55.08882
2970444843.75,-55.15433
2970445000.0,-55.13117
2970445156.25,-55.05978
2970445312.5,-55.13821
2970445468.75,-55.1687
2970445625.0,-55.06713
2970445781.25,-55.12203
2970445937.5,-55.18539
2970446093.75,-55.13952
2970446250.0,-55.13477
2970446406.25,-55.16925
2970446562.5,-55.05121
2970446718.75,-55.15731
2970446875.0,-55.11598
2970447031.25,-55.14875
2970447187.5,-55.04299
2970447343.75,-55.11422
2970447500.0,-55.11114
2970447656.25,-55.05387
2970447812.5,-55.11938
2970447968.75,-55.14455
2970448125.0,-55.07537
2970448281.25,-55.11086
2970448437.5,-55.08327
2970448593.75,-55.10372
2970448750.0,-55.10682
2970448906.25,-55.09628
2970449062.5,-55.1323
2970449218.75,-55.09385
2970449375.0,-55.18801
2970449531.25,-55.12363
2970449687.5,-55.09674
2970449843.75,-55.01799
2970450000.0,-54.9437
2970450156.25,-55.08208
2970450312.5,-55.04282
2970450468.75,-55.08958
2970450625.0,-55.16828
2970450781.25,-55.10227
2970450937.5,-55.11212
2970451093.75,-55.17208
2970451250.0,-55.15027
2970451406.25,-55.07358
2970451562.5,-55.00555
2970451718.75,-55.05621
2970451875.0,-55.06017
2970452031.25,-55.09131
2970452187.5,-54.97717
2970452343.75,-55.11655
2970452500.0,-55.16864
2970452656.25,-55.15094
2970452812.5,-55.05326
2970452968.75,-55.16357
2970453125.0,-55.10779
2970453281.25,-55.09174
2970453437.5,-55.12221
2970453593.75,-55.06721
2970453750.0,-55.0652
2970453906.25,-55.05523
2970454062.5,-54.99276
2970454218.75,-54.96964
2970454375.0,-55.0214
2970454531.25,-55.00434
2970454687.5,-55.09499
2970454843.75,-55.13702
2970455000.0,-55.11021
2970455156.25,-55.18633
2970455312.5,-55.13897
2970455468.75,-55.0527
2970455625.0,-55.01308
2970455781.25,-55.1222
2970455937.5,-55.03028
2970456093.75,-55.0421
2970456250.0,-55.02346
2970456406.25,-55.05517
2970456562.5,-55.0302
2970456718.75,-55.07508
2970456875.0,-55.11887
2970457031.25,-55.12852
2970457187.5,-55.08255
2970457343.75,-55.22601
2970457500.0,-55.04441
2970457656.25,-55.06903
2970457812.5,-54.95974
2970457968.75,-55.09018
2970458125.0,-55.11683
2970458281.25,-54.98896
2970458437.5,-55.08098
2970458593.75,-55.1122
2970458750.0,-55.09947
2970458906.25,-55.00749
2970459062.5,-55.07041
2970459218.75,-55.13144
2970459375.0,-55.0853
2970459531.25,-55.08104
2970459687.5,-55.04992
2970459843.75,-55.03955
2970460000.0,-54.98586
2970460156.25,-55.01579
2970460312.5,-55.02531
2970460468.75,-55.07957
2970460625.0,-55.08758
2970460781.25,-55.05304
2970460937.5,-55.0086
2970461093.75,-55.08947
2970461250.0,-55.04578
2970461406.25,-54.97667
2970461562.5,-54.93959
2970461718.75,-55.02381
2970461875.0,-55.03479
2970462031.25,-54.9926
2970462187.5,-55.09977
2970462343.75,-54.99733
2970462500.0,-55.07246
2970462656.25,-55.13425
2970462812.5,-55.14056
2970462968.75,-55.14129
2970463125.0,-55.04408
2970463281.25,-55.06596
2970463437.5,-55.08225
2970463593.75,-55.03069
2970463750.0,-54.97623
2970463906.25,-54.95645
2970464062.5,-55.147
2970464218.75,-55.11594
2970464375.0,-55.12824
2970464531.25,-55.06142
2970464687.5,-55.11456
2970464843.75,-55.10271
2970465000.0,-55.03858
2970465156.25,-55.11912
2970465312.5,-55.06345
2970465468.75,-55.01396
2970465625.0,-55.05823
2970465781.25,-55.0501
2970465937.5,-55.08092
2970466093.75,-54.98816
2970466250.0,-55.08584
2970466406.25,-55.04622
2970466562.5,-54.98507
2970466718.75,-55.10616
2970466875.0,-55.04613
2970467031.25,-54.99313
2970467187.5,-55.04901
2970467343.75,-55.12934
2970467500.0,-55.00567
2970467656.25,-55.03769
2970467812.5,-55.10656
2970467968.75,-55.06827
2970468125.0,-55.09234
2970468281.25,-54.97865
2970468437.5,-55.05176
2970468593.75,-55.09171
2970468750.0,-55.04987
2970468906.25,-55.09052
2970469062.5,-55.03925
2970469218.75,-55.04848
2970469375.0,-55.05791
2970469531.25,-55.04912
2970469687.5,-54.96457
2970469843.75,-55.1066
2970470000.0,-55.05473
2970470156.25,-54.97399
2970470312.5,-55.04609
2970470468.75,-54.92075
2970470625.0,-54.92395
2970470781.25,-54.9977
2970470937.5,-54.98608
2970471093.75,-54.99281
2970471250.0,-54.95599
2970471406.25,-55.18665
2970471562.5,-54.9493
2970471718.75,-55.13261
2970471875.0,-55.01858
2970472031.25,-55.02057
2970472187.5,-55.00929
2970472343.75,-55.04477
2970472500.0,-55.06082
2970472656.25,-55.06173
2970472812.5,-54.97102
2970472968.75,-55.08021
2970473125.0,-55.03314
2970473281.25,-55.17334
2970473437.5,-55.02554
2970473593.75,-54.9634
2970473750.0,-55.07206
2970473906.25,-55.07013
2970474062.5,-54.94339
2970474218.75,-55.06591
2970474375.0,-55.04548
2970474531.25,-54.99589
2970474687.5,-55.01819
2970474843.75,-55.11538
2970475000.0,-55.00187
2970475156.25,-55.065
2970475312.5,-55.03255
2970475468.75,-55.02431
2970475625.0,-54.99049
2970475781.25,-55.07066
2970475937.5,-54.97591
2970476093.75,-55.09179
2970476250.0,-55.01601
2970476406.25,-55.09382
2970476562.5,-55.07985
2970476718.75,-54.99079
2970476875.0,-54.99164
2970477031.25,-55.06224
2970477187.5,-55.01679
2970477343.75,-54.86882
2970477500.0,-55.00896
2970477656.25,-54.9392
2970477812.5,-54.9507
2970477968.75,-54.89341
2970478125.0,-55.05296
2970478281.25,-55.03007
2970478437.5,-55.05073
2970478593.75,-54.90328
2970478750.0,-55.07646
2970478906.25,-54.95642
2970479062.5,-55.07195
2970479218.75,-55.05923
2970479375.0,-55.01776
2970479531.25,-54.94041
2970479687.5,-55.07001
2970479843.75,-55.03765
2970480000.0,-55.04369
2970480156.25,-55.03536
2970480312.5,-54.9753
2970480468.75,-55.00385
2970480625.0,-54.92151
2970480781.25,-55.05183
2970480937.5,-55.03239
2970481093.75,-55.08502
2970481250.0,-55.06342
2970481406.25,-55.0705
2970481562.5,-54.96551
2970481718.75,-55.01007
2970481875.0,-55.05278
2970482031.25,-54.95206
2970482187.5,-54.9929
2970482343.75,-54.96762
2970482500.0,-54.9747
2970482656.25,-54.98118
2970482812.5,-55.0222
2970482968.75,-54.95828
2970483125.0,-55.00463
2970483281.25,-54.96027
2970483437.5,-55.00631
2970483593.75,-54.97719
2970483750.0,-55.05768
2970483906.25,-55.10687
2970484062.5,-54.95648
2970484218.75,-55.00534
2970484375.0,-54.93131
2970484531.25,-55.05377
2970484687.5,-55.08607
2970484843.75,-55.03547
2970485000.0,-54.96951
2970485156.25,-55.00622
2970485312.5,-54.97971
2970485468.75,-54.98444
2970485625.0,-54.92228
2970485781.25,-55.03073
2970485937.5,-54.95712
2970486093.75,-55.04124
2970486250.0,-55.04791
2970486406.25,-54.95503
2970486562.5,-54.91232
2970486718.75,-54.88737
2970486875.0,-54.95859
2970487031.25,-55.042
2970487187.5,-54.86957
2970487343.75,-55.15008
2970487500.0,-55.05533
2970487656.25,-55.05924
2970487812.5,-55.06552
2970487968.75,-55.01622
2970488125.0,-55.04568
2970488281.25,-55.01791
2970488437.5,-54.99925
2970488593.75,-54.95832
2970488750.0,-54.98193
2970488906.25,-55.01553
2970489062.5,-55.03564
2970489218.75,-55.09694
2970489375.0,-54.93227
2970489531.25,-54.96902
2970489687.5,-55.09173
2970489843.75,-54.98585
2970490000.0,-54.95301
2970490156.25,-54.99361
2970490312.5,-54.97254
2970490468.75,-54.98601
2970490625.0,-55.00422
2970490781.25,-54.98988
2970490937.5,-55.02828
2970491093.75,-54.97426
2970491250.0,-55.00992
2970491406.25,-54.98718
2970491562.5,-54.97136
2970491718.75,-55.01986
2970491875.0,-54.99136
2970492031.25,-54.98522
2970492187.5,-54.88002
2970492343.75,-55.09414
2970492500.0,-54.96051
2970492656.25,-55.04018
2970492812.5,-54.8808
2970492968.75,-54.91971
2970493125.0,-55.02394
2970493281.25,-54.94917
2970493437.5,-54.9433
2970493593.75,-55.00519
2970493750.0,-54.97196
2970493906.25,-55.00612
2970494062.5,-55.0095
2970494218.75,-54.95782
2970494375.0,-55.07001
2970494531.25,-54.92304
2970494687.5,-55.01064
2970494843.75,-54.98133
2970495000.0,-55.00227
2970495156.25,-55.08105
2970495312.5,-54.98628
2970495468.75,-54.97569
2970495625.0,-54.94047
2970495781.25,-54.96564
2970495937.5,-54.97986
2970496093.75,-54.94986
2970496250.0,-54.97807
2970496406.25,-55.00597
2970496562.5,-55.03576
2970496718.75,-54.99018
2970496875.0,-54.96938
2970497031.25,-54.99742
2970497187.5,-55.01972
2970497343.75,-54.97491
2970497500.0,-54.96528
2970497656.25,-54.9236
2970497812.5,-54.95751
2970497968.75,-54.97512
2970498125.0,-54.98153
2970498281.25,-54.90481
2970498437.5,-54.9453
2970498593.75,-55.04961
2970498750.0,-55.00668
2970498906.25,-55.03217
2970499062.5,-54.92533
2970499218.75,-54.90394
2970499375.0,-55.00934
2970499531.25,-54.95751
2970499687.5,-54.86878
2970499843.75,-54.9122
2970500000.0,-55.02505
2970500156.25,-54.95074
2970500312.5,-54.96592
2970500468.75,-55.09924
2970500625.0,-54.9601
2970500781.25,-54.93415
2970500937.5,-55.00629
2970501093.75,-54.91603
2970501250.0,-54.89789
2970501406.25,-54.86301
2970501562.5,-54.96775
2970501718.75,-54.95093
2970501875.0,-54.90324
2970502031.25,-55.01511
2970502187.5,-54.9566
2970502343.75,-54.92188
2970502500.0,-54.93096
2970502656.25,-54.93242
2970502812.5,-54.9864
2970502968.75,-54.95073
2970503125.0,-55.06094
2970503281.25,-54.97989
2970503437.5,-55.03468
2970503593.75,-55.01208
2970503750.0,-54.82748
2970503906.25,-54.85648
2970504062.5,-54.92049
2970504218.75,-55.01567
2970504375.0,-54.95395
2970504531.25,-54.93742
2970504687.5,-54.9507
2970504843.75,-54.98876
2970505000.0,-54.87437
2970505156.25,-54.90058
2970505312.5,-54.808
2970505468.75,-54.9429
2970505625.0,-54.90585
2970505781.25,-54.92727
2970505937.5,-54.95178
2970506093.75,-54.87519
2970506250.0,-54.92254
2970506406.25,-54.94863
2970506562.5,-54.91987
2970506718.75,-54.96542
2970506875.0,-54.87413
2970507031.25,-54.95867
2970507187.5,-54.87072
2970507343.75,-54.8546
2970507500.0,-54.8572
2970507656.25,-54.87128
2970507812.5,-55.02702
2970507968.75,-54.93784
2970508125.0,-54.91809
2970508281.25,-55.03873
2970508437.5,-54.91151
2970508593.75,-54.8439
2970508750.0,-54.92087
2970508906.25,-54.92128
2970509062.5,-54.94368
2970509218.75,-54.91589
2970509375.0,-54.93781
2970509531.25,-54.93243
2970509687.5,-54.88916
2970509843.75,-54.90021
2970510000.0,-54.98294
2970510156.25,-54.96408
2970510312.5,-54.97803
2970510468.75,-54.84639
2970510625.0,-54.89967
2970510781.25,-54.99339
2970510937.5,-54.99429
2970511093.75,-54.87695
2970511250.0,-54.95221
2970511406.25,-54.96906
2970511562.5,-54.9843
2970511718.75,-54.91936
2970511875.0,-54.87534
2970512031.25,-54.86553
2970512187.5,-54.83845
2970512343.75,-54.88722
2970512500.0,-54.95665
2970512656.25,-54.94839
2970512812.5,-54.91383
2970512968.75,-54.98523
2970513125.0,-54.90264
2970513281.25,-54.93053
2970513437.5,-54.80046
2970513593.75,-54.91004
2970513750.0,-54.87157
2970513906.25,-54.9232
2970514062.5,-54.95803
2970514218.75,-54.80637
2970514375.0,-54.97984
2970514531.25,-54.97163
2970514687.5,-54.85207
2970514843.75,-54.95546
2970515000.0,-54.90718
2970515156.25,-54.90368
2970515312.5,-55.00938
2970515468.75,-54.91685
2970515625.0,-54.91124
2970515781.25,-55.01255
2970515937.5,-54.91487
2970516093.75,-54.86586
2970516250.0,-54.96275
2970516406.25,-54.92987
2970516562.5,-54.88435
2970516718.75,-54.91928
2970516875.0,-54.93338
2970517031.25,-54.97252
2970517187.5,-54.81214
2970517343.75,-54.88774
2970517500.0,-54.87278
2970517656.25,-55.01332
2970517812.5,-54.91235
2970517968.75,-54.82664
2970518125.0,-54.95769
2970518281.25,-54.83554
2970518437.5,-54.90616
2970518593.75,-54.86072
2970518750.0,-54.93212
2970518906.25,-54.88554
2970519062.5,-55.01107
2970519218.75,-54.92863
2970519375.0,-54.93943
2970519531.25,-54.939
2970519687.5,-54.96935
2970519843.75,-54.86469
2970520000.0,-54.90001
2970520156.25,-54.87808
2970520312.5,-54.85748
2970520468.75,-54.87016
2970520625.0,-54.9496
2970520781.25,-54.87691
2970520937.5,-54.95649
2970521093.75,-54.83672
2970521250.0,-54.9009
2970521406.25,-54.86416
2970521562.5,-54.94151
2970521718.75,-54.839
2970521875.0,-54.88614
2970522031.25,-54.85772
2970522187.5,-54.8893
2970522343.75,-54.86478
2970522500.0,-54.82301
2970522656.25,-54.87263
2970522812.5,-54.77982
2970522968.75,-54.80096
2970523125.0,-54.89967
2970523281.25,-54.99158
2970523437.5,-54.79881
2970523593.75,-54.90279
2970523750.0,-54.86074
2970523906.25,-54.89975
2970524062.5,-54.96009
2970524218.75,-54.84791
2970524375.0,-54.89434
2970524531.25,-54.86827
2970524687.5,-54.87305
2970524843.75,-54.85139
2970525000.0,-54.87157
2970525156.25,-54.8007
2970525312.5,-54.93512
2970525468.75,-54.93316
2970525625.0,-54.82257
2970525781.25,-54.93417
2970525937.5,-54.88032
2970526093.75,-54.80037
2970526250.0,-54.93139
2970526406.25,-54.92706
2970526562.5,-54.81418
2970526718.75,-54.8299
2970526875.0,-54.8015
2970527031.25,-54.80651
2970527187.5,-54.99844
2970527343.75,-54.96288
2970527500.0,-54.81833
2970527656.25,-54.88537
2970527812.5,-54.84563
2970527968.75,-54.86842
2970528125.0,-54.83319
2970528281.25,-54.84654
2970528437.5,-54.87942
2970528593.75,-54.8868
2970528750.0,-54.85136
2970528906.25,-54.82928
2970529062.5,-54.89742
2970529218.75,-54.91467
2970529375.0,-54.87529
2970529531.25,-54.89429
2970529687.5,-54.90091
2970529843.75,-54.92469
2970530000.0,-54.85724
2970530156.25,-54.92347
2970530312.5,-54.79027
2970530468.75,-54.87782
2970530625.0,-54.92184
2970530781.25,-54.85234
2970530937.5,-54.7888
2970531093.75,-54.84552
2970531250.0,-54.84695
2970531406.25,-54.77441
2970531562.5,-54.92534
2970531718.75,-54.8619
2970531875.0,-54.83186
2970532031.25,-54.86324
2970532187.5,-54.87243
2970532343.75,-54.73867
2970532500.0,-54.83215
2970532656.25,-54.85577
2970532812.5,-54.86814
2970532968.75,-54.86118
2970533125.0,-54.87378
2970533281.25,-54.85291
2970533437.5,-54.91753
2970533593.75,-54.79998
2970533750.0,-54.94245
2970533906.25,-54.87138
2970534062.5,-54.79791
2970534218.75,-54.93909
2970534375.0,-54.8798
2970534531.25,-54.82233
2970534687.5,-54.86149
2970534843.75,-54.85925
2970535000.0,-54.84224
2970535156.25,-54.84672
2970535312.5,-54.76419
2970535468.75,-55.0006
2970535625.0,-54.95877
2970535781.25,-54.87708
2970535937.5,-54.93633
2970536093.75,-54.81763
2970536250.0,-54.77209
2970536406.25,-54.91802
2970536562.5,-54.86287
2970536718.75,-54.82962
2970536875.0,-54.85808
2970537031.25,-54.81537
2970537187.5,-54.80616
2970537343.75,-54.8737
2970537500.0,-54.86004
2970537656.25,-54.77629
2970537812.5,-54.977
2970537968.75,-55.00802
2970538125.0,-54.89214
2970538281.25,-54.89417
2970538437.5,-54.80912
2970538593.75,-54.84739
2970538750.0,-54.84782
2970538906.25,-54.86732
2970539062.5,-54.83532
2970539218.75,-54.85641
2970539375.0,-54.88939
2970539531.25,-54.81517
2970539687.5,-54.82704
2970539843.75,-54.86976
2970540000.0,-54.85161
2970540156.25,-54.84317
2970540312.5,-54.78875
2970540468.75,-54.86731
2970540625.0,-54.8209
2970540781.25,-54.91004
2970540937.5,-54.91548
2970541093.75,-54.7769
2970541250.0,-54.80312
2970541406.25,-54.85886
2970541562.5,-54.83382
2970541718.75,-54.82295
2970541875.0,-54.81077
2970542031.25,-54.88282
2970542187.5,-54.86871
2970542343.75,-54.87717
2970542500.0,-54.75072
2970542656.25,-54.96364
2970542812.5,-54.82847
2970542968.75,-54.81314
2970543125.0,-54.8614
2970543281.25,-54.93459
2970543437.5,-54.89553
2970543593.75,-54.77671
2970543750.0,-54.85168
2970543906.25,-54.77949
2970544062.5,-54.7649
2970544218.75,-54.79083
2970544375.0,-54.78223
2970544531.25,-54.71366
2970544687.5,-54.77057
2970544843.75,-54.80043
2970545000.0,-54.85483
2970545156.25,-54.78363
2970545312.5,-54.84813
2970545468.75,-54.79711
2970545625.0,-54.87355
2970545781.25,-54.8215
2970545937.5,-54.8353
2970546093.75,-54.82389
2970546250.0,-54.85942
2970546406.25,-54.77347
2970546562.5,-54.90112
2970546718.75,-54.77268
2970546875.0,-54.87297
2970547031.25,-54.78319
2970547187.5,-54.85931
2970547343.75,-54.82177
2970547500.0,-54.89732
2970547656.25,-54.79813
2970547812.5,-54.75447
2970547968.75,-54.78897
2970548125.0,-54.86404
2970548281.25,-54.78877
2970548437.5,-54.8172
2970548593.75,-54.78803
2970548750.0,-54.82297
2970548906.25,-54.83202
2970549062.5,-54.84069
2970549218.75,-54.82431
2970549375.0,-54.89228
2970549531.25,-54.86353
2970549687.5,-54.84634
2970549843.75,-54.80809
2970550000.0,-54.68524
2970550156.25,-54.87579
2970550312.5,-54.7296
2970550468.75,-54.83117
2970550625.0,-54.79101
2970550781.25,-54.85986
2970550937.5,-54.71966
2970551093.75,-54.85239
2970551250.0,-54.80285
2970551406.25,-54.85853
2970551562.5,-54.81832
2970551718.75,-54.75678
2970551875.0,-54.77948
2970552031.25,-54.92883
2970552187.5,-54.78858
2970552343.75,-54.80212
2970552500.0,-54.73299
2970552656.25,-54.81498
2970552812.5,-54.83749
2970552968.75,-54.81993
2970553125.0,-54.68366
2970553281.25,-54.87558
2970553437.5,-54.8007
2970553593.75,-54.81803
2970553750.0,-54.78646
2970553906.25,-54.92459
2970554062.5,-54.80157
2970554218.75,-54.79826
2970554375.0,-54.68967
2970554531.25,-54.77809
2970554687.5,-54.81915
2970554843.75,-54.72026
2970555000.0,-54.77683
2970555156.25,-54.84538
2970555312.5,-54.74559
2970555468.75,-54.78961
2970555625.0,-54.79628
2970555781.25,-54.65642
2970555937.5,-54.81995
2970556093.75,-54.84001
2970556250.0,-54.7509
2970556406.25,-54.81437
2970556562.5,-54.88541
2970556718.75,-54.74846
2970556875.0,-54.81325
2970557031.25,-54.73943
2970557187.5,-54.79057
2970557343.75,-54.78239
2970557500.0,-54.76298
2970557656.25,-54.71
2970557812.5,-54.86563
2970557968.75,-54.82519
2970558125.0,-54.87043
2970558281.25,-54.77507
2970558437.5,-54.73949
2970558593.75,-54.83532
2970558750.0,-54.81383
2970558906.25,-54.90212
2970559062.5,-54.78313
2970559218.75,-54.82153
2970559375.0,-54.77046
2970559531.25,-54.77845
2970559687.5,-54.80917
2970559843.75,-54.75278
2970560000.0,-54.87704
2970560156.25,-54.75242
2970560312.5,-54.87604
2970560468.75,-54.78608
2970560625.0,-54.72844
2970560781.25,-54.86236
2970560937.5,-54.79529
2970561093.75,-54.75536
2970561250.0,-54.79155
2970561406.25,-54.79852
2970561562.5,-54.78389
2970561718.75,-54.81939
2970561875.0,-54.6586
2970562031.25,-54.80233
2970562187.5,-54.77033
2970562343.75,-54.90403
2970562500.0,-54.84584
2970562656.25,-54.81706
2970562812.5,-54.75546
2970562968.75,-54.68325
2970563125.0,-54.76101
2970563281.25,-54.7683
2970563437.5,-54.7703
2970563593.75,-54.80187
2970563750.0,-54.80019
2970563906.25,-54.7397
2970564062.5,-54.83503
2970564218.75,-54.7588
2970564375.0,-54.83142
2970564531.25,-54.67856
2970564687.5,-54.7898
2970564843.75,-54.78698
2970565000.0,-54.83956
2970565156.25,-54.76971
2970565312.5,-54.75475
2970565468.75,-54.7615
2970565625.0,-54.78935
2970565781.25,-54.73042
2970565937.5,-54.80375
2970566093.75,-54.81929
2970566250.0,-54.62603
2970566406.25,-54.8195
2970566562.5,-54.78096
2970566718.75,-54.71168
2970566875.0,-54.78328
2970567031.25,-54.72147
2970567187.5,-54.74692
2970567343.75,-54.7485
2970567500.0,-54.67669
2970567656.25,-54.7453
2970567812.5,-54.74582
2970567968.75,-54.78888
2970568125.0,-54.71585
2970568281.25,-54.75193
2970568437.5,-54.64439
2970568593.75,-54.74171
2970568750.0,-54.66837
2970568906.25,-54.78691
2970569062.5,-54.75559
2970569218.75,-54.79684
2970569375.0,-54.74277
2970569531.25,-54.82986
2970569687.5,-54.66177
2970569843.75,-54.80698
2970570000.0,-54.69677
2970570156.25,-54.80529
2970570312.5,-54.70092
2970570468.75,-54.7814
2970570625.0,-54.73877
2970570781.25,-54.78841
2970570937.5,-54.7924
2970571093.75,-54.75442
2970571250.0,-54.72091
2970571406.25,-54.76965
2970571562.5,-54.74848
2970571718.75,-54.77275
2970571875.0,-54.78328
2970572031.25,-54.70787
2970572187.5,-54.67888
2970572343.75,-54.76977
2970572500.0,-54.80619
2970572656.25,-54.71482
2970572812.5,-54.75494
2970572968.75,-54.8223
2970573125.0,-54.67834
2970573281.25,-54.7735
2970573437.5,-54.7751
2970573593.75,-54.71949
2970573750.0,-54.77211
2970573906.25,-54.75115
2970574062.5,-54.72687
2970574218.75,-54.71185
2970574375.0,-54.80814
2970574531.25,-54.66085
2970574687.5,-54.76133
2970574843.75,-54.82864
2970575000.0,-54.68543
2970575156.25,-54.73959
2970575312.5,-54.71782
2970575468.75,-54.71824
2970575625.0,-54.6874
2970575781.25,-54.69297
2970575937.5,-54.81508
2970576093.75,-54.79476
2970576250.0,-54.71744
2970576406.25,-54.71538
2970576562.5,-54.72715
2970576718.75,-54.68754
2970576875.0,-54.71453
2970577031.25,-54.72338
2970577187.5,-54.73632
2970577343.75,-54.69261
2970577500.0,-54.68781
2970577656.25,-54.75352
2970577812.5,-54.67977
2970577968.75,-54.69186
2970578125.0,-54.78571
2970578281.25,-54.74082
2970578437.5,-54.75868
2970578593.75,-54.63305
2970578750.0,-54.73748
2970578906.25,-54.64941
2970579062.5,-54.78221
2970579218.75,-54.71041
2970579375.0,-54.73962
2970579531.25,-54.76379
2970579687.5,-54.70214
2970579843.75,-54.72414
2970580000.0,-54.74484
2970580156.25,-54.67911
2970580312.5,-54.62641
2970580468.75,-54.74785
2970580625.0,-54.72306
2970580781.25,-54.75031
2970580937.5,-54.74168
2970581093.75,-54.74387
2970581250.0,-54.66087
2970581406.25,-54.74951
2970581562.5,-54.72953
2970581718.75,-54.79827
2970581875.0,-54.70121
2970582031.25,-54.76801
2970582187.5,-54.70287
2970582343.75,-54.7365
2970582500.0,-54.81358
2970582656.25,-54.73584
2970582812.5,-54.66599
2970582968.75,-54.69544
2970583125.0,-54.76554
2970583281.25,-54.6271
2970583437.5,-54.7542
2970583593.75,-54.6596
2970583750.0,-54.71161
2970583906.25,-54.6933
2970584062.5,-54.67186
2970584218.75,-54.69604
2970584375.0,-54.62106
2970584531.25,-54.6448
2970584687.5,-54.73833
2970584843.75,-54.65611
2970585000.0,-54.68022
2970585156.25,-54.69534
2970585312.5,-54.73125
2970585468.75,-54.69292
2970585625.0,-54.71207
2970585781.25,-54.66421
2970585937.5,-54.69244
2970586093.75,-54.64663
2970586250.0,-54.59621
2970586406.25,-54.7402
2970586562.5,-54.72223
2970586718.75,-54.78797
2970586875.0,-54.65616
2970587031.25,-54.73792
2970587187.5,-54.71201
2970587343.75,-54.69749
2970587500.0,-54.61177
2970587656.25,-54.68736
2970587812.5,-54.76538
2970587968.75,-54.79376
2970588125.0,-54.66141
2970588281.25,-54.78888
2970588437.5,-54.77498
2970588593.75,-54.69466
2970588750.0,-54.71937
2970588906.25,-54.6629
2970589062.5,-54.69383
2970589218.75,-54.65199
2970589375.0,-54.67022
2970589531.25,-54.71422
2970589687.5,-54.61284
2970589843.75,-54.55954
2970590000.0,-54.6722
2970590156.25,-54.69139
2970590312.5,-54.71647
2970590468.75,-54.6977
2970590625.0,-54.70042
2970590781.25,-54.71151
2970590937.5,-54.69192
2970591093.75,-54.74088
2970591250.0,-54.6811
2970591406.25,-54.68689
2970591562.5,-54.68925
2970591718.75,-54.71173
2970591875.0,-54.70108
2970592031.25,-54.71603
2970592187.5,-54.70866
2970592343.75,-54.73724
2970592500.0,-54.64154
2970592656.25,-54.74618
2970592812.5,-54.77809
2970592968.75,-54.68679
2970593125.0,-54.58372
2970593281.25,-54.56805
2970593437.5,-54.74582
2970593593.75,-54.71597
2970593750.0,-54.67435
2970593906.25,-54.63392
2970594062.5,-54.6501
2970594218.75,-54.69434
2970594375.0,-54.72246
2970594531.25,-54.68999
2970594687.5,-54.64674
2970594843.75,-54.64237
2970595000.0,-54.67907
2970595156.25,-54.72495
2970595312.5,-54.64457
2970595468.75,-54.5901
2970595625.0,-54.73696
2970595781.25,-54.58114
2970595937.5,-54.62209
2970596093.75,-54.68587
2970596250.0,-54.62118
2970596406.25,-54.71809
2970596562.5,-54.53384
2970596718.75,-54.674
2970596875.0,-54.61928
2970597031.25,-54.6741
2970597187.5,-54.67964
2970597343.75,-54.62241
2970597500.0,-54.70119
2970597656.25,-54.70591
2970597812.5,-54.59185
2970597968.75,-54.70277
2970598125.0,-54.61043
2970598281.25,-54.62925
2970598437.5,-54.64267
2970598593.75,-54.78206
2970598750.0,-54.71646
2970598906.25,-54.69709
2970599062.5,-54.61903
2970599218.75,-54.63698
2970599375.0,-54.71001
2970599531.25,-54.73279
2970599687.5,-54.59795
2970599843.75,-54.57503
2970600000.0,-54.72383
2970600156.25,-54.68779
2970600312.5,-54.68761
2970600468.75,-54.68847
2970600625.0,-54.61143
2970600781.25,-54.68505
2970600937.5,-54.64473
2970601093.75,-54.63137
2970601250.0,-54.56725
2970601406.25,-54.69322
2970601562.5,-54.6825
2970601718.75,-54.58718
2970601875.0,-54.65458
2970602031.25,-54.72344
2970602187.5,-54.67862
2970602343.75,-54.69852
2970602500.0,-54.72687
2970602656.25,-54.58859
2970602812.5,-54.57242
2970602968.75,-54.72468
2970603125.0,-54.64511
2970603281.25,-54.67401
2970603437.5,-54.68382
2970603593.75,-54.73595
2970603750.0,-54.59711
2970603906.25,-54.65936
2970604062.5,-54.73019
2970604218.75,-54.60833
2970604375.0,-54.65148
2970604531.25,-54.69755
2970604687.5,-54.58566
2970604843.75,-54.74929
2970605000.0,-54.64181
2970605156.25,-54.57983
2970605312.5,-54.6614
2970605468.75,-54.61944
2970605625.0,-54.73219
2970605781.25,-54.6569
2970605937.5,-54.65649
2970606093.75,-54.73792
2970606250.0,-54.65544
2970606406.25,-54.53878
2970606562.5,-54.68118
2970606718.75,-54.66354
2970606875.0,-54.62019
2970607031.25,-54.6192
2970607187.5,-54.57921
2970607343.75,-54.66637
2970607500.0,-54.70637
2970607656.25,-54.66965
2970607812.5,-54.58433
2970607968.75,-54.65336
2970608125.0,-54.70328
2970608281.25,-54.61004
2970608437.5,-54.5882
2970608593.75,-54.55226
2970608750.0,-54.6003
2970608906.25,-54.64606
2970609062.5,-54.66058
2970609218.75,-54.72464
2970609375.0,-54.65546
2970609531.25,-54.66616
2970609687.5,-54.66484
2970609843.75,-54.66717
2970610000.0,-54.63065
2970610156.25,-54.58273
2970610312.5,-54.70131
2970610468.75,-54.60183
2970610625.0,-54.59989
2970610781.25,-54.57746
2970610937.5,-54.56995
2970611093.75,-54.5167
2970611250.0,-54.7147
2970611406.25,-54.64831
2970611562.5,-54.59464
2970611718.75,-54.49511
2970611875.0,-54.60513
2970612031.25,-54.56005
2970612187.5,-54.5943
2970612343.75,-54.6007
2970612500.0,-54.58447
2970612656.25,-54.62849
2970612812.5,-54.6441
2970612968.75,-54.55872
2970613125.0,-54.66601
2970613281.25,-54.59165
2970613437.5,-54.74162
2970613593.75,-54.68159
2970613750.0,-54.67666
2970613906.25,-54.64854
2970614062.5,-54.62534
2970614218.75,-54.61734
2970614375.0,-54.73475
2970614531.25,-54.5057
2970614687.5,-54.55101
2970614843.75,-54.64508
2970615000.0,-54.55432
2970615156.25,-54.67239
2970615312.5,-54.67783
2970615468.75,-54.62392
2970615625.0,-54.63763
2970615781.25,-54.60695
2970615937.5,-54.64416
2970616093.75,-54.67738
2970616250.0,-54.64275
2970616406.25,-54.54556
2970616562.5,-54.65855
2970616718.75,-54.738
2970616875.0,-54.65757
2970617031.25,-54.61315
2970617187.5,-54.68514
2970617343.75,-54.62808
2970617500.0,-54.64149
2970617656.25,-54.57561
2970617812.5,-54.60317
2970617968.75,-54.61657
2970618125.0,-54.58483
2970618281.25,-54.65374
2970618437.5,-54.6238
2970618593.75,-54.56016
2970618750.0,-54.62643
2970618906.25,-54.58265
2970619062.5,-54.58676
2970619218.75,-54.71038
2970619375.0,-54.68457
2970619531.25,-54.5967
2970619687.5,-54.5728
2970619843.75,-54.63472
2970620000.0,-54.53802
2970620156.25,-54.68941
2970620312.5,-54.49657
2970620468.75,-54.56726
2970620625.0,-54.54232
2970620781.25,-54.63992
2970620937.5,-54.61151
2970621093.75,-54.61702
2970621250.0,-54.61724
2970621406.25,-54.55961
2970621562.5,-54.6353
2970621718.75,-54.59616
2970621875.0,-54.56157
2970622031.25,-54.58257
2970622187.5,-54.55481
2970622343.75,-54.5897
2970622500.0,-54.63668
2970622656.25,-54.49298
2970622812.5,-54.58735
2970622968.75,-54.49207
2970623125.0,-54.65828
2970623281.25,-54.61029
2970623437.5,-54.57154
2970623593.75,-54.57729
2970623750.0,-54.60543
2970623906.25,-54.56812
2970624062.5,-54.55849
2970624218.75,-54.62494
2970624375.0,-54.53167
2970624531.25,-54.60974
2970624687.5,-54.58739
2970624843.75,-54.57787
2970625000.0,-54.67574
2970625156.25,-54.58028
2970625312.5,-54.60751
2970625468.75,-54.65811
2970625625.0,-54.5855
2970625781.25,-54.63575
2970625937.5,-54.54054
2970626093.75,-54.52089
2970626250.0,-54.56431
2970626406.25,-54.62132
2970626562.5,-54.62374
2970626718.75,-54.59282
2970626875.0,-54.66127
2970627031.25,-54.58445
2970627187.5,-54.54353
2970627343.75,-54.55288
2970627500.0,-54.63255
2970627656.25,-54.58055
2970627812.5,-54.70327
2970627968.75,-54.5477
2970628125.0,-54.53084
2970628281.25,-54.57676
2970628437.5,-54.6394
2970628593.75,-54.60229
2970628750.0,-54.7181
2970628906.25,-54.57795
2970629062.5,-54.52995
2970629218.75,-54.56165
2970629375.0,-54.5488
2970629531.25,-54.61749
2970629687.5,-54.46841
2970629843.75,-54.6111
2970630000.0,-54.6779
2970630156.25,-54.5405
2970630312.5,-54.62269
2970630468.75,-54.58428
2970630625.0,-54.67008
2970630781.25,-54.64488
2970630937.5,-54.5075
2970631093.75,-54.54124
2970631250.0,-54.5871
2970631406.25,-54.61013
2970631562.5,-54.59995
2970631718.75,-54.43805
2970631875.0,-54.58972
2970632031.25,-54.47984
2970632187.5,-54.5304
2970632343.75,-54.54181
2970632500.0,-54.55236
2970632656.25,-54.56805
2970632812.5,-54.59797
2970632968.75,-54.60547
2970633125.0,-54.56989
2970633281.25,-54.54095
2970633437.5,-54.47567
2970633593.75,-54.65012
2970633750.0,-54.58972
2970633906.25,-54.61656
2970634062.5,-54.66956
2970634218.75,-54.54258
2970634375.0,-54.58166
2970634531.25,-54.5557
2970634687.5,-54.52527
2970634843.75,-54.49047
2970635000.0,-54.51802
2970635156.25,-54.624
2970635312.5,-54.45504
2970635468.75,-54.45277
2970635625.0,-54.56468
2970635781.25,-54.54572
2970635937.5,-54.58098
2970636093.75,-54.55857
2970636250.0,-54.57397
2970636406.25,-54.54864
2970636562.5,-54.55012
2970636718.75,-54.5619
2970636875.0,-54.52245
2970637031.25,-54.55907
2970637187.5,-54.56257
2970637343.75,-54.52666
2970637500.0,-54.57184
2970637656.25,-54.50722
2970637812.5,-54.48352
2970637968.75,-54.60465
2970638125.0,-54.60787
2970638281.25,-54.56194
2970638437.5,-54.54881
2970638593.75,-54.43817
2970638750.0,-54.5296
2970638906.25,-54.62298
2970639062.5,-54.48226
2970639218.75,-54.57969
2970639375.0,-54.51459
2970639531.25,-54.43603
2970639687.5,-54.56079
2970639843.75,-54.62154
2970640000.0,-54.51572
2970640156.25,-54.58395
2970640312.5,-54.64816
2970640468.75,-54.5318
2970640625.0,-54.50809
2970640781.25,-54.51072
2970640937.5,-54.50395
2970641093.75,-54.55794
2970641250.0,-54.49482
2970641406.25,-54.56737
2970641562.5,-54.48317
2970641718.75,-54.60643
2970641875.0,-54.54063
2970642031.25,-54.45596
2970642187.5,-54.54208
2970642343.75,-54.5204
2970642500.0,-54.48068
2970642656.25,-54.57523
2970642812.5,-54.55963
2970642968.75,-54.55582
2970643125.0,-54.53021
2970643281.25,-54.52272
2970643437.5,-54.53628
2970643593.75,-54.70351
2970643750.0,-54.57633
2970643906.25,-54.55878
2970644062.5,-54.46478
2970644218.75,-54.52047
2970644375.0,-54.4876
2970644531.25,-54.4867
2970644687.5,-54.5658
2970644843.75,-54.48383
2970645000.0,-54.50874
2970645156.25,-54.48454
2970645312.5,-54.5492
2970645468.75,-54.57582
2970645625.0,-54.59354
2970645781.25,-54.45725
2970645937.5,-54.58881
2970646093.75,-54.5031
2970646250.0,-54.47023
2970646406.25,-54.46711
2970646562.5,-54.59959
2970646718.75,-54.51829
2970646875.0,-54.49306
2970647031.25,-54.54411
2970647187.5,-54.51112
2970647343.75,-54.47893
2970647500.0,-54.51898
2970647656.25,-54.48656
2970647812.5,-54.45948
2970647968.75,-54.53372
2970648125.0,-54.50599
2970648281.25,-54.56913
2970648437.5,-54.51822
2970648593.75,-54.53563
2970648750.0,-54.45857
2970648906.25,-54.58364
2970649062.5,-54.55294
2970649218.75,-54.56018
2970649375.0,-54.50483
2970649531.25,-54.56123
2970649687.5,-54.51143
2970649843.75,-54.51179
2970650000.0,-54.51089
2970650156.25,-54.5477
2970650312.5,-54.58239
2970650468.75,-54.58224
2970650625.0,-54.49956
2970650781.25,-54.48217
2970650937.5,-54.65008
2970651093.75,-54.45081
2970651250.0,-54.55392
2970651406.25,-54.50989
2970651562.5,-54.50828
2970651718.75,-54.55996
2970651875.0,-54.5375
2970652031.25,-54.49084
2970652187.5,-54.57206
2970652343.75,-54.48547
2970652500.0,-54.42034
2970652656.25,-54.54292
2970652812.5,-54.53791
2970652968.75,-54.61243
2970653125.0,-54.56429
2970653281.25,-54.44121
2970653437.5,-54.59935
2970653593.75,-54.53458
2970653750.0,-54.52836
2970653906.25,-54.48238
2970654062.5,-54.45401
2970654218.75,-54.56287
2970654375.0,-54.56005
2970654531.25,-54.53963
2970654687.5,-54.48624
2970654843.75,-54.42353
2970655000.0,-54.42518
2970655156.25,-54.51648
2970655312.5,-54.47619
2970655468.75,-54.47141
2970655625.0,-54.48397
2970655781.25,-54.53606
2970655937.5,-54.38939
2970656093.75,-54.35572
2970656250.0,-54.53711
2970656406.25,-54.47222
2970656562.5,-54.43945
2970656718.75,-54.53578
2970656875.0,-54.49737
2970657031.25,-54.50219
2970657187.5,-54.4815
2970657343.75,-54.50521
2970657500.0,-54.594
2970657656.25,-54.41219
2970657812.5,-54.60262
2970657968.75,-54.4878
2970658125.0,-54.41527
2970658281.25,-54.55951
2970658437.5,-54.56315
2970658593.75,-54.5226
2970658750.0,-54.42258
2970658906.25,-54.43035
2970659062.5,-54.48366
2970659218.75,-54.49147
2970659375.0,-54.45625
2970659531.25,-54.45778
2970659687.5,-54.53066
2970659843.75,-54.42842
2970660000.0,-54.55693
2970660156.25,-54.51934
2970660312.5,-54.50248
2970660468.75,-54.37408
2970660625.0,-54.4193
2970660781.25,-54.40232
2970660937.5,-54.55305
2970661093.75,-54.47139
2970661250.0,-54.49881
2970661406.25,-54.51312
2970661562.5,-54.49611
2970661718.75,-54.53815
2970661875.0,-54.45886
2970662031.25,-54.44265
2970662187.5,-54.5009
2970662343.75,-54.55709
2970662500.0,-54.51427
2970662656.25,-54.51255
2970662812.5,-54.42863
2970662968.75,-54.47198
2970663125.0,-54.52461
2970663281.25,-54.4974
2970663437.5,-54.50224
2970663593.75,-54.41447
2970663750.0,-54.55961
2970663906.25,-54.49221
2970664062.5,-54.47409
2970664218.75,-54.43352
2970664375.0,-54.45005
2970664531.25,-54.46121
2970664687.5,-54.47805
2970664843.75,-54.53867
2970665000.0,-54.53687
2970665156.25,-54.46592
2970665312.5,-54.54062
2970665468.75,-54.47921
2970665625.0,-54.52376
2970665781.25,-54.53966
2970665937.5,-54.47446
2970666093.75,-54.46566
2970666250.0,-54.49891
2970666406.25,-54.41676
2970666562.5,-54.39751
2970666718.75,-54.51977
2970666875.0,-54.4794
2970667031.25,-54.439
2970667187.5,-54.43811
2970667343.75,-54.46057
2970667500.0,-54.46244
2970667656.25,-54.45728
2970667812.5,-54.41595
2970667968.75,-54.49257
2970668125.0,-54.51493
2970668281.25,-54.42966
2970668437.5,-54.5282
2970668593.75,-54.51772
2970668750.0,-54.54509
2970668906.25,-54.44152
2970669062.5,-54.5197
2970669218.75,-54.34594
2970669375.0,-54.48056
2970669531.25,-54.42617
2970669687.5,-54.49476
2970669843.75,-54.48379
2970670000.0,-54.42725
2970670156.25,-54.57413
2970670312.5,-54.48446
2970670468.75,-54.50959
2970670625.0,-54.49431
2970670781.25,-54.48688
2970670937.5,-54.40364
2970671093.75,-54.40664
2970671250.0,-54.43391
2970671406.25,-54.39001
2970671562.5,-54.47684
2970671718.75,-54.43629
2970671875.0,-54.40744
2970672031.25,-54.45369
2970672187.5,-54.38749
2970672343.75,-54.46738
2970672500.0,-54.4625
2970672656.25,-54.40285
2970672812.5,-54.37811
2970672968.75,-54.41498
2970673125.0,-54.53108
2970673281.25,-54.51608
2970673437.5,-54.38488
2970673593.75,-54.45625
2970673750.0,-54.48208
2970673906.25,-54.37048
2970674062.5,-54.46955
2970674218.75,-54.41612
2970674375.0,-54.40001
2970674531.25,-54.4081
2970674687.5,-54.5066
2970674843.75,-54.4379
2970675000.0,-54.48606
2970675156.25,-54.55352
2970675312.5,-54.43253
2970675468.75,-54.447
2970675625.0,-54.50008
2970675781.25,-54.47196
2970675937.5,-54.37563
2970676093.75,-54.47313
2970676250.0,-54.38387
2970676406.25,-54.41763
2970676562.5,-54.48895
2970676718.75,-54.38801
2970676875.0,-54.44261
2970677031.25,-54.5451
2970677187.5,-54.44389
2970677343.75,-54.42205
2970677500.0,-54.46938
2970677656.25,-54.45564
2970677812.5,-54.45918
2970677968.75,-54.49583
2970678125.0,-54.39149
2970678281.25,-54.50385
2970678437.5,-54.43708
2970678593.75,-54.48493
2970678750.0,-54.37489
2970678906.25,-54.47591
2970679062.5,-54.38796
2970679218.75,-54.47408
2970679375.0,-54.40792
2970679531.25,-54.44634
2970679687.5,-54.41459
2970679843.75,-54.37117
2970680000.0,-54.37786
2970680156.25,-54.376
2970680312.5,-54.35425
2970680468.75,-54.4885
2970680625.0,-54.48936
2970680781.25,-54.41047
2970680937.5,-54.41698
2970681093.75,-54.39861
2970681250.0,-54.44219
2970681406.25,-54.3561
2970681562.5,-54.3207
2970681718.75,-54.43101
2970681875.0,-54.45864
2970682031.25,-54.40191
2970682187.5,-54.4157
2970682343.75,-54.52066
2970682500.0,-54.31491
2970682656.25,-54.35463
2970682812.5,-54.44605
2970682968.75,-54.36356
2970683125.0,-54.43337
2970683281.25,-54.44268
2970683437.5,-54.45995
2970683593.75,-54.50003
2970683750.0,-54.43959
2970683906.25,-54.45948
2970684062.5,-54.32679
2970684218.75,-54.39935
2970684375.0,-54.43459
2970684531.25,-54.35722
2970684687.5,-54.46693
2970684843.75,-54.37253
2970685000.0,-54.45224
2970685156.25,-54.44958
2970685312.5,-54.44012
2970685468.75,-54.41235
2970685625.0,-54.39452
2970685781.25,-54.38218
2970685937.5,-54.39608
2970686093.75,-54.45002
2970686250.0,-54.38811
2970686406.25,-54.48164
2970686562.5,-54.38949
2970686718.75,-54.3123
2970686875.0,-54.4116
2970687031.25,-54.41737
2970687187.5,-54.42531
2970687343.75,-54.36221
2970687500.0,-54.45048
2970687656.25,-54.38039
2970687812.5,-54.41922
2970687968.75,-54.3762
2970688125.0,-54.47952
2970688281.25,-54.32165
2970688437.5,-54.51208
2970688593.75,-54.40435
2970688750.0,-54.40855
2970688906.25,-54.40014
2970689062.5,-54.36938
2970689218.75,-54.35854
2970689375.0,-54.37914
2970689531.25,-54.38646
2970689687.5,-54.30791
2970689843.75,-54.37753
2970690000.0,-54.37341
2970690156.25,-54.33675
2970690312.5,-54.51852
2970690468.75,-54.35272
2970690625.0,-54.31746
2970690781.25,-54.38095
2970690937.5,-54.35417
2970691093.75,-54.33729
2970691250.0,-54.47223
2970691406.25,-54.30518
2970691562.5,-54.39457
2970691718.75,-54.43816
2970691875.0,-54.40432
2970692031.25,-54.37354
2970692187.5,-54.32481
2970692343.75,-54.33359
2970692500.0,-54.35815
2970692656.25,-54.37526
2970692812.5,-54.44019
2970692968.75,-54.40897
2970693125.0,-54.31978
2970693281.25,-54.36377
2970693437.5,-54.46108
2970693593.75,-54.32883
2970693750.0,-54.38485
2970693906.25,-54.40858
2970694062.5,-54.4027
2970694218.75,-54.45035
2970694375.0,-54.31561
2970694531.25,-54.42323
2970694687.5,-54.44406
2970694843.75,-54.39328
2970695000.0,-54.44289
2970695156.25,-54.30867
2970695312.5,-54.42667
2970695468.75,-54.38943
2970695625.0,-54.39489
2970695781.25,-54.43053
2970695937.5,-54.39383
2970696093.75,-54.34865
2970696250.0,-54.44483
2970696406.25,-54.3265
2970696562.5,-54.44374
2970696718.75,-54.36524
2970696875.0,-54.41474
2970697031.25,-54.31845
2970697187.5,-54.31925
2970697343.75,-54.39393
2970697500.0,-54.37307
2970697656.25,-54.42303
2970697812.5,-54.40677
2970697968.75,-54.37648
2970698125.0,-54.29617
2970698281.25,-54.31617
2970698437.5,-54.20611
2970698593.75,-54.36411
2970698750.0,-54.42248
2970698906.25,-54.34296
2970699062.5,-54.37998
2970699218.75,-54.37527
2970699375.0,-54.40383
2970699531.25,-54.31581
2970699687.5,-54.41653
2970699843.75,-54.30317
2970700000.0,-54.36053
2970700156.25,-54.34175
2970700312.5,-54.43491
2970700468.75,-54.49356
2970700625.0,-54.36804
2970700781.25,-54.37505
2970700937.5,-54.42859
2970701093.75,-54.41969
2970701250.0,-54.292
2970701406.25,-54.37852
2970701562.5,-54.34031
2970701718.75,-54.32254
2970701875.0,-54.40614
2970702031.25,-54.35558
2970702187.5,-54.34003
2970702343.75,-54.33122
2970702500.0,-54.32212
2970702656.25,-54.33245
2970702812.5,-54.33741
2970702968.75,-54.35736
2970703125.0,-54.35779
2970703281.25,-54.32168
2970703437.5,-54.46031
2970703593.75,-54.33084
2970703750.0,-54.35619
2970703906.25,-54.37046
2970704062.5,-54.28984
2970704218.75,-54.28947
2970704375.0,-54.32877
2970704531.25,-54.36479
2970704687.5,-54.3193
2970704843.75,-54.33052
2970705000.0,-54.32608
2970705156.25,-54.41909
2970705312.5,-54.27693
2970705468.75,-54.36712
2970705625.0,-54.21731
2970705781.25,-54.37499
2970705937.5,-54.44568
2970706093.75,-54.43926
2970706250.0,-54.33809
2970706406.25,-54.34843
2970706562.5,-54.33695
2970706718.75,-54.5018
2970706875.0,-54.31054
2970707031.25,-54.22787
2970707187.5,-54.41512
2970707343.75,-54.36429
2970707500.0,-54.31614
2970707656.25,-54.36601
2970707812.5,-54.28561
2970707968.75,-54.3196
2970708125.0,-54.3266
2970708281.25,-54.34082
2970708437.5,-54.37949
2970708593.75,-54.42912
2970708750.0,-54.34806
2970708906.25,-54.26582
2970709062.5,-54.31013
2970709218.75,-54.38808
2970709375.0,-54.38118
2970709531.25,-54.22915
2970709687.5,-54.33849
2970709843.75,-54.39986
2970710000.0,-54.29473
2970710156.25,-54.31678
2970710312.5,-54.25494
2970710468.75,-54.3399
2970710625.0,-54.29402
2970710781.25,-54.29222
2970710937.5,-54.33676
2970711093.75,-54.24679
2970711250.0,-54.27452
2970711406.25,-54.22176
2970711562.5,-54.30031
2970711718.75,-54.25484
2970711875.0,-54.3302
2970712031.25,-54.33947
2970712187.5,-54.40791
2970712343.75,-54.2014
2970712500.0,-54.34584
2970712656.25,-54.26452
2970712812.5,-54.35307
2970712968.75,-54.30982
2970713125.0,-54.28363
2970713281.25,-54.30401
2970713437.5,-54.28856
2970713593.75,-54.35485
2970713750.0,-54.39132
2970713906.25,-54.40962
2970714062.5,-54.36327
2970714218.75,-54.25569
2970714375.0,-54.26739
2970714531.25,-54.32005
2970714687.5,-54.34103
2970714843.75,-54.29668
2970715000.0,-54.24434
2970715156.25,-54.26569
2970715312.5,-54.26665
2970715468.75,-54.37259
2970715625.0,-54.27673
2970715781.25,-54.36853
2970715937.5,-54.24974
2970716093.75,-54.47096
2970716250.0,-54.37487
2970716406.25,-54.37195
2970716562.5,-54.27621
2970716718.75,-54.3312
2970716875.0,-54.35147
2970717031.25,-54.23449
2970717187.5,-54.31957
2970717343.75,-54.41245
2970717500.0,-54.38496
2970717656.25,-54.29531
2970717812.5,-54.33347
2970717968.75,-54.27612
2970718125.0,-54.27525
2970718281.25,-54.31171
2970718437.5,-54.34928
2970718593.75,-54.32463
2970718750.0,-54.30198
2970718906.25,-54.32144
2970719062.5,-54.22601
2970719218.75,-54.29403
2970719375.0,-54.39993
2970719531.25,-54.29203
2970719687.5,-54.25205
2970719843.75,-54.30381
2970720000.0,-54.33485
2970720156.25,-54.27195
2970720312.5,-54.37108
2970720468.75,-54.30638
2970720625.0,-54.29442
2970720781.25,-54.27811
2970720937.5,-54.38376
2970721093.75,-54.35763
2970721250.0,-54.24316
2970721406.25,-54.27899
2970721562.5,-54.30189
2970721718.75,-54.28308
2970721875.0,-54.28782
2970722031.25,-54.45414
2970722187.5,-54.23658
2970722343.75,-54.28975
2970722500.0,-54.34662
2970722656.25,-54.29615
2970722812.5,-54.26115
2970722968.75,-54.20665
2970723125.0,-54.27883
2970723281.25,-54.26917
2970723437.5,-54.32117
2970723593.75,-54.29046
2970723750.0,-54.22462
2970723906.25,-54.26855
2970724062.5,-54.40863
2970724218.75,-54.29792
2970724375.0,-54.32488
2970724531.25,-54.3344
2970724687.5,-54.23987
2970724843.75,-54.26982
2970725000.0,-54.27534
2970725156.25,-54.29772
2970725312.5,-54.32958
2970725468.75,-54.24632
2970725625.0,-54.34362
2970725781.25,-54.25949
2970725937.5,-54.34431
2970726093.75,-54.34932
2970726250.0,-54.26652
2970726406.25,-54.40221
2970726562.5,-54.20253
2970726718.75,-54.17289
2970726875.0,-54.36349
2970727031.25,-54.2355
2970727187.5,-54.28312
2970727343.75,-54.20107
2970727500.0,-54.2696
2970727656.25,-54.36578
2970727812.5,-54.35191
2970727968.75,-54.20246
2970728125.0,-54.25236
2970728281.25,-54.18171
2970728437.5,-54.28775
2970728593.75,-54.23355
2970728750.0,-54.19004
2970728906.25,-54.29237
2970729062.5,-54.2752
2970729218.75,-54.36276
2970729375.0,-54.23963
2970729531.25,-54.19872
2970729687.5,-54.26348
2970729843.75,-54.29335
2970730000.0,-54.21259
2970730156.25,-54.28428
2970730312.5,-54.327
2970730468.75,-54.35281
2970730625.0,-54.31584
2970730781.25,-54.23719
2970730937.5,-54.35894
2970731093.75,-54.24759
2970731250.0,-54.31174
2970731406.25,-54.2647
2970731562.5,-54.2419
2970731718.75,-54.21241
2970731875.0,-54.2359
2970732031.25,-54.22052
2970732187.5,-54.32267
2970732343.75,-54.28731
2970732500.0,-54.2548
2970732656.25,-54.33223
2970732812.5,-54.25956
2970732968.75,-54.2655
2970733125.0,-54.36432
2970733281.25,-54.2197
2970733437.5,-54.2845
2970733593.75,-54.31364
2970733750.0,-54.28815
2970733906.25,-54.23443
2970734062.5,-54.26662
2970734218.75,-54.31651
2970734375.0,-54.21483
2970734531.25,-54.23901
2970734687.5,-54.24677
2970734843.75,-54.39497
2970735000.0,-54.28067
2970735156.25,-54.18892
2970735312.5,-54.27737
2970735468.75,-54.27169
2970735625.0,-54.28638
2970735781.25,-54.30237
2970735937.5,-54.23472
2970736093.75,-54.23639
2970736250.0,-54.28474
2970736406.25,-54.16857
2970736562.5,-54.416
2970736718.75,-54.1925
2970736875.0,-54.245
2970737031.25,-54.19581
2970737187.5,-54.24278
2970737343.75,-54.23185
2970737500.0,-54.26854
2970737656.25,-54.21115
2970737812.5,-54.28951
2970737968.75,-54.22861
2970738125.0,-54.30727
2970738281.25,-54.2396
2970738437.5,-54.28729
2970738593.75,-54.29773
2970738750.0,-54.19622
2970738906.25,-54.28582
2970739062.5,-54.27756
2970739218.75,-54.27456
2970739375.0,-54.29564
2970739531.25,-54.27409
2970739687.5,-54.24756
2970739843.75,-54.29617
2970740000.0,-54.22993
2970740156.25,-54.20087
2970740312.5,-54.22007
2970740468.75,-54.2573
2970740625.0,-54.22792
2970740781.25,-54.20179
2970740937.5,-54.14305
2970741093.75,-54.31043
2970741250.0,-54.3133
2970741406.25,-54.20567
2970741562.5,-54.15557
2970741718.75,-54.22756
2970741875.0,-54.23416
2970742031.25,-54.27181
2970742187.5,-54.17159
2970742343.75,-54.21883
2970742500.0,-54.21447
2970742656.25,-54.20772
2970742812.5,-54.26391
2970742968.75,-54.31876
2970743125.0,-54.16973
2970743281.25,-54.35081
2970743437.5,-54.1566
2970743593.75,-54.18665
2970743750.0,-54.18061
2970743906.25,-54.17815
2970744062.5,-54.23503
2970744218.75,-54.3163
2970744375.0,-54.25952
2970744531.25,-54.32201
2970744687.5,-54.25669
2970744843.75,-54.22564
2970745000.0,-54.20792
2970745156.25,-54.21853
2970745312.5,-54.25325
2970745468.75,-54.17595
2970745625.0,-54.32245
2970745781.25,-54.24306
2970745937.5,-54.18842
2970746093.75,-54.24694
2970746250.0,-54.26771
2970746406.25,-54.16121
2970746562.5,-54.26223
2970746718.75,-54.20718
2970746875.0,-54.19247
2970747031.25,-54.20227
2970747187.5,-54.22577
2970747343.75,-54.17366
2970747500.0,-54.26392
2970747656.25,-54.18587
2970747812.5,-54.18318
2970747968.75,-54.28706
2970748125.0,-54.31056
2970748281.25,-54.20324
2970748437.5,-54.21995
2970748593.75,-54.31242
2970748750.0,-54.24193
2970748906.25,-54.21967
2970749062.5,-54.28859
2970749218.75,-54.27648
2970749375.0,-54.19207
2970749531.25,-54.20208
2970749687.5,-54.22153
2970749843.75,-54.25851
2970750000.0,-54.24478
2970750156.25,-54.19919
2970750312.5,-54.22432
2970750468.75,-54.14227
2970750625.0,-54.09213
2970750781.25,-54.19996
2970750937.5,-54.18806
2970751093.75,-54.18252
2970751250.0,-54.1458
2970751406.25,-54.11512
2970751562.5,-54.10538
2970751718.75,-54.19718
2970751875.0,-54.31262
2970752031.25,-54.25413
2970752187.5,-54.21358
2970752343.75,-54.25375
2970752500.0,-54.15181
2970752656.25,-54.12675
2970752812.5,-54.21992
2970752968.75,-54.18279
2970753125.0,-54.14738
2970753281.25,-54.20269
2970753437.5,-54.20014
2970753593.75,-54.25616
2970753750.0,-54.2318
2970753906.25,-54.19088
2970754062.5,-54.17986
2970754218.75,-54.24274
2970754375.0,-54.2441
2970754531.25,-54.34354
2970754687.5,-54.22448
2970754843.75,-54.20331
2970755000.0,-54.23928
2970755156.25,-54.19675
2970755312.5,-54.1765
2970755468.75,-54.2407
2970755625.0,-54.27009
2970755781.25,-54.24583
2970755937.5,-54.19147
2970756093.75,-54.13563
2970756250.0,-54.24186
2970756406.25,-54.18983
2970756562.5,-54.23048
2970756718.75,-54.14774
2970756875.0,-54.17089
2970757031.25,-54.23317
2970757187.5,-54.27071
2970757343.75,-54.16377
2970757500.0,-54.17939
2970757656.25,-54.2549
2970757812.5,-54.30205
2970757968.75,-54.06743
2970758125.0,-54.12212
2970758281.25,-54.13866
2970758437.5,-54.1954
2970758593.75,-54.19576
2970758750.0,-54.12521
2970758906.25,-54.13607
2970759062.5,-54.22858
2970759218.75,-54.17783
2970759375.0,-54.13393
2970759531.25,-54.1656
2970759687.5,-54.14533
2970759843.75,-54.14566
2970760000.0,-54.20125
2970760156.25,-54.08924
2970760312.5,-54.13372
2970760468.75,-54.22459
2970760625.0,-54.13374
2970760781.25,-54.16369
2970760937.5,-54.20212
2970761093.75,-54.17896
2970761250.0,-54.21956
2970761406.25,-54.15413
2970761562.5,-54.23648
2970761718.75,-54.14812
2970761875.0,-54.18673
2970762031.25,-54.27418
2970762187.5,-54.18991
2970762343.75,-54.17373
2970762500.0,-54.21555
2970762656.25,-54.15764
2970762812.5,-54.14927
2970762968.75,-54.28827
2970763125.0,-54.21959
2970763281.25,-54.12587
2970763437.5,-54.10775
2970763593.75,-54.04849
2970763750.0,-54.19237
2970763906.25,-54.15312
2970764062.5,-54.12288
2970764218.75,-54.12674
2970764375.0,-54.21251
2970764531.25,-54.09401
2970764687.5,-54.17625
2970764843.75,-54.19467
2970765000.0,-54.11696
2970765156.25,-54.15215
2970765312.5,-54.17563
2970765468.75,-54.18571
2970765625.0,-54.13383
2970765781.25,-54.22803
2970765937.5,-54.07594
2970766093.75,-54.21223
2970766250.0,-54.17859
2970766406.25,-54.11683
2970766562.5,-54.16262
2970766718.75,-54.15754
2970766875.0,-54.1539
2970767031.25,-54.19351
2970767187.5,-54.17094
2970767343.75,-54.23991
2970767500.0,-54.12426
2970767656.25,-54.22123
2970767812.5,-54.16021
2970767968.75,-54.1171
2970768125.0,-54.11255
2970768281.25,-54.18359
2970768437.5,-54.18354
2970768593.75,-54.1406
2970768750.0,-54.12298
2970768906.25,-54.14093
2970769062.5,-54.13788
2970769218.75,-54.1769
2970769375.0,-54.11299
2970769531.25,-54.12095
2970769687.5,-54.1432
2970769843.75,-54.15909
2970770000.0,-54.11109
2970770156.25,-54.08701
2970770312.5,-54.07076
2970770468.75,-54.03193
2970770625.0,-54.18855
2970770781.25,-54.03542
2970770937.5,-54.1344
2970771093.75,-54.16537
2970771250.0,-54.23434
2970771406.25,-54.16335
2970771562.5,-54.20662
2970771718.75,-54.13881
2970771875.0,-54.17719
2970772031.25,-54.16486
2970772187.5,-54.11603
2970772343.75,-54.17142
2970772500.0,-54.11954
2970772656.25,-54.16962
2970772812.5,-54.1643
2970772968.75,-54.03212
2970773125.0,-54.10939
2970773281.25,-54.18847
2970773437.5,-54.12112
2970773593.75,-54.12397
2970773750.0,-54.08406
2970773906.25,-54.17857
2970774062.5,-54.07567
2970774218.75,-54.08963
2970774375.0,-54.12721
2970774531.25,-54.17583
2970774687.5,-54.14098
2970774843.75,-54.15623
2970775000.0,-54.12366
2970775156.25,-54.05113
2970775312.5,-54.09406
2970775468.75,-54.1979
2970775625.0,-54.12082
2970775781.25,-54.16079
2970775937.5,-54.1299
2970776093.75,-54.05593
2970776250.0,-54.07248
2970776406.25,-54.13981
2970776562.5,-54.19131
2970776718.75,-54.12367
2970776875.0,-54.10104
2970777031.25,-54.13822
2970777187.5,-54.11995
2970777343.75,-54.09301
2970777500.0,-54.04737
2970777656.25,-54.08382
2970777812.5,-54.06939
2970777968.75,-54.13839
2970778125.0,-54.11474
2970778281.25,-54.06229
2970778437.5,-54.14479
2970778593.75,-54.18618
2970778750.0,-54.05538
2970778906.25,-54.11415
2970779062.5,-54.11901
2970779218.75,-54.08033
2970779375.0,-54.05135
2970779531.25,-54.09033
2970779687.5,-54.04041
2970779843.75,-54.06377
2970780000.0,-54.11238
2970780156.25,-54.10475
2970780312.5,-54.08975
2970780468.75,-54.0925
2970780625.0,-54.02788
2970780781.25,-54.06804
2970780937.5,-54.15919
2970781093.75,-54.12115
2970781250.0,-54.18763
2970781406.25,-54.07426
2970781562.5,-54.11981
2970781718.75,-54.10464
2970781875.0,-54.07227
2970782031.25,-54.17493
2970782187.5,-54.13334
2970782343.75,-54.05539
2970782500.0,-54.13321
2970782656.25,-54.10595
2970782812.5,-54.08558
2970782968.75,-54.17825
2970783125.0,-54.11631
2970783281.25,-53.98315
2970783437.5,-54.04197
2970783593.75,-54.05979
2970783750.0,-54.13213
2970783906.25,-54.09888
2970784062.5,-54.10146
2970784218.75,-54.15305
2970784375.0,-54.09317
2970784531.25,-54.0301
2970784687.5,-54.16293
2970784843.75,-54.14381
2970785000.0,-54.06088
2970785156.25,-54.11391
2970785312.5,-54.21965
2970785468.75,-54.08794
2970785625.0,-54.02059
2970785781.25,-54.09993
2970785937.5,-54.05774
2970786093.75,-54.11797
2970786250.0,-54.05785
2970786406.25,-54.05106
2970786562.5,-54.03499
2970786718.75,-54.12464
2970786875.0,-54.12151
2970787031.25,-54.11613
2970787187.5,-54.12631
2970787343.75,-54.1565
2970787500.0,-54.09374
2970787656.25,-54.15149
2970787812.5,-54.17345
2970787968.75,-54.08105
2970788125.0,-54.05454
2970788281.25,-54.0868
2970788437.5,-54.09964
2970788593.75,-54.10386
2970788750.0,-54.16009
2970788906.25,-54.04467
2970789062.5,-54.15678
2970789218.75,-54.14161
2970789375.0,-54.10429
2970789531.25,-54.12297
2970789687.5,-54.11437
2970789843.75,-54.06291
2970790000.0,-54.14013
2970790156.25,-54.14338
2970790312.5,-54.1551
2970790468.75,-54.0185
2970790625.0,-54.17526
2970790781.25,-54.12831
2970790937.5,-54.05656
2970791093.75,-54.13915
2970791250.0,-54.04419
2970791406.25,-54.18927
2970791562.5,-54.15239
2970791718.75,-54.08916
2970791875.0,-54.04798
2970792031.25,-54.14718
2970792187.5,-54.08874
2970792343.75,-54.10172
2970792500.0,-54.18955
2970792656.25,-54.05434
2970792812.5,-54.01894
2970792968.75,-54.03641
2970793125.0,-54.05531
2970793281.25,-54.10458
2970793437.5,-54.05069
2970793593.75,-54.08019
2970793750.0,-54.10208
2970793906.25,-54.06172
2970794062.5,-54.02617
2970794218.75,-54.05761
2970794375.0,-54.08773
2970794531.25,-54.04799
2970794687.5,-54.06859
2970794843.75,-54.0649
2970795000.0,-54.0732
2970795156.25,-54.10355
2970795312.5,-54.13678
2970795468.75,-54.1207
2970795625.0,-54.07627
2970795781.25,-54.08947
2970795937.5,-54.12589
2970796093.75,-54.08913
2970796250.0,-54.02713
2970796406.25,-54.10847
2970796562.5,-54.09869
2970796718.75,-54.09958
2970796875.0,-54.06195
2970797031.25,-54.03758
2970797187.5,-54.04768
2970797343.75,-54.05882
2970797500.0,-54.09862
2970797656.25,-54.09175
2970797812.5,-54.00245
2970797968.75,-54.0187
2970798125.0,-54.02443
2970798281.25,-54.03492
2970798437.5,-54.10617
2970798593.75,-54.07197
2970798750.0,-54.02552
2970798906.25,-54.11463
2970799062.5,-54.11128
2970799218.75,-53.99215
2970799375.0,-54.13066
2970799531.25,-54.11713
2970799687.5,-54.05788
2970799843.75,-54.01194
2970800000.0,-54.07
2970800156.25,-54.08377
2970800312.5,-54.02479
2970800468.75,-54.10323
2970800625.0,-54.131
2970800781.25,-54.06121
2970800937.5,-54.06923
2970801093.75,-54.18474
2970801250.0,-54.07117
2970801406.25,-54.02931
2970801562.5,-54.07362
2970801718.75,-54.04017
2970801875.0,-54.04368
2970802031.25,-53.94039
2970802187.5,-54.09859
2970802343.75,-54.05702
2970802500.0,-54.00886
2970802656.25,-54.03554
2970802812.5,-53.99624
2970802968.75,-54.06897
2970803125.0,-54.0102
2970803281.25,-54.09574
2970803437.5,-54.02452
2970803593.75,-54.13564
2970803750.0,-54.0276
2970803906.25,-54.04995
2970804062.5,-54.02189
2970804218.75,-54.00274
2970804375.0,-54.01651
2970804531.25,-54.04484
2970804687.5,-53.96477
2970804843.75,-54.03676
2970805000.0,-54.06387
2970805156.25,-54.09676
2970805312.5,-54.01769
2970805468.75,-53.96814
2970805625.0,-53.94811
2970805781.25,-54.05363
2970805937.5,-53.99977
2970806093.75,-54.1021
2970806250.0,-54.05744
2970806406.25,-54.09634
2970806562.5,-54.03696
2970806718.75,-54.01474
2970806875.0,-53.98777
2970807031.25,-53.9988
2970807187.5,-54.03205
2970807343.75,-53.98988
2970807500.0,-53.93835
2970807656.25,-54.03762
2970807812.5,-54.02969
2970807968.75,-54.00506
2970808125.0,-54.0413
2970808281.25,-54.01529
2970808437.5,-54.01553
2970808593.75,-54.02123
2970808750.0,-54.06364
2970808906.25,-54.12292
2970809062.5,-54.00311
2970809218.75,-53.95085
2970809375.0,-54.00653
2970809531.25,-54.02781
2970809687.5,-53.99448
2970809843.75,-54.05064
2970810000.0,-53.96476
2970810156.25,-54.07434
2970810312.5,-54.08339
2970810468.75,-54.05425
2970810625.0,-54.01429
2970810781.25,-54.08485
2970810937.5,-53.98012
2970811093.75,-54.04192
2970811250.0,-54.02482
2970811406.25,-54.02917
2970811562.5,-54.07076
2970811718.75,-53.97102
2970811875.0,-53.98582
2970812031.25,-54.06051
2970812187.5,-54.02848
2970812343.75,-53.96764
2970812500.0,-54.02097
2970812656.25,-53.97307
2970812812.5,-54.05265
2970812968.75,-53.96294
2970813125.0,-54.09621
2970813281.25,-54.03829
2970813437.5,-53.95253
2970813593.75,-54.00167
2970813750.0,-54.03071
2970813906.25,-54.00341
2970814062.5,-54.06773
2970814218.75,-54.01825
2970814375.0,-53.96672
2970814531.25,-54.01987
2970814687.5,-54.03955
2970814843.75,-54.08221
2970815000.0,-54.04615
2970815156.25,-54.02493
2970815312.5,-54.11642
2970815468.75,-54.0975
2970815625.0,-53.95396
2970815781.25,-53.96511
2970815937.5,-54.00998
2970816093.75,-54.02284
2970816250.0,-54.03063
2970816406.25,-53.96393
2970816562.5,-54.07807
2970816718.75,-53.9671
2970816875.0,-53.97972
2970817031.25,-54.05001
2970817187.5,-54.02407
2970817343.75,-54.06487
2970817500.0,-53.98
2970817656.25,-53.96836
2970817812.5,-53.96846
2970817968.75,-54.07562
2970818125.0,-53.91843
2970818281.25,-54.03105
2970818437.5,-53.9362
2970818593.75,-54.07334
2970818750.0,-53.98449
2970818906.25,-54.02757
2970819062.5,-54.06673
2970819218.75,-54.06211
2970819375.0,-53.89361
2970819531.25,-54.00007
2970819687.5,-54.03782
2970819843.75,-54.0802
2970820000.0,-53.92054
2970820156.25,-53.98653
2970820312.5,-53.94822
2970820468.75,-54.03123
2970820625.0,-54.02069
2970820781.25,-54.09522
2970820937.5,-53.9488
2970821093.75,-53.96047
2970821250.0,-54.03274
2970821406.25,-54.01345
2970821562.5,-54.00988
2970821718.75,-53.95028
2970821875.0,-54.01208
2970822031.25,-54.02299
2970822187.5,-53.97816
2970822343.75,-53.88201
2970822500.0,-54.00251
2970822656.25,-53.93576
2970822812.5,-54.00797
2970822968.75,-53.95038
2970823125.0,-53.91014
2970823281.25,-53.99974
2970823437.5,-53.92994
2970823593.75,-54.00321
2970823750.0,-53.9373
2970823906.25,-54.01991
2970824062.5,-54.04623
2970824218.75,-53.98114
2970824375.0,-54.00205
2970824531.25,-54.03199
2970824687.5,-53.97541
2970824843.75,-53.99083
2970825000.0,-54.09933
2970825156.25,-53.96065
2970825312.5,-54.04738
2970825468.75,-53.99975
2970825625.0,-53.96658
2970825781.25,-54.03094
2970825937.5,-53.92041
2970826093.75,-53.91607
2970826250.0,-54.00002
2970826406.25,-53.981
2970826562.5,-53.96155
2970826718.75,-53.9636
2970826875.0,-53.95585
2970827031.25,-53.9873
2970827187.5,-53.94593
2970827343.75,-54.0137
2970827500.0,-53.98052
2970827656.25,-53.9149
2970827812.5,-54.0232
2970827968.75,-54.00636
2970828125.0,-53.99263
2970828281.25,-53.90824
2970828437.5,-53.90136
2970828593.75,-53.99064
2970828750.0,-53.91091
2970828906.25,-53.91208
2970829062.5,-54.04156
2970829218.75,-54.0101
2970829375.0,-53.94761
2970829531.25,-53.92244
2970829687.5,-53.92332
2970829843.75,-54.08364
2970830000.0,-54.02568
2970830156.25,-53.97408
2970830312.5,-54.00453
2970830468.75,-54.01077
2970830625.0,-54.01604
2970830781.25,-53.92975
2970830937.5,-53.94412
2970831093.75,-53.95529
2970831250.0,-53.9518
2970831406.25,-53.95818
2970831562.5,-53.9761
2970831718.75,-54.0122
2970831875.0,-53.95784
2970832031.25,-54.03315
2970832187.5,-53.96137
2970832343.75,-53.89574
2970832500.0,-54.01503
2970832656.25,-53.91784
2970832812.5,-53.89755
2970832968.75,-53.9489
2970833125.0,-53.94757
2970833281.25,-53.9955
2970833437.5,-53.96953
2970833593.75,-53.94236
2970833750.0,-53.94873
2970833906.25,-53.95591
2970834062.5,-53.9248
2970834218.75,-53.93356
2970834375.0,-53.93425
2970834531.25,-53.92955
2970834687.5,-53.963
2970834843.75,-53.97643
2970835000.0,-53.99759
2970835156.25,-53.90839
2970835312.5,-53.96718
2970835468.75,-53.94331
2970835625.0,-53.96106
2970835781.25,-53.97097
2970835937.5,-53.97874
2970836093.75,-53.97464
2970836250.0,-53.93538
2970836406.25,-53.97299
2970836562.5,-53.96817
2970836718.75,-53.94656
2970836875.0,-54.01072
2970837031.25,-54.0118
2970837187.5,-53.95364
2970837343.75,-54.00019
2970837500.0,-53.91408
2970837656.25,-54.02054
2970837812.5,-53.91329
2970837968.75,-54.00431
2970838125.0,-53.97028
2970838281.25,-53.98248
2970838437.5,-53.95022
2970838593.75,-53.9798
2970838750.0,-53.98516
2970838906.25,-53.88382
2970839062.5,-53.9481
2970839218.75,-53.94499
2970839375.0,-53.97561
2970839531.25,-53.85922
2970839687.5,-53.92173
2970839843.75,-53.94961
2970840000.0,-53.8797
2970840156.25,-53.95586
2970840312.5,-54.00382
2970840468.75,-53.90983
2970840625.0,-54.0148
2970840781.25,-53.93159
2970840937.5,-53.91565
2970841093.75,-53.9088
2970841250.0,-53.88647
2970841406.25,-53.94572
2970841562.5,-54.05598
2970841718.75,-53.94238
2970841875.0,-53.93325
2970842031.25,-53.85585
2970842187.5,-53.94368
2970842343.75,-53.92907
2970842500.0,-53.90723
2970842656.25,-53.92926
2970842812.5,-54.00319
2970842968.75,-53.9898
2970843125.0,-53.9282
2970843281.25,-53.94245
2970843437.5,-53.83386
2970843593.75,-53.90193
2970843750.0,-53.92155
2970843906.25,-53.92843
2970844062.5,-53.914
2970844218.75,-53.93
2970844375.0,-53.94226
2970844531.25,-53.89266
2970844687.5,-53.8522
2970844843.75,-53.90211
2970845000.0,-53.94899
2970845156.25,-53.90759
2970845312.5,-53.91125
2970845468.75,-53.79017
2970845625.0,-53.91264
2970845781.25,-53.95516
2970845937.5,-53.96361
2970846093.75,-53.87323
2970846250.0,-53.9091
2970846406.25,-53.89675
2970846562.5,-53.95448
2970846718.75,-53.89642
2970846875.0,-53.80725
2970847031.25,-53.91981
2970847187.5,-53.92331
2970847343.75,-53.86636
2970847500.0,-53.93056
2970847656.25,-53.80247
2970847812.5,-53.90886
2970847968.75,-53.87286
2970848125.0,-53.86447
2970848281.25,-53.90379
2970848437.5,-53.89232
2970848593.75,-53.88318
2970848750.0,-53.91631
2970848906.25,-53.99377
2970849062.5,-53.9076
2970849218.75,-53.72428
2970849375.0,-53.92874
2970849531.25,-53.88691
2970849687.5,-53.85085
2970849843.75,-53.90527
2970850000.0,-53.89768
2970850156.25,-53.84682
2970850312.5,-53.93807
2970850468.75,-53.9178
2970850625.0,-53.95065
2970850781.25,-53.93542
2970850937.5,-53.90257
2970851093.75,-53.89722
2970851250.0,-53.89476
2970851406.25,-53.95632
2970851562.5,-53.87655
2970851718.75,-53.88918
2970851875.0,-53.83253
2970852031.25,-53.9016
2970852187.5,-53.91397
2970852343.75,-53.87851
2970852500.0,-53.85289
2970852656.25,-53.89537
2970852812.5,-53.89726
2970852968.75,-53.89392
2970853125.0,-53.79444
2970853281.25,-53.876
2970853437.5,-53.85566
2970853593.75,-53.92872
2970853750.0,-53.9376
2970853906.25,-53.91761
2970854062.5,-53.90543
2970854218.75,-53.90529
2970854375.0,-53.84095
2970854531.25,-53.90855
2970854687.5,-53.89888
2970854843.75,-53.90936
2970855000.0,-53.84128
2970855156.25,-53.91439
2970855312.5,-53.89977
2970855468.75,-53.87929
2970855625.0,-53.76641
2970855781.25,-53.82218
2970855937.5,-53.89585
2970856093.75,-53.81321
2970856250.0,-53.90199
2970856406.25,-53.91666
2970856562.5,-53.90005
2970856718.75,-53.88789
2970856875.0,-53.85754
2970857031.25,-53.80567
2970857187.5,-53.89377
2970857343.75,-53.82735
2970857500.0,-53.81843
2970857656.25,-53.81796
2970857812.5,-53.90581
2970857968.75,-53.92157
2970858125.0,-53.83606
2970858281.25,-53.80072
2970858437.5,-53.85613
2970858593.75,-53.86229
2970858750.0,-53.91319
2970858906.25,-53.82461
2970859062.5,-53.79283
2970859218.75,-53.92635
2970859375.0,-53.83993
2970859531.25,-53.8495
2970859687.5,-53.93779
2970859843.75,-53.88337
2970860000.0,-53.855
2970860156.25,-54.03404
2970860312.5,-53.83615
2970860468.75,-53.85402
2970860625.0,-53.8566
2970860781.25,-53.86062
2970860937.5,-53.94841
2970861093.75,-53.82208
2970861250.0,-53.8486
2970861406.25,-53.80833
2970861562.5,-53.8097
2970861718.75,-53.93451
2970861875.0,-53.93074
2970862031.25,-53.91815
2970862187.5,-53.79665
2970862343.75,-53.85987
2970862500.0,-53.83664
2970862656.25,-53.85868
2970862812.5,-53.88934
2970862968.75,-53.87467
2970863125.0,-53.78033
2970863281.25,-53.81505
2970863437.5,-53.77049
2970863593.75,-53.81744
2970863750.0,-53.87947
2970863906.25,-53.89466
2970864062.5,-53.89891
2970864218.75,-53.84023
2970864375.0,-53.85122
2970864531.25,-53.82319
2970864687.5,-53.85025
2970864843.75,-53.86637
2970865000.0,-53.8469
2970865156.25,-53.84678
2970865312.5,-53.85459
2970865468.75,-53.91444
2970865625.0,-53.838
2970865781.25,-53.90231
2970865937.5,-53.77014
2970866093.75,-53.83015
2970866250.0,-53.78476
2970866406.25,-53.88169
2970866562.5,-53.79861
2970866718.75,-53.80441
2970866875.0,-53.86926
2970867031.25,-53.84475
2970867187.5,-53.85031
2970867343.75,-53.77887
2970867500.0,-53.84338
2970867656.25,-53.85734
2970867812.5,-53.88018
2970867968.75,-53.77137
2970868125.0,-53.87996
2970868281.25,-53.81468
2970868437.5,-53.85472
2970868593.75,-53.8892
2970868750.0,-53.85584
2970868906.25,-53.78668
2970869062.5,-53.83457
2970869218.75,-53.86063
2970869375.0,-53.84278
2970869531.25,-53.88214
2970869687.5,-53.85529
2970869843.75,-53.81008
2970870000.0,-53.79342
2970870156.25,-53.85713
2970870312.5,-53.8799
2970870468.75,-53.85604
2970870625.0,-53.79254
2970870781.25,-53.7753
2970870937.5,-53.80145
2970871093.75,-53.82907
2970871250.0,-53.84917
2970871406.25,-53.83533
2970871562.5,-53.84989
2970871718.75,-53.81727
2970871875.0,-53.81789
2970872031.25,-53.76949
2970872187.5,-53.87201
2970872343.75,-53.88997
2970872500.0,-53.80056
2970872656.25,-53.81954
2970872812.5,-53.78699
2970872968.75,-53.77491
2970873125.0,-53.8719
2970873281.25,-53.87453
2970873437.5,-53.85685
2970873593.75,-53.74681
2970873750.0,-53.82916
2970873906.25,-53.78588
2970874062.5,-53.86561
2970874218.75,-53.82304
2970874375.0,-53.79738
2970874531.25,-53.79927
2970874687.5,-53.87088
2970874843.75,-53.86604
2970875000.0,-53.87635
2970875156.25,-53.81656
2970875312.5,-53.75194
2970875468.75,-53.77783
2970875625.0,-53.79668
2970875781.25,-53.81796
2970875937.5,-53.77435
2970876093.75,-53.8814
2970876250.0,-53.82917
2970876406.25,-53.9041
2970876562.5,-53.80011
2970876718.75,-53.8251
2970876875.0,-53.86479
2970877031.25,-53.74553
2970877187.5,-53.8068
2970877343.75,-53.84877
2970877500.0,-53.82178
2970877656.25,-53.74514
2970877812.5,-53.84879
2970877968.75,-53.87157
2970878125.0,-53.82927
2970878281.25,-53.79473
2970878437.5,-53.83387
2970878593.75,-53.84619
2970878750.0,-53.80312
2970878906.25,-53.71824
2970879062.5,-53.78964
2970879218.75,-53.82328
2970879375.0,-53.78121
2970879531.25,-53.75127
2970879687.5,-53.78269
2970879843.75,-53.74516
2970880000.0,-53.83862
2970880156.25,-53.89297
2970880312.5,-53.77562
2970880468.75,-53.79548
2970880625.0,-53.80109
2970880781.25,-53.84941
2970880937.5,-53.84615
2970881093.75,-53.72932
2970881250.0,-53.83635
2970881406.25,-53.87334
2970881562.5,-53.87626
2970881718.75,-53.85349
2970881875.0,-53.7136
2970882031.25,-53.74147
2970882187.5,-53.74463
2970882343.75,-53.75904
2970882500.0,-53.82676
2970882656.25,-53.76677
2970882812.5,-53.80394
2970882968.75,-53.70428
2970883125.0,-53.81218
2970883281.25,-53.7708
2970883437.5,-53.80691
2970883593.75,-53.83001
2970883750.0,-53.71512
2970883906.25,-53.76267
2970884062.5,-53.81818
2970884218.75,-53.7509
2970884375.0,-53.78003
2970884531.25,-53.73656
2970884687.5,-53.74627
2970884843.75,-53.84032
2970885000.0,-53.78267
2970885156.25,-53.86321
2970885312.5,-53.71537
2970885468.75,-53.79994
2970885625.0,-53.78358
2970885781.25,-53.70243
2970885937.5,-53.72424
2970886093.75,-53.81492
2970886250.0,-53.73269
2970886406.25,-53.84536
2970886562.5,-53.82257
2970886718.75,-53.79839
2970886875.0,-53.74725
2970887031.25,-53.73254
2970887187.5,-53.80972
2970887343.75,-53.78954
2970887500.0,-53.81603
2970887656.25,-53.77156
2970887812.5,-53.73386
2970887968.75,-53.80135
2970888125.0,-53.75259
2970888281.25,-53.77451
2970888437.5,-53.74612
2970888593.75,-53.86312
2970888750.0,-53.75549
2970888906.25,-53.85408
2970889062.5,-53.79342
2970889218.75,-53.72575
2970889375.0,-53.74641
2970889531.25,-53.76324
2970889687.5,-53.71697
2970889843.75,-53.82023
2970890000.0,-53.77113
2970890156.25,-53.77333
2970890312.5,-53.83852
2970890468.75,-53.80841
2970890625.0,-53.72946
2970890781.25,-53.75159
2970890937.5,-53.80886
2970891093.75,-53.73032
2970891250.0,-53.7298
2970891406.25,-53.7564
2970891562.5,-53.832
2970891718.75,-53.81884
2970891875.0,-53.75171
2970892031.25,-53.72445
2970892187.5,-53.773
2970892343.75,-53.71886
2970892500.0,-53.74858
2970892656.25,-53.74651
2970892812.5,-53.7862
2970892968.75,-53.81816
2970893125.0,-53.86465
2970893281.25,-53.7278
2970893437.5,-53.77171
2970893593.75,-53.75648
2970893750.0,-53.78012
2970893906.25,-53.75839
2970894062.5,-53.77276
2970894218.75,-53.7728
2970894375.0,-53.66793
2970894531.25,-53.75014
2970894687.5,-53.71834
2970894843.75,-53.81094
2970895000.0,-53.78812
2970895156.25,-53.79939
2970895312.5,-53.71402
2970895468.75,-53.79759
2970895625.0,-53.8293
2970895781.25,-53.71607
2970895937.5,-53.764
2970896093.75,-53.78384
2970896250.0,-53.78559
2970896406.25,-53.6236
2970896562.5,-53.71847
2970896718.75,-53.70649
2970896875.0,-53.73503
2970897031.25,-53.71051
2970897187.5,-53.80437
2970897343.75,-53.82058
2970897500.0,-53.70842
2970897656.25,-53.69567
2970897812.5,-53.78556
2970897968.75,-53.75177
2970898125.0,-53.74827
2970898281.25,-53.67501
2970898437.5,-53.81564
2970898593.75,-53.7365
2970898750.0,-53.76303
2970898906.25,-53.7818
2970899062.5,-53.72203
2970899218.75,-53.74071
2970899375.0,-53.73384
2970899531.25,-53.80917
2970899687.5,-53.6977
2970899843.75,-53.72153
2970900000.0,-53.8291
2970900156.25,-53.81804
2970900312.5,-53.6966
2970900468.75,-53.75986
2970900625.0,-53.79065
2970900781.25,-53.74076
2970900937.5,-53.72787
2970901093.75,-53.66787
2970901250.0,-53.64388
2970901406.25,-53.63777
2970901562.5,-53.69073
2970901718.75,-53.79614
2970901875.0,-53.82671
2970902031.25,-53.6629
2970902187.5,-53.68373
2970902343.75,-53.77619
2970902500.0,-53.6977
2970902656.25,-53.70879
2970902812.5,-53.71778
2970902968.75,-53.7287
2970903125.0,-53.73149
2970903281.25,-53.64458
2970903437.5,-53.74611
2970903593.75,-53.7589
2970903750.0,-53.72002
2970903906.25,-53.68296
2970904062.5,-53.60483
2970904218.75,-53.6976
2970904375.0,-53.76009
2970904531.25,-53.77985
2970904687.5,-53.75053
2970904843.75,-53.69416
2970905000.0,-53.74996
2970905156.25,-53.83133
2970905312.5,-53.72558
2970905468.75,-53.75849
2970905625.0,-53.67841
2970905781.25,-53.68807
2970905937.5,-53.72493
2970906093.75,-53.72635
2970906250.0,-53.76114
2970906406.25,-53.73394
2970906562.5,-53.71229
2970906718.75,-53.76572
2970906875.0,-53.69629
2970907031.25,-53.6888
2970907187.5,-53.70259
2970907343.75,-53.65742
2970907500.0,-53.77583
2970907656.25,-53.74455
2970907812.5,-53.70293
2970907968.75,-53.7644
2970908125.0,-53.80097
2970908281.25,-53.66455
2970908437.5,-53.7952
2970908593.75,-53.73114
2970908750.0,-53.665
2970908906.25,-53.68974
2970909062.5,-53.73753
2970909218.75,-53.64323
2970909375.0,-53.70035
2970909531.25,-53.69878
2970909687.5,-53.71222
2970909843.75,-53.6558
2970910000.0,-53.73702
2970910156.25,-53.72974
2970910312.5,-53.76488
2970910468.75,-53.73826
2970910625.0,-53.66994
2970910781.25,-53.80041
2970910937.5,-53.63725
2970911093.75,-53.74611
2970911250.0,-53.74049
2970911406.25,-53.78019
2970911562.5,-53.69846
2970911718.75,-53.64846
2970911875.0,-53.71835
2970912031.25,-53.71437
2970912187.5,-53.62328
2970912343.75,-53.64285
2970912500.0,-53.7368
2970912656.25,-53.65185
2970912812.5,-53.63812
2970912968.75,-53.66557
2970913125.0,-53.71906
2970913281.25,-53.77724
2970913437.5,-53.67231
2970913593.75,-53.72273
2970913750.0,-53.6485
2970913906.25,-53.71194
2970914062.5,-53.69716
2970914218.75,-53.70599
2970914375.0,-53.62696
2970914531.25,-53.69744
2970914687.5,-53.6727
2970914843.75,-53.69932
2970915000.0,-53.62338
2970915156.25,-53.61021
2970915312.5,-53.74079
2970915468.75,-53.7318
2970915625.0,-53.70479
2970915781.25,-53.71442
2970915937.5,-53.66805
2970916093.75,-53.70478
2970916250.0,-53.64327
2970916406.25,-53.63702
2970916562.5,-53.61988
2970916718.75,-53.69767
2970916875.0,-53.63834
2970917031.25,-53.67255
2970917187.5,-53.72501
2970917343.75,-53.63068
2970917500.0,-53.72583
2970917656.25,-53.71714
2970917812.5,-53.61837
2970917968.75,-53.68763
2970918125.0,-53.64671
2970918281.25,-53.67506
2970918437.5,-53.66112
2970918593.75,-53.61693
2970918750.0,-53.63184
2970918906.25,-53.65481
2970919062.5,-53.62119
2970919218.75,-53.69375
2970919375.0,-53.66053
2970919531.25,-53.63278
2970919687.5,-53.77206
2970919843.75,-53.65158
2970920000.0,-53.65346
2970920156.25,-53.63809
2970920312.5,-53.68646
2970920468.75,-53.61502
2970920625.0,-53.69991
2970920781.25,-53.74121
2970920937.5,-53.72139
2970921093.75,-53.68398
2970921250.0,-53.62508
2970921406.25,-53.66581
2970921562.5,-53.68841
2970921718.75,-53.69791
2970921875.0,-53.72596
2970922031.25,-53.62391
2970922187.5,-53.71358
2970922343.75,-53.70101
2970922500.0,-53.71091
2970922656.25,-53.63604
2970922812.5,-53.6773
2970922968.75,-53.59468
2970923125.0,-53.64381
2970923281.25,-53.67916
2970923437.5,-53.66354
2970923593.75,-53.66298
2970923750.0,-53.64371
2970923906.25,-53.65578
2970924062.5,-53.61197
2970924218.75,-53.68909
2970924375.0,-53.64147
2970924531.25,-53.68597
2970924687.5,-53.60095
2970924843.75,-53.59874
2970925000.0,-53.68795
2970925156.25,-53.66811
2970925312.5,-53.67373
2970925468.75,-53.63979
2970925625.0,-53.6205
2970925781.25,-53.6063
2970925937.5,-53.66179
2970926093.75,-53.56254
2970926250.0,-53.64079
2970926406.25,-53.6946
2970926562.5,-53.57983
2970926718.75,-53.66022
2970926875.0,-53.70325
2970927031.25,-53.62143
2970927187.5,-53.59317
2970927343.75,-53.69963
2970927500.0,-53.68146
2970927656.25,-53.65918
2970927812.5,-53.59428
2970927968.75,-53.5466
2970928125.0,-53.65696
2970928281.25,-53.60693
2970928437.5,-53.70109
2970928593.75,-53.60129
2970928750.0,-53.60558
2970928906.25,-53.57688
2970929062.5,-53.64063
2970929218.75,-53.63154
2970929375.0,-53.63726
2970929531.25,-53.64699
2970929687.5,-53.59676
2970929843.75,-53.6848
2970930000.0,-53.56459
2970930156.25,-53.63685
2970930312.5,-53.58308
2970930468.75,-53.7309
2970930625.0,-53.63248
2970930781.25,-53.57714
2970930937.5,-53.63133
2970931093.75,-53.5892
2970931250.0,-53.58567
2970931406.25,-53.60074
2970931562.5,-53.54749
2970931718.75,-53.67948
2970931875.0,-53.59613
2970932031.25,-53.57463
2970932187.5,-53.66476
2970932343.75,-53.57829
2970932500.0,-53.64579
2970932656.25,-53.58308
2970932812.5,-53.59764
2970932968.75,-53.57405
2970933125.0,-53.66022
2970933281.25,-53.69187
2970933437.5,-53.68749
2970933593.75,-53.6905
2970933750.0,-53.59686
2970933906.25,-53.70439
2970934062.5,-53.65678
2970934218.75,-53.61799
2970934375.0,-53.68653
2970934531.25,-53.62068
2970934687.5,-53.65369
2970934843.75,-53.6311
2970935000.0,-53.67955
2970935156.25,-53.74483
2970935312.5,-53.64822
2970935468.75,-53.58206
2970935625.0,-53.67183
2970935781.25,-53.69542
2970935937.5,-53.71263
2970936093.75,-53.65208
2970936250.0,-53.61328
2970936406.25,-53.57988
2970936562.5,-53.58066
2970936718.75,-53.64877
2970936875.0,-53.55239
2970937031.25,-53.59805
2970937187.5,-53.51342
2970937343.75,-53.60833
2970937500.0,-53.62799
2970937656.25,-53.61502
2970937812.5,-53.64102
2970937968.75,-53.65083
2970938125.0,-53.59063
2970938281.25,-53.68307
2970938437.5,-53.51752
2970938593.75,-53.59495
2970938750.0,-53.61506
2970938906.25,-53.61795
2970939062.5,-53.53934
2970939218.75,-53.56608
2970939375.0,-53.6712
2970939531.25,-53.59501
2970939687.5,-53.62053
2970939843.75,-53.68033
2970940000.0,-53.59103
2970940156.25,-53.63581
2970940312.5,-53.61634
2970940468.75,-53.62155
2970940625.0,-53.57822
2970940781.25,-53.67298
2970940937.5,-53.64721
2970941093.75,-53.59217
2970941250.0,-53.6024
2970941406.25,-53.66895
2970941562.5,-53.58471
2970941718.75,-53.62592
2970941875.0,-53.55892
2970942031.25,-53.52105
2970942187.5,-53.67929
2970942343.75,-53.62331
2970942500.0,-53.55258
2970942656.25,-53.57964
2970942812.5,-53.56165
2970942968.75,-53.56633
2970943125.0,-53.65836
2970943281.25,-53.49246
2970943437.5,-53.574
2970943593.75,-53.71101
2970943750.0,-53.59634
2970943906.25,-53.66429
2970944062.5,-53.5992
2970944218.75,-53.56826
2970944375.0,-53.65222
2970944531.25,-53.66478
2970944687.5,-53.5448
2970944843.75,-53.56528
2970945000.0,-53.59978
2970945156.25,-53.65507
2970945312.5,-53.60498
2970945468.75,-53.66742
2970945625.0,-53.63457
2970945781.25,-53.58884
2970945937.5,-53.58497
2970946093.75,-53.58469
2970946250.0,-53.59252
2970946406.25,-53.60176
2970946562.5,-53.63934
2970946718.75,-53.48084
2970946875.0,-53.54772
2970947031.25,-53.58986
2970947187.5,-53.52229
2970947343.75,-53.58918
2970947500.0,-53.57313
2970947656.25,-53.57006
2970947812.5,-53.60671
2970947968.75,-53.55253
2970948125.0,-53.56936
2970948281.25,-53.62867
2970948437.5,-53.66734
2970948593.75,-53.5741
2970948750.0,-53.6193
2970948906.25,-53.67979
2970949062.5,-53.58994
2970949218.75,-53.54763
2970949375.0,-53.54783
2970949531.25,-53.58922
2970949687.5,-53.68872
2970949843.75,-53.542
2970950000.0,-53.57822
2970950156.25,-53.56525
2970950312.5,-53.53163
2970950468.75,-53.5752
2970950625.0,-53.54972
2970950781.25,-53.4685
2970950937.5,-53.54132
2970951093.75,-53.56454
2970951250.0,-53.53985
2970951406.25,-53.54499
2970951562.5,-53.56483
2970951718.75,-53.64197
2970951875.0,-53.57574
2970952031.25,-53.57581
2970952187.5,-53.58102
2970952343.75,-53.58481
2970952500.0,-53.52686
2970952656.25,-53.53618
2970952812.5,-53.60699
2970952968.75,-53.52768
2970953125.0,-53.53319
2970953281.25,-53.5467
2970953437.5,-53.57143
2970953593.75,-53.56713
2970953750.0,-53.57852
2970953906.25,-53.56013
2970954062.5,-53.63037
2970954218.75,-53.45393
2970954375.0,-53.48145
2970954531.25,-53.56836
2970954687.5,-53.51757
2970954843.75,-53.58172
2970955000.0,-53.56969
2970955156.25,-53.47757
2970955312.5,-53.59526
2970955468.75,-53.49814
2970955625.0,-53.56011
2970955781.25,-53.5849
2970955937.5,-53.55535
2970956093.75,-53.48581
2970956250.0,-53.60118
2970956406.25,-53.55914
2970956562.5,-53.59859
2970956718.75,-53.61226
2970956875.0,-53.56448
2970957031.25,-53.48853
2970957187.5,-53.54168
2970957343.75,-53.56078
2970957500.0,-53.55376
2970957656.25,-53.53239
2970957812.5,-53.60527
2970957968.75,-53.53559
2970958125.0,-53.54636
2970958281.25,-53.52164
2970958437.5,-53.50838
2970958593.75,-53.54147
2970958750.0,-53.56044
2970958906.25,-53.6296
2970959062.5,-53.55413
2970959218.75,-53.59118
2970959375.0,-53.51373
2970959531.25,-53.61181
2970959687.5,-53.56438
2970959843.75,-53.61185
2970960000.0,-53.54615
2970960156.25,-53.55318
2970960312.5,-53.54352
2970960468.75,-53.56001
2970960625.0,-53.51293
2970960781.25,-53.55976
2970960937.5,-53.57757
2970961093.75,-53.49022
2970961250.0,-53.52517
2970961406.25,-53.51699
2970961562.5,-53.5315
2970961718.75,-53.50998
2970961875.0,-53.56836
2970962031.25,-53.58506
2970962187.5,-53.53202
2970962343.75,-53.48635
2970962500.0,-53.57843
2970962656.25,-53.56049
2970962812.5,-53.56011
2970962968.75,-53.45913
2970963125.0,-53.53138
2970963281.25,-53.56081
2970963437.5,-53.54407
2970963593.75,-53.4898
2970963750.0,-53.42557
2970963906.25,-53.53292
2970964062.5,-53.52672
2970964218.75,-53.61974
2970964375.0,-53.46286
2970964531.25,-53.53777
2970964687.5,-53.53254
2970964843.75,-53.61144
2970965000.0,-53.50375
2970965156.25,-53.47036
2970965312.5,-53.55127
2970965468.75,-53.54444
2970965625.0,-53.60287
2970965781.25,-53.50315
2970965937.5,-53.56373
2970966093.75,-53.51234
2970966250.0,-53.47482
2970966406.25,-53.48151
2970966562.5,-53.56811
2970966718.75,-53.58629
2970966875.0,-53.4791
2970967031.25,-53.49549
2970967187.5,-53.55627
2970967343.75,-53.52134
2970967500.0,-53.54711
2970967656.25,-53.50874
2970967812.5,-53.54754
2970967968.75,-53.50486
2970968125.0,-53.46382
2970968281.25,-53.46211
2970968437.5,-53.58053
2970968593.75,-53.50843
2970968750.0,-53.43575
2970968906.25,-53.50251
2970969062.5,-53.55817
2970969218.75,-53.5065
2970969375.0,-53.4835
2970969531.25,-53.57401
2970969687.5,-53.43809
2970969843.75,-53.46064
2970970000.0,-53.42702
2970970156.25,-53.51363
2970970312.5,-53.51469
2970970468.75,-53.55243
2970970625.0,-53.51498
2970970781.25,-53.49702
2970970937.5,-53.42511
2970971093.75,-53.53511
2970971250.0,-53.52115
2970971406.25,-53.55447
2970971562.5,-53.40316
2970971718.75,-53.48956
2970971875.0,-53.4975
2970972031.25,-53.47263
2970972187.5,-53.48925
2970972343.75,-53.52594
2970972500.0,-53.57983
2970972656.25,-53.49631
2970972812.5,-53.5149
2970972968.75,-53.54168
2970973125.0,-53.50856
2970973281.25,-53.52111
2970973437.5,-53.49073
2970973593.75,-53.51713
2970973750.0,-53.46136
2970973906.25,-53.44839
2970974062.5,-53.44986
2970974218.75,-53.50451
2970974375.0,-53.4506
2970974531.25,-53.5395
2970974687.5,-53.43082
2970974843.75,-53.50103
2970975000.0,-53.48156
2970975156.25,-53.51811
2970975312.5,-53.43652
2970975468.75,-53.46325
2970975625.0,-53.51802
2970975781.25,-53.44997
2970975937.5,-53.49128
2970976093.75,-53.53594
2970976250.0,-53.43966
2970976406.25,-53.49802
2970976562.5,-53.44514
2970976718.75,-53.54482
2970976875.0,-53.49324
2970977031.25,-53.47788
2970977187.5,-53.38482
2970977343.75,-53.40413
2970977500.0,-53.51487
2970977656.25,-53.39107
2970977812.5,-53.44027
2970977968.75,-53.50941
2970978125.0,-53.50514
2970978281.25,-53.51634
2970978437.5,-53.44386
2970978593.75,-53.53495
2970978750.0,-53.45322
2970978906.25,-53.52071
2970979062.5,-53.47491
2970979218.75,-53.52119
2970979375.0,-53.54588
2970979531.25,-53.47353
2970979687.5,-53.46278
2970979843.75,-53.5128
2970980000.0,-53.47495
2970980156.25,-53.40788
2970980312.5,-53.43855
2970980468.75,-53.49161
2970980625.0,-53.51786
2970980781.25,-53.44368
2970980937.5,-53.42588
2970981093.75,-53.41283
2970981250.0,-53.46184
2970981406.25,-53.42549
2970981562.5,-53.45625
2970981718.75,-53.48912
2970981875.0,-53.4793
2970982031.25,-53.42285
2970982187.5,-53.42236
2970982343.75,-53.4846
2970982500.0,-53.43913
2970982656.25,-53.43282
2970982812.5,-53.4192
2970982968.75,-53.43892
2970983125.0,-53.43171
2970983281.25,-53.50478
2970983437.5,-53.43182
2970983593.75,-53.39954
2970983750.0,-53.47589
2970983906.25,-53.47982
2970984062.5,-53.50542
2970984218.75,-53.43019
2970984375.0,-53.43492
2970984531.25,-53.48847
2970984687.5,-53.55091
2970984843.75,-53.4339
2970985000.0,-53.51798
2970985156.25,-53.40643
2970985312.5,-53.44281
2970985468.75,-53.54464
2970985625.0,-53.44941
2970985781.25,-53.47467
2970985937.5,-53.42875
2970986093.75,-53.48084
2970986250.0,-53.43843
2970986406.25,-53.43909
2970986562.5,-53.39779
2970986718.75,-53.43216
2970986875.0,-53.48773
2970987031.25,-53.41574
2970987187.5,-53.5198
2970987343.75,-53.42103
2970987500.0,-53.4207
2970987656.25,-53.50848
2970987812.5,-53.36771
2970987968.75,-53.52802
2970988125.0,-53.39705
2970988281.25,-53.49448
2970988437.5,-53.42205
2970988593.75,-53.46467
2970988750.0,-53.42386
2970988906.25,-53.36334
2970989062.5,-53.49504
2970989218.75,-53.43476
2970989375.0,-53.43717
2970989531.25,-53.38626
2970989687.5,-53.44107
2970989843.75,-53.47202
2970990000.0,-53.449
2970990156.25,-53.36734
2970990312.5,-53.46676
2970990468.75,-53.45485
2970990625.0,-53.43876
2970990781.25,-53.38665
2970990937.5,-53.42916
2970991093.75,-53.431
2970991250.0,-53.49393
2970991406.25,-53.47392
2970991562.5,-53.44614
2970991718.75,-53.40599
2970991875.0,-53.52497
2970992031.25,-53.44373
2970992187.5,-53.44226
2970992343.75,-53.41246
2970992500.0,-53.38312
2970992656.25,-53.40753
2970992812.5,-53.41265
2970992968.75,-53.53868
2970993125.0,-53.40625
2970993281.25,-53.43569
2970993437.5,-53.4335
2970993593.75,-53.41609
2970993750.0,-53.44234
2970993906.25,-53.39463
2970994062.5,-53.382
2970994218.75,-53.37115
2970994375.0,-53.46749
2970994531.25,-53.51138
2970994687.5,-53.4823
2970994843.75,-53.45087
2970995000.0,-53.44251
2970995156.25,-53.43056
2970995312.5,-53.38678
2970995468.75,-53.3527
2970995625.0,-53.49564
2970995781.25,-53.49596
2970995937.5,-53.40225
2970996093.75,-53.38165
2970996250.0,-53.38052
2970996406.25,-53.31323
2970996562.5,-53.33482
2970996718.75,-53.50318
2970996875.0,-53.42154
2970997031.25,-53.33226
2970997187.5,-53.44373
2970997343.75,-53.39661
2970997500.0,-53.3856
2970997656.25,-53.36527
2970997812.5,-53.40442
2970997968.75,-53.38395
2970998125.0,-53.45696
2970998281.25,-53.38457
2970998437.5,-53.39527
2970998593.75,-53.43003
2970998750.0,-53.41239
2970998906.25,-53.42303
2970999062.5,-53.29823
2970999218.75,-53.46245
2970999375.0,-53.37504
2970999531.25,-53.36844
2970999687.5,-53.34694
2970999843.75,-53.45126
2971000000.0,-53.37305
2971000156.25,-53.34161
2971000312.5,-53.37853
2971000468.75,-53.37653
2971000625.0,-53.42104
2971000781.25,-53.4365
2971000937.5,-53.45279
2971001093.75,-53.42686
2971001250.0,-53.35951
2971001406.25,-53.39007
2971001562.5,-53.31122
2971001718.75,-53.30732
2971001875.0,-53.44563
2971002031.25,-53.36922
2971002187.5,-53.4193
2971002343.75,-53.42226
2971002500.0,-53.39801
2971002656.25,-53.38311
2971002812.5,-53.45306
2971002968.75,-53.35786
2971003125.0,-53.42444
2971003281.25,-53.4105
2971003437.5,-53.31793
2971003593.75,-53.49613
2971003750.0,-53.42167
2971003906.25,-53.40885
2971004062.5,-53.35631
2971004218.75,-53.39323
2971004375.0,-53.29184
2971004531.25,-53.45802
2971004687.5,-53.44828
2971004843.75,-53.37807
2971005000.0,-53.34525
2971005156.25,-53.41761
2971005312.5,-53.44758
2971005468.75,-53.45961
2971005625.0,-53.37684
2971005781.25,-53.38834
2971005937.5,-53.36587
2971006093.75,-53.33534
2971006250.0,-53.38894
2971006406.25,-53.4241
2971006562.5,-53.34636
2971006718.75,-53.35004
2971006875.0,-53.42281
2971007031.25,-53.38284
2971007187.5,-53.388
2971007343.75,-53.38927
2971007500.0,-53.3374
2971007656.25,-53.32866
2971007812.5,-53.42545
2971007968.75,-53.41721
2971008125.0,-53.38983
2971008281.25,-53.41019
2971008437.5,-53.3397
2971008593.75,-53.36028
2971008750.0,-53.38079
2971008906.25,-53.44447
2971009062.5,-53.4227
2971009218.75,-53.34011
2971009375.0,-53.37123
2971009531.25,-53.3993
2971009687.5,-53.3084
2971009843.75,-53.38101
2971010000.0,-53.46997
2971010156.25,-53.38741
2971010312.5,-53.37582
2971010468.75,-53.42197
2971010625.0,-53.41433
2971010781.25,-53.39096
2971010937.5,-53.43781
2971011093.75,-53.34808
2971011250.0,-53.37639
2971011406.25,-53.33128
2971011562.5,-53.4082
2971011718.75,-53.41963
2971011875.0,-53.40345
2971012031.25,-53.34806
2971012187.5,-53.37281
2971012343.75,-53.40344
2971012500.0,-53.37209
2971012656.25,-53.3205
2971012812.5,-53.40509
2971012968.75,-53.41495
2971013125.0,-53.3457
2971013281.25,-53.25505
2971013437.5,-53.3028
2971013593.75,-53.36531
2971013750.0,-53.42137
2971013906.25,-53.33406
2971014062.5,-53.34577
2971014218.75,-53.40505
2971014375.0,-53.41308
2971014531.25,-53.43471
2971014687.5,-53.38495
2971014843.75,-53.39278
2971015000.0,-53.2585
2971015156.25,-53.42808
2971015312.5,-53.34968
2971015468.75,-53.30064
2971015625.0,-53.35598
2971015781.25,-53.39347
2971015937.5,-53.36902
2971016093.75,-53.34663
2971016250.0,-53.2961
2971016406.25,-53.32563
2971016562.5,-53.29092
2971016718.75,-53.35366
2971016875.0,-53.33272
2971017031.25,-53.35553
2971017187.5,-53.35268
2971017343.75,-53.30959
2971017500.0,-53.26565
2971017656.25,-53.3423
2971017812.5,-53.33457
2971017968.75,-53.42317
2971018125.0,-53.30362
2971018281.25,-53.31639
2971018437.5,-53.39072
2971018593.75,-53.32176
2971018750.0,-53.31999
2971018906.25,-53.37462
2971019062.5,-53.31251
2971019218.75,-53.32838
2971019375.0,-53.31089
2971019531.25,-53.32692
2971019687.5,-53.30477
2971019843.75,-53.36925
2971020000.0,-53.45892
2971020156.25,-53.30089
2971020312.5,-53.36591
2971020468.75,-53.37306
2971020625.0,-53.31656
2971020781.25,-53.34671
2971020937.5,-53.32192
2971021093.75,-53.34428
2971021250.0,-53.35698
2971021406.25,-53.29613
2971021562.5,-53.28766
2971021718.75,-53.3115
2971021875.0,-53.41825
2971022031.25,-53.37322
2971022187.5,-53.29373
2971022343.75,-53.34324
2971022500.0,-53.29032
2971022656.25,-53.34547
2971022812.5,-53.39758
2971022968.75,-53.37716
2971023125.0,-53.38482
2971023281.25,-53.33805
2971023437.5,-53.28196
2971023593.75,-53.33068
2971023750.0,-53.32501
2971023906.25,-53.25305
2971024062.5,-53.27052
2971024218.75,-53.25337
2971024375.0,-53.35592
2971024531.25,-53.22605
2971024687.5,-53.33062
2971024843.75,-53.26411
2971025000.0,-53.36924
2971025156.25,-53.21146
2971025312.5,-53.27134
2971025468.75,-53.32841
2971025625.0,-53.31761
2971025781.25,-53.37938
2971025937.5,-53.3348
2971026093.75,-53.28089
2971026250.0,-53.3264
2971026406.25,-53.29603
2971026562.5,-53.28709
2971026718.75,-53.32821
2971026875.0,-53.34713
2971027031.25,-53.32268
2971027187.5,-53.33717
2971027343.75,-53.32117
2971027500.0,-53.33565
2971027656.25,-53.29871
2971027812.5,-53.33002
2971027968.75,-53.33223
2971028125.0,-53.34586
2971028281.25,-53.25369
2971028437.5,-53.38118
2971028593.75,-53.35315
2971028750.0,-53.31901
2971028906.25,-53.34758
2971029062.5,-53.24133
2971029218.75,-53.26644
2971029375.0,-53.27951
2971029531.25,-53.32056
2971029687.5,-53.37096
2971029843.75,-53.28
2971030000.0,-53.30365
2971030156.25,-53.24422
2971030312.5,-53.25777
2971030468.75,-53.41328
2971030625.0,-53.33007
2971030781.25,-53.35638
2971030937.5,-53.27406
2971031093.75,-53.29293
2971031250.0,-53.27902
2971031406.25,-53.22788
2971031562.5,-53.29987
2971031718.75,-53.29594
2971031875.0,-53.33466
2971032031.25,-53.30281
2971032187.5,-53.24919
2971032343.75,-53.21415
2971032500.0,-53.31314
2971032656.25,-53.29676
2971032812.5,-53.3172
2971032968.75,-53.23231
2971033125.0,-53.30105
2971033281.25,-53.31642
2971033437.5,-53.26983
2971033593.75,-53.37607
2971033750.0,-53.39852
2971033906.25,-53.28984
2971034062.5,-53.30849
2971034218.75,-53.24111
2971034375.0,-53.25938
2971034531.25,-53.22356
2971034687.5,-53.25395
2971034843.75,-53.22673
2971035000.0,-53.31617
2971035156.25,-53.2752
2971035312.5,-53.35421
2971035468.75,-53.28864
2971035625.0,-53.32514
2971035781.25,-53.30614
2971035937.5,-53.34356
2971036093.75,-53.27134
2971036250.0,-53.34561
2971036406.25,-53.2802
2971036562.5,-53.27867
2971036718.75,-53.18036
2971036875.0,-53.26575
2971037031.25,-53.28763
2971037187.5,-53.2753
2971037343.75,-53.26384
2971037500.0,-53.21759
2971037656.25,-53.34672
2971037812.5,-53.2521
2971037968.75,-53.25891
2971038125.0,-53.36427
2971038281.25,-53.29991
2971038437.5,-53.25664
2971038593.75,-53.2431
2971038750.0,-53.28518
2971038906.25,-53.27993
2971039062.5,-53.32204
2971039218.75,-53.30052
2971039375.0,-53.26258
2971039531.25,-53.31968
2971039687.5,-53.2818
2971039843.75,-53.22227
2971040000.0,-53.24562
2971040156.25,-53.32189
2971040312.5,-53.20619
2971040468.75,-53.26872
2971040625.0,-53.27877
2971040781.25,-53.29449
2971040937.5,-53.34602
2971041093.75,-53.18772
2971041250.0,-53.26883
2971041406.25,-53.2349
2971041562.5,-53.2906
2971041718.75,-53.25365
2971041875.0,-53.3059
2971042031.25,-53.26207
2971042187.5,-53.31676
2971042343.75,-53.2182
2971042500.0,-53.23433
2971042656.25,-53.33584
2971042812.5,-53.13762
2971042968.75,-53.26092
2971043125.0,-53.25763
2971043281.25,-53.21291
2971043437.5,-53.26931
2971043593.75,-53.2131
2971043750.0,-53.28936
2971043906.25,-53.3027
2971044062.5,-53.30546
2971044218.75,-53.37692
2971044375.0,-53.21435
2971044531.25,-53.19258
2971044687.5,-53.26687
2971044843.75,-53.32015
2971045000.0,-53.25885
2971045156.25,-53.2524
2971045312.5,-53.26518
2971045468.75,-53.30313
2971045625.0,-53.27274
2971045781.25,-53.19869
2971045937.5,-53.20429
2971046093.75,-53.24412
2971046250.0,-53.25064
2971046406.25,-53.29479
2971046562.5,-53.26138
2971046718.75,-53.20238
2971046875.0,-53.32426
2971047031.25,-53.25998
2971047187.5,-53.26556
2971047343.75,-53.2227
2971047500.0,-53.21779
2971047656.25,-53.27385
2971047812.5,-53.26611
2971047968.75,-53.21994
2971048125.0,-53.28474
2971048281.25,-53.24704
2971048437.5,-53.16829
2971048593.75,-53.17907
2971048750.0,-53.18841
2971048906.25,-53.21556
2971049062.5,-53.34328
2971049218.75,-53.22427
2971049375.0,-53.2098
2971049531.25,-53.22958
2971049687.5,-53.2332
2971049843.75,-53.22743
2971050000.0,-53.24883
2971050156.25,-53.17635
2971050312.5,-53.27528
2971050468.75,-53.23546
2971050625.0,-53.27786
2971050781.25,-53.27409
2971050937.5,-53.25311
2971051093.75,-53.23006
2971051250.0,-53.26235
2971051406.25,-53.22058
2971051562.5,-53.21501
2971051718.75,-53.18549
2971051875.0,-53.26089
2971052031.25,-53.27592
2971052187.5,-53.16833
2971052343.75,-53.26831
2971052500.0,-53.24239
2971052656.25,-53.2312
2971052812.5,-53.24902
2971052968.75,-53.20533
2971053125.0,-53.35012
2971053281.25,-53.21205
2971053437.5,-53.23385
2971053593.75,-53.29342
2971053750.0,-53.18893
2971053906.25,-53.26091
2971054062.5,-53.20916
2971054218.75,-53.25123
2971054375.0,-53.23589
2971054531.25,-53.18204
2971054687.5,-53.17688
2971054843.75,-53.21322
2971055000.0,-53.17889
2971055156.25,-53.17437
2971055312.5,-53.25126
2971055468.75,-53.30679
2971055625.0,-53.22508
2971055781.25,-53.20508
2971055937.5,-53.29186
2971056093.75,-53.22593
2971056250.0,-53.2877
2971056406.25,-53.19368
2971056562.5,-53.11088
2971056718.75,-53.2518
2971056875.0,-53.22092
2971057031.25,-53.23499
2971057187.5,-53.23098
2971057343.75,-53.2143
2971057500.0,-53.18656
2971057656.25,-53.19629
2971057812.5,-53.13818
2971057968.75,-53.21658
2971058125.0,-53.24255
2971058281.25,-53.25008
2971058437.5,-53.11671
2971058593.75,-53.18456
2971058750.0,-53.20713
2971058906.25,-53.19456
2971059062.5,-53.20203
2971059218.75,-53.20872
2971059375.0,-53.20239
2971059531.25,-53.173
2971059687.5,-53.14436
2971059843.75,-53.19317
2971060000.0,-53.20871
2971060156.25,-53.15487
2971060312.5,-53.19349
2971060468.75,-53.24511
2971060625.0,-53.23797
2971060781.25,-53.26783
2971060937.5,-53.19514
2971061093.75,-53.21925
2971061250.0,-53.17797
2971061406.25,-53.19818
2971061562.5,-53.189
2971061718.75,-53.1307
2971061875.0,-53.1692
2971062031.25,-53.16895
2971062187.5,-53.20699
2971062343.75,-53.21256
2971062500.0,-53.15578
2971062656.25,-53.21732
2971062812.5,-53.1661
2971062968.75,-53.09426
2971063125.0,-53.19114
2971063281.25,-53.18573
2971063437.5,-53.20914
2971063593.75,-53.18351
2971063750.0,-53.13909
2971063906.25,-53.1641
2971064062.5,-53.20901
2971064218.75,-53.2098
2971064375.0,-53.16171
2971064531.25,-53.13375
2971064687.5,-53.21307
2971064843.75,-53.19405
2971065000.0,-53.19642
2971065156.25,-53.08233
2971065312.5,-53.24734
2971065468.75,-53.20247
2971065625.0,-53.17746
2971065781.25,-53.26099
2971065937.5,-53.24972
2971066093.75,-53.19009
2971066250.0,-53.19698
2971066406.25,-53.21503
2971066562.5,-53.11503
2971066718.75,-53.21375
2971066875.0,-53.16101
2971067031.25,-53.20781
2971067187.5,-53.16535
2971067343.75,-53.12203
2971067500.0,-53.19445
2971067656.25,-53.11974
2971067812.5,-53.1546
2971067968.75,-53.16653
2971068125.0,-53.16594
2971068281.25,-53.18324
2971068437.5,-53.16883
2971068593.75,-53.16048
2971068750.0,-53.20872
2971068906.25,-53.18789
2971069062.5,-53.16431
2971069218.75,-53.20362
2971069375.0,-53.13972
2971069531.25,-53.18086
2971069687.5,-53.17109
2971069843.75,-53.19084
2971070000.0,-53.20823
2971070156.25,-53.18478
2971070312.5,-53.20878
2971070468.75,-53.16671
2971070625.0,-53.19275
2971070781.25,-53.14271
2971070937.5,-53.22299
2971071093.75,-53.10233
2971071250.0,-53.15341
2971071406.25,-53.17852
2971071562.5,-53.16312
2971071718.75,-53.0976
2971071875.0,-53.17285
2971072031.25,-53.13813
2971072187.5,-53.17414
2971072343.75,-53.1086
2971072500.0,-53.16936
2971072656.25,-53.13968
2971072812.5,-53.12945
2971072968.75,-53.20493
2971073125.0,-53.11613
2971073281.25,-53.12116
2971073437.5,-53.17558
2971073593.75,-53.2128
2971073750.0,-53.16401
2971073906.25,-53.13851
2971074062.5,-53.11166
2971074218.75,-53.19368
2971074375.0,-53.16848
2971074531.25,-53.11316
2971074687.5,-53.20026
2971074843.75,-53.1614
2971075000.0,-53.10382
2971075156.25,-53.10197
2971075312.5,-53.23088
2971075468.75,-53.20386
2971075625.0,-53.16681
2971075781.25,-53.21487
2971075937.5,-53.09882
2971076093.75,-53.15923
2971076250.0,-53.15978
2971076406.25,-53.15944
2971076562.5,-53.12426
2971076718.75,-53.18752
2971076875.0,-53.14759
2971077031.25,-53.12564
2971077187.5,-53.13055
2971077343.75,-53.14151
2971077500.0,-53.22831
2971077656.25,-53.14096
2971077812.5,-53.1058
2971077968.75,-53.12641
2971078125.0,-53.15743
2971078281.25,-53.165
2971078437.5,-53.13442
2971078593.75,-53.17453
2971078750.0,-53.15554
2971078906.25,-53.10324
2971079062.5,-53.19596
2971079218.75,-53.16183
2971079375.0,-53.16858
2971079531.25,-53.1629
2971079687.5,-53.0512
2971079843.75,-53.06318
2971080000.0,-53.12889
2971080156.25,-53.24303
2971080312.5,-53.10376
2971080468.75,-53.20622
2971080625.0,-53.11242
2971080781.25,-53.1298
2971080937.5,-53.07458
2971081093.75,-53.20791
2971081250.0,-53.1062
2971081406.25,-53.06765
2971081562.5,-53.06328
2971081718.75,-53.14986
2971081875.0,-53.03904
2971082031.25,-53.07944
2971082187.5,-53.10585
2971082343.75,-53.11808
2971082500.0,-53.15392
2971082656.25,-53.08693
2971082812.5,-53.09431
2971082968.75,-53.17067
2971083125.0,-53.10934
2971083281.25,-53.08526
2971083437.5,-53.15728
2971083593.75,-53.08112
2971083750.0,-53.19003
2971083906.25,-53.06415
2971084062.5,-53.12119
2971084218.75,-53.08529
2971084375.0,-53.16297
2971084531.25,-53.15723
2971084687.5,-53.18909
2971084843.75,-53.14948
2971085000.0,-53.11644
2971085156.25,-53.1808
2971085312.5,-53.06152
2971085468.75,-53.07691
2971085625.0,-53.12956
2971085781.25,-53.03035
2971085937.5,-53.12372
2971086093.75,-53.08035
2971086250.0,-53.09447
2971086406.25,-53.05965
2971086562.5,-53.08281
2971086718.75,-53.14399
2971086875.0,-53.10263
2971087031.25,-53.10981
2971087187.5,-53.10297
2971087343.75,-53.00983
2971087500.0,-53.11894
2971087656.25,-53.09909
2971087812.5,-53.06308
2971087968.75,-53.07681
2971088125.0,-53.11111
2971088281.25,-53.17774
2971088437.5,-53.04298
2971088593.75,-53.11753
2971088750.0,-53.08623
2971088906.25,-53.14165
2971089062.5,-53.10883
2971089218.75,-53.1755
2971089375.0,-53.12854
2971089531.25,-53.11627
2971089687.5,-53.11361
2971089843.75,-53.05447
2971090000.0,-53.14088
2971090156.25,-53.12645
2971090312.5,-53.1185
2971090468.75,-53.04692
2971090625.0,-53.13537
2971090781.25,-53.07026
2971090937.5,-53.12568
2971091093.75,-53.05132
2971091250.0,-53.05446
2971091406.25,-53.1129
2971091562.5,-53.05147
2971091718.75,-53.16843
2971091875.0,-53.17225
2971092031.25,-53.07338
2971092187.5,-53.09211
2971092343.75,-53.1359
2971092500.0,-53.09492
2971092656.25,-53.07772
2971092812.5,-53.07026
2971092968.75,-53.09469
2971093125.0,-53.11594
2971093281.25,-53.06104
2971093437.5,-53.12303
2971093593.75,-53.09432
2971093750.0,-53.12747
2971093906.25,-53.03047
2971094062.5,-53.05003
2971094218.75,-53.09175
2971094375.0,-53.09657
2971094531.25,-53.03609
2971094687.5,-53.12275
2971094843.75,-53.13714
2971095000.0,-53.00483
2971095156.25,-53.17004
2971095312.5,-53.08004
2971095468.75,-53.03036
2971095625.0,-53.03769
2971095781.25,-53.06655
2971095937.5,-53.12996
2971096093.75,-53.07644
2971096250.0,-53.08709
2971096406.25,-53.08437
2971096562.5,-53.10059
2971096718.75,-53.16564
2971096875.0,-53.03066
2971097031.25,-53.03462
2971097187.5,-53.08649
2971097343.75,-53.07586
2971097500.0,-53.17111
2971097656.25,-53.1015
2971097812.5,-53.14236
2971097968.75,-53.04148
2971098125.0,-53.06019
2971098281.25,-53.0821
2971098437.5,-53.06304
2971098593.75,-53.07141
2971098750.0,-53.0715
2971098906.25,-53.10639
2971099062.5,-53.06292
2971099218.75,-52.98911
2971099375.0,-53.1212
2971099531.25,-53.10387
2971099687.5,-53.0673
2971099843.75,-53.07483
2971100000.0,-53.11734
2971100156.25,-53.07098
2971100312.5,-53.0417
2971100468.75,-53.02592
2971100625.0,-53.08323
2971100781.25,-53.10749
2971100937.5,-53.10054
2971101093.75,-53.0997
2971101250.0,-53.06205
2971101406.25,-53.02589
2971101562.5,-53.04808
2971101718.75,-53.03162
2971101875.0,-53.06324
2971102031.25,-52.97348
2971102187.5,-53.11241
2971102343.75,-53.07127
2971102500.0,-53.04869
2971102656.25,-52.99594
2971102812.5,-53.08405
2971102968.75,-53.05537
2971103125.0,-53.04263
2971103281.25,-52.96755
2971103437.5,-53.06308
2971103593.75,-53.06604
2971103750.0,-53.03923
2971103906.25,-53.02111
2971104062.5,-53.03933
2971104218.75,-53.09316
2971104375.0,-53.08154
2971104531.25,-52.99748
2971104687.5,-53.07052
2971104843.75,-53.09907
2971105000.0,-53.08367
2971105156.25,-53.07277
2971105312.5,-52.98268
2971105468.75,-53.04243
2971105625.0,-53.02129
2971105781.25,-52.98746
2971105937.5,-53.0173
2971106093.75,-52.98948
2971106250.0,-53.01762
2971106406.25,-53.06314
2971106562.5,-53.03861
2971106718.75,-53.06449
2971106875.0,-53.06401
2971107031.25,-53.06163
2971107187.5,-53.09095
2971107343.75,-53.02023
2971107500.0,-52.99544
2971107656.25,-52.95442
2971107812.5,-53.0216
2971107968.75,-52.99722
2971108125.0,-52.95591
2971108281.25,-52.97892
2971108437.5,-53.03623
2971108593.75,-53.04537
2971108750.0,-53.00875
2971108906.25,-53.04609
2971109062.5,-53.09708
2971109218.75,-53.07334
2971109375.0,-53.01316
2971109531.25,-53.13988
2971109687.5,-53.05662
2971109843.75,-53.02584
2971110000.0,-52.99974
2971110156.25,-53.0526
2971110312.5,-53.00421
2971110468.75,-53.11108
2971110625.0,-53.01367
2971110781.25,-53.06258
2971110937.5,-53.04688
2971111093.75,-52.9897
2971111250.0,-53.05136
2971111406.25,-53.02491
2971111562.5,-53.00431
2971111718.75,-52.98745
2971111875.0,-52.93124
2971112031.25,-53.01445
2971112187.5,-53.05117
2971112343.75,-53.06122
2971112500.0,-52.94307
2971112656.25,-53.04207
2971112812.5,-53.01666
2971112968.75,-53.02963
2971113125.0,-53.03633
2971113281.25,-53.00029
2971113437.5,-53.00681
2971113593.75,-53.02888
2971113750.0,-53.04458
2971113906.25,-53.0343
2971114062.5,-52.98761
2971114218.75,-53.00253
2971114375.0,-53.0337
2971114531.25,-53.08909
2971114687.5,-53.00228
2971114843.75,-52.99464
2971115000.0,-52.99868
2971115156.25,-53.03598
2971115312.5,-53.04286
2971115468.75,-53.0625
2971115625.0,-53.05465
2971115781.25,-53.07255
2971115937.5,-53.07526
2971116093.75,-53.02689
2971116250.0,-53.05843
2971116406.25,-52.96405
2971116562.5,-53.04245
2971116718.75,-52.97
2971116875.0,-53.08358
2971117031.25,-52.97061
2971117187.5,-52.98302
2971117343.75,-52.95702
2971117500.0,-53.06779
2971117656.25,-52.96679
2971117812.5,-53.01117
2971117968.75,-53.03505
2971118125.0,-52.95632
2971118281.25,-52.99454
2971118437.5,-52.96493
2971118593.75,-52.95728
2971118750.0,-52.96757
2971118906.25,-53.0089
2971119062.5,-53.06039
2971119218.75,-52.92688
2971119375.0,-53.06672
2971119531.25,-53.00221
2971119687.5,-53.00628
2971119843.75,-53.01044
2971120000.0,-52.97845
2971120156.25,-53.08461
2971120312.5,-52.95817
2971120468.75,-52.88983
2971120625.0,-53.06925
2971120781.25,-53.05299
2971120937.5,-52.98837
2971121093.75,-52.97614
2971121250.0,-53.02227
2971121406.25,-53.00515
2971121562.5,-52.91393
2971121718.75,-53.0139
2971121875.0,-53.02029
2971122031.25,-52.98086
2971122187.5,-52.92238
2971122343.75,-52.94828
2971122500.0,-52.95444
2971122656.25,-52.98758
2971122812.5,-53.03084
2971122968.75,-52.94995
2971123125.0,-53.0134
2971123281.25,-53.02135
2971123437.5,-53.05698
2971123593.75,-52.92804
2971123750.0,-52.99807
2971123906.25,-52.9382
2971124062.5,-53.00576
2971124218.75,-52.87128
2971124375.0,-52.98226
2971124531.25,-53.06361
2971124687.5,-52.94291
2971124843.75,-53.0113
2971125000.0,-52.9478
2971125156.25,-52.91901
2971125312.5,-53.00171
2971125468.75,-53.03027
2971125625.0,-52.98251
2971125781.25,-52.93111
2971125937.5,-52.95439
2971126093.75,-53.03146
2971126250.0,-52.97408
2971126406.25,-53.0154
2971126562.5,-52.88464
2971126718.75,-52.9777
2971126875.0,-53.00827
2971127031.25,-53.02642
2971127187.5,-52.90985
2971127343.75,-52.96917
2971127500.0,-53.01871
2971127656.25,-52.97075
2971127812.5,-52.96114
2971127968.75,-53.01682
2971128125.0,-52.97104
2971128281.25,-52.97997
2971128437.5,-52.93715
2971128593.75,-52.9224
2971128750.0,-52.9631
2971128906.25,-52.98585
2971129062.5,-52.94431
2971129218.75,-52.94392
2971129375.0,-52.95319
2971129531.25,-52.97065
2971129687.5,-52.96297
2971129843.75,-53.05529
2971130000.0,-52.89542
2971130156.25,-52.94674
2971130312.5,-52.94246
2971130468.75,-52.91591
2971130625.0,-52.93558
2971130781.25,-52.94963
2971130937.5,-52.8792
2971131093.75,-52.88964
2971131250.0,-52.95942
2971131406.25,-53.04999
2971131562.5,-52.97137
2971131718.75,-52.96564
2971131875.0,-52.97889
2971132031.25,-52.95451
2971132187.5,-52.9223
2971132343.75,-53.00917
2971132500.0,-52.91346
2971132656.25,-52.98415
2971132812.5,-52.97266
2971132968.75,-52.96363
2971133125.0,-52.86612
2971133281.25,-52.97468
2971133437.5,-52.94841
2971133593.75,-53.07549
2971133750.0,-52.97506
2971133906.25,-52.96904
2971134062.5,-52.93338
2971134218.75,-52.94855
2971134375.0,-52.97692
2971134531.25,-52.93917
2971134687.5,-52.93319
2971134843.75,-52.92374
2971135000.0,-52.91096
2971135156.25,-52.94574
2971135312.5,-52.95881
2971135468.75,-52.96845
2971135625.0,-52.89232
2971135781.25,-53.00289
2971135937.5,-52.98103
2971136093.75,-52.88811
2971136250.0,-52.88783
2971136406.25,-52.92179
2971136562.5,-52.98707
2971136718.75,-52.8864
2971136875.0,-52.87474
2971137031.25,-52.86952
2971137187.5,-52.93672
2971137343.75,-52.92585
2971137500.0,-52.94261
2971137656.25,-52.97185
2971137812.5,-52.91541
2971137968.75,-52.97885
2971138125.0,-53.00159
2971138281.25,-52.88242
2971138437.5,-53.04733
2971138593.75,-52.91477
2971138750.0,-52.86565
2971138906.25,-52.90556
2971139062.5,-52.86238
2971139218.75,-52.9757
2971139375.0,-52.93377
2971139531.25,-52.89503
2971139687.5,-52.90258
2971139843.75,-52.94627
2971140000.0,-52.95593
2971140156.25,-52.95916
2971140312.5,-52.88173
2971140468.75,-52.88356
2971140625.0,-52.948
2971140781.25,-52.96526
2971140937.5,-52.89936
2971141093.75,-52.88428
2971141250.0,-52.88006
2971141406.25,-52.84224
2971141562.5,-52.93487
2971141718.75,-52.91893
2971141875.0,-52.9807
2971142031.25,-52.86982
2971142187.5,-52.95152
2971142343.75,-52.91662
2971142500.0,-52.81757
2971142656.25,-52.91162
2971142812.5,-52.92218
2971142968.75,-52.91915
2971143125.0,-52.99923
2971143281.25,-52.84976
2971143437.5,-52.89405
2971143593.75,-52.86941
2971143750.0,-52.84497
2971143906.25,-52.93348
2971144062.5,-52.86346
2971144218.75,-52.89272
2971144375.0,-52.80865
2971144531.25,-52.89329
2971144687.5,-52.94366
2971144843.75,-52.9581
2971145000.0,-52.84704
2971145156.25,-52.89003
2971145312.5,-52.81937
2971145468.75,-52.88654
2971145625.0,-52.87396
2971145781.25,-52.83715
2971145937.5,-52.84402
2971146093.75,-52.83718
2971146250.0,-52.86898
2971146406.25,-52.9124
2971146562.5,-52.89525
2971146718.75,-52.92662
2971146875.0,-52.90647
2971147031.25,-52.85561
2971147187.5,-52.9373
2971147343.75,-52.8569
2971147500.0,-52.83574
2971147656.25,-52.85602
2971147812.5,-52.81958
2971147968.75,-52.8963
2971148125.0,-52.90524
2971148281.25,-52.92421
2971148437.5,-52.84809
2971148593.75,-52.84396
2971148750.0,-52.92692
2971148906.25,-52.89403
2971149062.5,-52.94853
2971149218.75,-52.80403
2971149375.0,-52.84518
2971149531.25,-52.85799
2971149687.5,-52.84296
2971149843.75,-52.84676
2971150000.0,-52.82229
2971150156.25,-52.85314
2971150312.5,-52.84916
2971150468.75,-52.92319
2971150625.0,-52.95042
2971150781.25,-52.7625
2971150937.5,-52.86202
2971151093.75,-52.85148
2971151250.0,-52.90164
2971151406.25,-52.78114
2971151562.5,-52.86336
2971151718.75,-52.88237
2971151875.0,-52.81559
2971152031.25,-52.93181
2971152187.5,-52.87714
2971152343.75,-52.84224
2971152500.0,-52.8939
2971152656.25,-52.8786
2971152812.5,-52.86654
2971152968.75,-52.85536
2971153125.0,-52.86154
2971153281.25,-52.90847
2971153437.5,-52.87104
2971153593.75,-52.91595
2971153750.0,-52.91518
2971153906.25,-52.87886
2971154062.5,-52.89166
2971154218.75,-52.89321
2971154375.0,-52.89967
2971154531.25,-52.8786
2971154687.5,-52.82398
2971154843.75,-52.85795
2971155000.0,-52.87954
2971155156.25,-52.88767
2971155312.5,-52.90961
2971155468.75,-52.84485
2971155625.0,-52.83151
2971155781.25,-52.90239
2971155937.5,-52.95396
2971156093.75,-52.83646
2971156250.0,-52.82049
2971156406.25,-52.84362
2971156562.5,-52.82703
2971156718.75,-52.95037
2971156875.0,-52.8802
2971157031.25,-52.88673
2971157187.5,-52.92328
2971157343.75,-52.8466
2971157500.0,-52.87226
2971157656.25,-52.816
2971157812.5,-52.86856
2971157968.75,-52.83461
2971158125.0,-52.9228
2971158281.25,-52.94606
2971158437.5,-52.95119
2971158593.75,-52.88979
2971158750.0,-52.99692
2971158906.25,-52.88772
2971159062.5,-52.86948
2971159218.75,-52.7758
2971159375.0,-52.79216
2971159531.25,-52.87064
2971159687.5,-52.86481
2971159843.75,-52.80638
2971160000.0,-52.84487
2971160156.25,-52.90831
2971160312.5,-52.91201
2971160468.75,-52.87096
2971160625.0,-52.85736
2971160781.25,-52.84576
2971160937.5,-52.7864
2971161093.75,-52.7765
2971161250.0,-52.83421
2971161406.25,-52.77222
2971161562.5,-52.86206
2971161718.75,-52.81953
2971161875.0,-52.81232
2971162031.25,-52.86781
2971162187.5,-52.79364
2971162343.75,-52.88314
2971162500.0,-52.81766
2971162656.25,-52.835
2971162812.5,-52.87415
2971162968.75,-52.81573
2971163125.0,-52.81096
2971163281.25,-52.84827
2971163437.5,-52.86316
2971163593.75,-52.89653
2971163750.0,-52.86983
2971163906.25,-52.85893
2971164062.5,-52.86255
2971164218.75,-52.80504
2971164375.0,-52.81945
2971164531.25,-52.79679
2971164687.5,-52.87008
2971164843.75,-52.81763
2971165000.0,-52.94546
2971165156.25,-52.75412
2971165312.5,-52.85647
2971165468.75,-52.78612
2971165625.0,-52.87486
2971165781.25,-52.83474
2971165937.5,-52.77943
2971166093.75,-52.78672
2971166250.0,-52.73893
2971166406.25,-52.84138
2971166562.5,-52.77708
2971166718.75,-52.83981
2971166875.0,-52.8677
2971167031.25,-52.87399
2971167187.5,-52.85093
2971167343.75,-52.80546
2971167500.0,-52.79046
2971167656.25,-52.85591
2971167812.5,-52.83741
2971167968.75,-52.86058
2971168125.0,-52.82987
2971168281.25,-52.85977
2971168437.5,-52.87817
2971168593.75,-52.81815
2971168750.0,-52.84298
2971168906.25,-52.73654
2971169062.5,-52.81784
2971169218.75,-52.86075
2971169375.0,-52.7846
2971169531.25,-52.78397
2971169687.5,-52.74205
2971169843.75,-52.80675
2971170000.0,-52.83843
2971170156.25,-52.81715
2971170312.5,-52.80599
2971170468.75,-52.9571
2971170625.0,-52.77418
2971170781.25,-52.84382
2971170937.5,-52.81295
2971171093.75,-52.71698
2971171250.0,-52.78643
2971171406.25,-52.77222
2971171562.5,-52.80163
2971171718.75,-52.77969
2971171875.0,-52.80386
2971172031.25,-52.82781
2971172187.5,-52.76662
2971172343.75,-52.7818
2971172500.0,-52.85638
2971172656.25,-52.78611
2971172812.5,-52.8367
2971172968.75,-52.74704
2971173125.0,-52.712
2971173281.25,-52.81012
2971173437.5,-52.75768
2971173593.75,-52.79511
2971173750.0,-52.77573
2971173906.25,-52.83716
2971174062.5,-52.85528
2971174218.75,-52.76295
2971174375.0,-52.76367
2971174531.25,-52.7394
2971174687.5,-52.85515
2971174843.75,-52.82781
2971175000.0,-52.779
2971175156.25,-52.80885
2971175312.5,-52.79708
2971175468.75,-52.75135
2971175625.0,-52.80146
2971175781.25,-52.84322
2971175937.5,-52.79547
2971176093.75,-52.79383
2971176250.0,-52.80094
2971176406.25,-52.79631
2971176562.5,-52.83933
2971176718.75,-52.8224
2971176875.0,-52.81706
2971177031.25,-52.82522
2971177187.5,-52.81361
2971177343.75,-52.77267
2971177500.0,-52.83322
2971177656.25,-52.76049
2971177812.5,-52.77743
2971177968.75,-52.82038
2971178125.0,-52.74107
2971178281.25,-52.72737
2971178437.5,-52.86925
2971178593.75,-52.73515
2971178750.0,-52.7152
2971178906.25,-52.77442
2971179062.5,-52.80615
2971179218.75,-52.7498
2971179375.0,-52.77961
2971179531.25,-52.74131
2971179687.5,-52.78343
2971179843.75,-52.80246
2971180000.0,-52.76167
2971180156.25,-52.81208
2971180312.5,-52.80034
2971180468.75,-52.73259
2971180625.0,-52.79819
2971180781.25,-52.76734
2971180937.5,-52.77359
2971181093.75,-52.78609
2971181250.0,-52.80233
2971181406.25,-52.85658
2971181562.5,-52.70457
2971181718.75,-52.76041
2971181875.0,-52.7672
2971182031.25,-52.80475
2971182187.5,-52.76371
2971182343.75,-52.74334
2971182500.0,-52.72178
2971182656.25,-52.77945
2971182812.5,-52.83585
2971182968.75,-52.74726
2971183125.0,-52.71374
2971183281.25,-52.79023
2971183437.5,-52.77453
2971183593.75,-52.80857
2971183750.0,-52.78406
2971183906.25,-52.76036
2971184062.5,-52.82017
2971184218.75,-52.82496
2971184375.0,-52.70859
2971184531.25,-52.80112
2971184687.5,-52.82005
2971184843.75,-52.7816
2971185000.0,-52.77777
2971185156.25,-52.77328
2971185312.5,-52.79195
2971185468.75,-52.76467
2971185625.0,-52.74152
2971185781.25,-52.73366
2971185937.5,-52.78018
2971186093.75,-52.67984
2971186250.0,-52.76296
2971186406.25,-52.76661
2971186562.5,-52.78088
2971186718.75,-52.74751
2971186875.0,-52.80172
2971187031.25,-52.76207
2971187187.5,-52.75957
2971187343.75,-52.76031
2971187500.0,-52.7411
2971187656.25,-52.80678
2971187812.5,-52.76763
2971187968.75,-52.70522
2971188125.0,-52.7822
2971188281.25,-52.73233
2971188437.5,-52.74874
2971188593.75,-52.72345
2971188750.0,-52.73674
2971188906.25,-52.73523
2971189062.5,-52.68995
2971189218.75,-52.77877
2971189375.0,-52.80817
2971189531.25,-52.69418
2971189687.5,-52.77279
2971189843.75,-52.73639
2971190000.0,-52.74205
2971190156.25,-52.84053
2971190312.5,-52.73932
2971190468.75,-52.722
2971190625.0,-52.73653
2971190781.25,-52.73299
2971190937.5,-52.80489
2971191093.75,-52.73091
2971191250.0,-52.70687
2971191406.25,-52.73363
2971191562.5,-52.74894
2971191718.75,-52.76439
2971191875.0,-52.72427
2971192031.25,-52.74336
2971192187.5,-52.81105
2971192343.75,-52.7066
2971192500.0,-52.67448
2971192656.25,-52.73983
2971192812.5,-52.7839
2971192968.75,-52.70034
2971193125.0,-52.73702
2971193281.25,-52.71287
2971193437.5,-52.806
2971193593.75,-52.66784
2971193750.0,-52.6096
2971193906.25,-52.67848
2971194062.5,-52.72886
2971194218.75,-52.73288
2971194375.0,-52.73532
2971194531.25,-52.74276
2971194687.5,-52.71936
2971194843.75,-52.7601
2971195000.0,-52.71508
2971195156.25,-52.71715
2971195312.5,-52.68018
2971195468.75,-52.7352
2971195625.0,-52.73427
2971195781.25,-52.65774
2971195937.5,-52.73272
2971196093.75,-52.73203
2971196250.0,-52.74269
2971196406.25,-52.75227
2971196562.5,-52.72348
2971196718.75,-52.73954
2971196875.0,-52.71542
2971197031.25,-52.72564
2971197187.5,-52.7879
2971197343.75,-52.72723
2971197500.0,-52.78931
2971197656.25,-52.7166
2971197812.5,-52.75103
2971197968.75,-52.82582
2971198125.0,-52.72881
2971198281.25,-52.7084
2971198437.5,-52.76851
2971198593.75,-52.70641
2971198750.0,-52.73708
2971198906.25,-52.66808
2971199062.5,-52.69067
2971199218.75,-52.60594
2971199375.0,-52.63513
2971199531.25,-52.7278
2971199687.5,-52.70057
2971199843.75,-52.74761
2971200000.0,-52.65543
2971200156.25,-52.65931
2971200312.5,-52.7145
2971200468.75,-52.71444
2971200625.0,-52.73467
2971200781.25,-52.67238
2971200937.5,-52.81665
2971201093.75,-52.75555
2971201250.0,-52.70132
2971201406.25,-52.66888
2971201562.5,-52.71179
2971201718.75,-52.65894
2971201875.0,-52.79053
2971202031.25,-52.68276
2971202187.5,-52.66076
2971202343.75,-52.73113
2971202500.0,-52.73771
2971202656.25,-52.78913
2971202812.5,-52.68428
2971202968.75,-52.72686
2971203125.0,-52.67686
2971203281.25,-52.67397
2971203437.5,-52.7217
2971203593.75,-52.59558
2971203750.0,-52.7239
2971203906.25,-52.64784
2971204062.5,-52.68098
2971204218.75,-52.73359
2971204375.0,-52.68334
2971204531.25,-52.69583
2971204687.5,-52.75673
2971204843.75,-52.65113
2971205000.0,-52.67126
2971205156.25,-52.68769
2971205312.5,-52.68446
2971205468.75,-52.68751
2971205625.0,-52.60888
2971205781.25,-52.70716
2971205937.5,-52.66953
2971206093.75,-52.6056
2971206250.0,-52.72108
2971206406.25,-52.7011
2971206562.5,-52.64555
2971206718.75,-52.6862
2971206875.0,-52.76561
2971207031.25,-52.65411
2971207187.5,-52.77089
2971207343.75,-52.73955
2971207500.0,-52.66134
2971207656.25,-52.68971
2971207812.5,-52.71427
2971207968.75,-52.69682
2971208125.0,-52.61823
2971208281.25,-52.6801
2971208437.5,-52.69792
2971208593.75,-52.70839
2971208750.0,-52.70168
2971208906.25,-52.63366
2971209062.5,-52.62511
2971209218.75,-52.61544
2971209375.0,-52.59191
2971209531.25,-52.70848
2971209687.5,-52.69625
2971209843.75,-52.6456
2971210000.0,-52.6807
2971210156.25,-52.60357
2971210312.5,-52.75556
2971210468.75,-52.69971
2971210625.0,-52.67559
2971210781.25,-52.69844
2971210937.5,-52.74994
2971211093.75,-52.66189
2971211250.0,-52.71598
2971211406.25,-52.62535
2971211562.5,-52.65378
2971211718.75,-52.61145
2971211875.0,-52.62873
2971212031.25,-52.69018
2971212187.5,-52.64487
2971212343.75,-52.70509
2971212500.0,-52.62067
2971212656.25,-52.59971
2971212812.5,-52.69952
2971212968.75,-52.65451
2971213125.0,-52.69537
2971213281.25,-52.71885
2971213437.5,-52.66188
2971213593.75,-52.67943
2971213750.0,-52.62316
2971213906.25,-52.63827
2971214062.5,-52.59684
2971214218.75,-52.68028
2971214375.0,-52.6581
2971214531.25,-52.6225
2971214687.5,-52.64225
2971214843.75,-52.65384
2971215000.0,-52.58656
2971215156.25,-52.68981
2971215312.5,-52.71466
2971215468.75,-52.66391
2971215625.0,-52.64984
2971215781.25,-52.6754
2971215937.5,-52.63145
2971216093.75,-52.68203
2971216250.0,-52.70794
2971216406.25,-52.59283
2971216562.5,-52.65505
2971216718.75,-52.56294
2971216875.0,-52.63425
2971217031.25,-52.64952
2971217187.5,-52.68207
2971217343.75,-52.64819
2971217500.0,-52.62848
2971217656.25,-52.67767
2971217812.5,-52.62931
2971217968.75,-52.67824
2971218125.0,-52.61158
2971218281.25,-52.73741
2971218437.5,-52.60926
2971218593.75,-52.6092
2971218750.0,-52.64815
2971218906.25,-52.67825
2971219062.5,-52.54884
2971219218.75,-52.59249
2971219375.0,-52.56182
2971219531.25,-52.59505
2971219687.5,-52.67445
2971219843.75,-52.67297
2971220000.0,-52.6541
2971220156.25,-52.63196
2971220312.5,-52.61922
2971220468.75,-52.59864
2971220625.0,-52.61377
2971220781.25,-52.66874
2971220937.5,-52.65477
2971221093.75,-52.61527
2971221250.0,-52.60397
2971221406.25,-52.64235
2971221562.5,-52.59002
2971221718.75,-52.57376
2971221875.0,-52.61853
2971222031.25,-52.5779
2971222187.5,-52.63316
2971222343.75,-52.63797
2971222500.0,-52.6379
2971222656.25,-52.66386
2971222812.5,-52.64779
2971222968.75,-52.63604
2971223125.0,-52.60978
2971223281.25,-52.64715
2971223437.5,-52.58593
2971223593.75,-52.604
2971223750.0,-52.65857
2971223906.25,-52.67172
2971224062.5,-52.59758
2971224218.75,-52.67895
2971224375.0,-52.68213
2971224531.25,-52.65116
2971224687.5,-52.52517
2971224843.75,-52.74281
2971225000.0,-52.59972
2971225156.25,-52.57071
2971225312.5,-52.72987
2971225468.75,-52.63551
2971225625.0,-52.59928
2971225781.25,-52.66488
2971225937.5,-52.61278
2971226093.75,-52.58528
2971226250.0,-52.54183
2971226406.25,-52.59877
2971226562.5,-52.57975
2971226718.75,-52.60615
2971226875.0,-52.61012
2971227031.25,-52.63651
2971227187.5,-52.6438
2971227343.75,-52.66187
2971227500.0,-52.62297
2971227656.25,-52.57598
2971227812.5,-52.58889
2971227968.75,-52.52132
2971228125.0,-52.56006
2971228281.25,-52.61223
2971228437.5,-52.55642
2971228593.75,-52.54773
2971228750.0,-52.65974
2971228906.25,-52.59084
2971229062.5,-52.57629
2971229218.75,-52.59678
2971229375.0,-52.50868
2971229531.25,-52.57774
2971229687.5,-52.54827
2971229843.75,-52.5517
2971230000.0,-52.62608
2971230156.25,-52.562
2971230312.5,-52.69627
2971230468.75,-52.59254
2971230625.0,-52.62812
2971230781.25,-52.66045
2971230937.5,-52.54427
2971231093.75,-52.58664
2971231250.0,-52.55879
2971231406.25,-52.61883
2971231562.5,-52.70383
2971231718.75,-52.64578
2971231875.0,-52.54004
2971232031.25,-52.51962
2971232187.5,-52.63074
2971232343.75,-52.58094
2971232500.0,-52.65192
2971232656.25,-52.65512
2971232812.5,-52.5512
2971232968.75,-52.58425
2971233125.0,-52.59474
2971233281.25,-52.57885
2971233437.5,-52.58012
2971233593.75,-52.62847
2971233750.0,-52.6401
2971233906.25,-52.54958
2971234062.5,-52.57914
2971234218.75,-52.55661
2971234375.0,-52.55804
2971234531.25,-52.61674
2971234687.5,-52.5417
2971234843.75,-52.61899
2971235000.0,-52.5584
2971235156.25,-52.62484
2971235312.5,-52.53269
2971235468.75,-52.54421
2971235625.0,-52.54909
2971235781.25,-52.53051
2971235937.5,-52.63024
2971236093.75,-52.55737
2971236250.0,-52.56835
2971236406.25,-52.53897
2971236562.5,-52.62568
2971236718.75,-52.54014
2971236875.0,-52.56923
2971237031.25,-52.49585
2971237187.5,-52.52309
2971237343.75,-52.54055
2971237500.0,-52.54591
2971237656.25,-52.59271
2971237812.5,-52.61491
2971237968.75,-52.54082
2971238125.0,-52.58491
2971238281.25,-52.57315
2971238437.5,-52.57031
2971238593.75,-52.55728
2971238750.0,-52.56652
2971238906.25,-52.56771
2971239062.5,-52.61198
2971239218.75,-52.56042
2971239375.0,-52.54773
2971239531.25,-52.5447
2971239687.5,-52.48714
2971239843.75,-52.59293
2971240000.0,-52.59317
2971240156.25,-52.60892
2971240312.5,-52.50955
2971240468.75,-52.58782
2971240625.0,-52.53854
2971240781.25,-52.4994
2971240937.5,-52.50404
2971241093.75,-52.58202
2971241250.0,-52.58712
2971241406.25,-52.57578
2971241562.5,-52.54658
2971241718.75,-52.52674
2971241875.0,-52.49455
2971242031.25,-52.60061
2971242187.5,-52.52591
2971242343.75,-52.54137
2971242500.0,-52.54135
2971242656.25,-52.58562
2971242812.5,-52.56717
2971242968.75,-52.53031
2971243125.0,-52.52356
2971243281.25,-52.55805
2971243437.5,-52.51229
2971243593.75,-52.56536
2971243750.0,-52.49302
2971243906.25,-52.50901
2971244062.5,-52.54024
2971244218.75,-52.55685
2971244375.0,-52.55671
2971244531.25,-52.60152
2971244687.5,-52.48367
2971244843.75,-52.62478
2971245000.0,-52.57947
2971245156.25,-52.52402
2971245312.5,-52.56888
2971245468.75,-52.55906
2971245625.0,-52.55441
2971245781.25,-52.57859
2971245937.5,-52.54329
2971246093.75,-52.51938
2971246250.0,-52.66398
2971246406.25,-52.52425
2971246562.5,-52.51395
2971246718.75,-52.5175
2971246875.0,-52.58262
2971247031.25,-52.53408
2971247187.5,-52.45198
2971247343.75,-52.49164
2971247500.0,-52.53175
2971247656.25,-52.49305
2971247812.5,-52.4963
2971247968.75,-52.43676
2971248125.0,-52.59021
2971248281.25,-52.55078
2971248437.5,-52.50796
2971248593.75,-52.58973
2971248750.0,-52.52816
2971248906.25,-52.50334
2971249062.5,-52.50934
2971249218.75,-52.47264
2971249375.0,-52.50962
2971249531.25,-52.46184
2971249687.5,-52.54358
2971249843.75,-52.48806
2971250000.0,-52.53238
2971250156.25,-52.50233
2971250312.5,-52.56622
2971250468.75,-52.54678
2971250625.0,-52.49358
2971250781.25,-52.53473
2971250937.5,-52.52516
2971251093.75,-52.51885
2971251250.0,-52.47916
2971251406.25,-52.46883
2971251562.5,-52.52196
2971251718.75,-52.56626
2971251875.0,-52.47105
2971252031.25,-52.4767
2971252187.5,-52.47459
2971252343.75,-52.52066
2971252500.0,-52.5257
2971252656.25,-52.53339
2971252812.5,-52.45424
2971252968.75,-52.54718
2971253125.0,-52.51827
2971253281.25,-52.51597
2971253437.5,-52.43315
2971253593.75,-52.51592
2971253750.0,-52.48425
2971253906.25,-52.53065
2971254062.5,-52.44611
2971254218.75,-52.48742
2971254375.0,-52.51571
2971254531.25,-52.5047
2971254687.5,-52.56413
2971254843.75,-52.43127
2971255000.0,-52.54395
2971255156.25,-52.49982
2971255312.5,-52.46148
2971255468.75,-52.53543
2971255625.0,-52.51935
2971255781.25,-52.52258
2971255937.5,-52.43619
2971256093.75,-52.45379
2971256250.0,-52.55681
2971256406.25,-52.46531
2971256562.5,-52.45069
2971256718.75,-52.59219
2971256875.0,-52.61184
2971257031.25,-52.46139
2971257187.5,-52.54989
2971257343.75,-52.43333
2971257500.0,-52.50966
2971257656.25,-52.5069
2971257812.5,-52.47619
2971257968.75,-52.4997
2971258125.0,-52.47733
2971258281.25,-52.5073
2971258437.5,-52.52195
2971258593.75,-52.5328
2971258750.0,-52.56493
2971258906.25,-52.5065
2971259062.5,-52.50214
2971259218.75,-52.46683
2971259375.0,-52.43134
2971259531.25,-52.43005
2971259687.5,-52.47309
2971259843.75,-52.41503
2971260000.0,-52.50267
2971260156.25,-52.59145
2971260312.5,-52.55762
2971260468.75,-52.45301
2971260625.0,-52.49022
2971260781.25,-52.46241
2971260937.5,-52.45542
2971261093.75,-52.50209
2971261250.0,-52.48219
2971261406.25,-52.46261
2971261562.5,-52.49294
2971261718.75,-52.5159
2971261875.0,-52.42508
2971262031.25,-52.53715
2971262187.5,-52.44675
2971262343.75,-52.47905
2971262500.0,-52.43014
2971262656.25,-52.41932
2971262812.5,-52.40794
2971262968.75,-52.44479
2971263125.0,-52.50831
2971263281.25,-52.45858
2971263437.5,-52.46339
2971263593.75,-52.47358
2971263750.0,-52.50631
2971263906.25,-52.52217
2971264062.5,-52.39558
2971264218.75,-52.44914
2971264375.0,-52.4721
2971264531.25,-52.43433
2971264687.5,-52.4157
2971264843.75,-52.43403
2971265000.0,-52.43783
2971265156.25,-52.45908
2971265312.5,-52.43249
2971265468.75,-52.47615
2971265625.0,-52.44793
2971265781.25,-52.47571
2971265937.5,-52.46508
2971266093.75,-52.48173
2971266250.0,-52.47546
2971266406.25,-52.48648
2971266562.5,-52.48852
2971266718.75,-52.40627
2971266875.0,-52.48699
2971267031.25,-52.43526
2971267187.5,-52.4303
2971267343.75,-52.53024
2971267500.0,-52.45926
2971267656.25,-52.38904
2971267812.5,-52.51032
2971267968.75,-52.51972
2971268125.0,-52.47974
2971268281.25,-52.44371
2971268437.5,-52.4453
2971268593.75,-52.39108
2971268750.0,-52.43531
2971268906.25,-52.38977
2971269062.5,-52.47612
2971269218.75,-52.45164
2971269375.0,-52.38086
2971269531.25,-52.44747
2971269687.5,-52.45565
2971269843.75,-52.42356
2971270000.0,-52.47973
2971270156.25,-52.47158
2971270312.5,-52.46793
2971270468.75,-52.45641
2971270625.0,-52.44092
2971270781.25,-52.42242
2971270937.5,-52.47849
2971271093.75,-52.45935
2971271250.0,-52.50773
2971271406.25,-52.47889
2971271562.5,-52.43456
2971271718.75,-52.44647
2971271875.0,-52.4169
2971272031.25,-52.39914
2971272187.5,-52.44341
2971272343.75,-52.40742
2971272500.0,-52.46167
2971272656.25,-52.42331
2971272812.5,-52.44214
2971272968.75,-52.4398
2971273125.0,-52.36908
2971273281.25,-52.40713
2971273437.5,-52.43118
2971273593.75,-52.5339
2971273750.0,-52.4325
2971273906.25,-52.47458
2971274062.5,-52.43167
2971274218.75,-52.39808
2971274375.0,-52.42599
2971274531.25,-52.40772
2971274687.5,-52.44429
2971274843.75,-52.34312
2971275000.0,-52.41821
2971275156.25,-52.40969
2971275312.5,-52.44002
2971275468.75,-52.40124
2971275625.0,-52.45729
2971275781.25,-52.48046
2971275937.5,-52.37873
2971276093.75,-52.4707
2971276250.0,-52.38047
2971276406.25,-52.39416
2971276562.5,-52.43394
2971276718.75,-52.48944
2971276875.0,-52.39045
2971277031.25,-52.42855
2971277187.5,-52.39816
2971277343.75,-52.40533
2971277500.0,-52.44107
2971277656.25,-52.40328
2971277812.5,-52.49051
2971277968.75,-52.40723
2971278125.0,-52.36313
2971278281.25,-52.47285
2971278437.5,-52.41131
2971278593.75,-52.44307
2971278750.0,-52.39099
2971278906.25,-52.39249
2971279062.5,-52.39291
2971279218.75,-52.46555
2971279375.0,-52.41026
2971279531.25,-52.41994
2971279687.5,-52.31443
2971279843.75,-52.48736
2971280000.0,-52.39287
2971280156.25,-52.36749
2971280312.5,-52.391
2971280468.75,-52.47089
2971280625.0,-52.4764
2971280781.25,-52.43928
2971280937.5,-52.43624
2971281093.75,-52.42374
2971281250.0,-52.40783
2971281406.25,-52.39937
2971281562.5,-52.44557
2971281718.75,-52.46398
2971281875.0,-52.46352
2971282031.25,-52.36572
2971282187.5,-52.45505
2971282343.75,-52.43925
2971282500.0,-52.39826
2971282656.25,-52.38764
2971282812.5,-52.42052
2971282968.75,-52.38983
2971283125.0,-52.37371
2971283281.25,-52.40614
2971283437.5,-52.36263
2971283593.75,-52.40185
2971283750.0,-52.39914
2971283906.25,-52.39296
2971284062.5,-52.41129
2971284218.75,-52.43431
2971284375.0,-52.40026
2971284531.25,-52.38903
2971284687.5,-52.34465
2971284843.75,-52.32257
2971285000.0,-52.39808
2971285156.25,-52.41685
2971285312.5,-52.39075
2971285468.75,-52.41583
2971285625.0,-52.40382
2971285781.25,-52.36361
2971285937.5,-52.34455
2971286093.75,-52.38275
2971286250.0,-52.44004
2971286406.25,-52.37845
2971286562.5,-52.3465
2971286718.75,-52.39762
2971286875.0,-52.37455
2971287031.25,-52.45767
2971287187.5,-52.39515
2971287343.75,-52.34371
2971287500.0,-52.36921
2971287656.25,-52.38689
2971287812.5,-52.34312
2971287968.75,-52.38213
2971288125.0,-52.3907
2971288281.25,-52.41436
2971288437.5,-52.39424
2971288593.75,-52.39634
2971288750.0,-52.38708
2971288906.25,-52.33456
2971289062.5,-52.30714
2971289218.75,-52.42886
2971289375.0,-52.41565
2971289531.25,-52.39578
2971289687.5,-52.34714
2971289843.75,-52.38242
2971290000.0,-52.37496
2971290156.25,-52.35255
2971290312.5,-52.32968
2971290468.75,-52.4215
2971290625.0,-52.41555
2971290781.25,-52.46261
2971290937.5,-52.35656
2971291093.75,-52.3381
2971291250.0,-52.36175
2971291406.25,-52.40968
2971291562.5,-52.33104
2971291718.75,-52.32655
2971291875.0,-52.44498
2971292031.25,-52.29058
2971292187.5,-52.38576
2971292343.75,-52.34858
2971292500.0,-52.37219
2971292656.25,-52.45201
2971292812.5,-52.48475
2971292968.75,-52.35686
2971293125.0,-52.30365
2971293281.25,-52.31841
2971293437.5,-52.3493
2971293593.75,-52.4089
2971293750.0,-52.39711
2971293906.25,-52.34732
2971294062.5,-52.34445
2971294218.75,-52.25096
2971294375.0,-52.33886
2971294531.25,-52.30029
2971294687.5,-52.34325
2971294843.75,-52.36265
2971295000.0,-52.31089
2971295156.25,-52.34191
2971295312.5,-52.37906
2971295468.75,-52.41188
2971295625.0,-52.32354
2971295781.25,-52.34544
2971295937.5,-52.30278
2971296093.75,-52.35035
2971296250.0,-52.37575
2971296406.25,-52.37162
2971296562.5,-52.32649
2971296718.75,-52.39729
2971296875.0,-52.34534
2971297031.25,-52.35555
2971297187.5,-52.31202
2971297343.75,-52.34573
2971297500.0,-52.30915
2971297656.25,-52.30797
2971297812.5,-52.31727
2971297968.75,-52.38584
2971298125.0,-52.36154
2971298281.25,-52.32249
2971298437.5,-52.30121
2971298593.75,-52.36522
2971298750.0,-52.30324
2971298906.25,-52.35337
2971299062.5,-52.34098
2971299218.75,-52.34574
2971299375.0,-52.32592
2971299531.25,-52.33911
2971299687.5,-52.33548
2971299843.75,-52.28217
2971300000.0,-52.40107
2971300156.25,-52.31745
2971300312.5,-52.34624
2971300468.75,-52.41602
2971300625.0,-52.30015
2971300781.25,-52.31052
2971300937.5,-52.3546
2971301093.75,-52.36935
2971301250.0,-52.30844
2971301406.25,-52.30141
2971301562.5,-52.35863
2971301718.75,-52.40195
2971301875.0,-52.27591
2971302031.25,-52.28627
2971302187.5,-52.35107
2971302343.75,-52.3238
2971302500.0,-52.28963
2971302656.25,-52.32338
2971302812.5,-52.25114
2971302968.75,-52.28114
2971303125.0,-52.31911
2971303281.25,-52.25723
2971303437.5,-52.25061
2971303593.75,-52.30854
2971303750.0,-52.39837
2971303906.25,-52.27609
2971304062.5,-52.31464
2971304218.75,-52.32598
2971304375.0,-52.28642
2971304531.25,-52.26547
2971304687.5,-52.26692
2971304843.75,-52.31471
2971305000.0,-52.44014
2971305156.25,-52.33467
2971305312.5,-52.25815
2971305468.75,-52.31641
2971305625.0,-52.32922
2971305781.25,-52.34724
2971305937.5,-52.34797
2971306093.75,-52.31839
2971306250.0,-52.26722
2971306406.25,-52.30845
2971306562.5,-52.30214
2971306718.75,-52.33253
2971306875.0,-52.33582
2971307031.25,-52.30388
2971307187.5,-52.32958
2971307343.75,-52.2822
2971307500.0,-52.30086
2971307656.25,-52.31018
2971307812.5,-52.33206
2971307968.75,-52.31571
2971308125.0,-52.27609
2971308281.25,-52.3274
2971308437.5,-52.29147
2971308593.75,-52.34655
2971308750.0,-52.29984
2971308906.25,-52.24703
2971309062.5,-52.31121
2971309218.75,-52.32541
2971309375.0,-52.24997
2971309531.25,-52.33987
2971309687.5,-52.31671
2971309843.75,-52.32051
2971310000.0,-52.24175
2971310156.25,-52.26642
2971310312.5,-52.34367
2971310468.75,-52.22888
2971310625.0,-52.32949
2971310781.25,-52.2508
2971310937.5,-52.26509
2971311093.75,-52.28788
2971311250.0,-52.28584
2971311406.25,-52.3088
2971311562.5,-52.29586
2971311718.75,-52.27419
2971311875.0,-52.3054
2971312031.25,-52.32067
2971312187.5,-52.29211
2971312343.75,-52.24774
2971312500.0,-52.26844
2971312656.25,-52.32737
2971312812.5,-52.2466
2971312968.75,-52.29058
2971313125.0,-52.34697
2971313281.25,-52.31151
2971313437.5,-52.32101
2971313593.75,-52.3171
2971313750.0,-52.28001
2971313906.25,-52.29116
2971314062.5,-52.30626
2971314218.75,-52.22629
2971314375.0,-52.31033
2971314531.25,-52.28165
2971314687.5,-52.31636
2971314843.75,-52.23145
2971315000.0,-52.27806
2971315156.25,-52.29956
2971315312.5,-52.32562
2971315468.75,-52.299
2971315625.0,-52.26749
2971315781.25,-52.26112
2971315937.5,-52.2944
2971316093.75,-52.25463
2971316250.0,-52.31187
2971316406.25,-52.30561
2971316562.5,-52.21099
2971316718.75,-52.24467
2971316875.0,-52.24404
2971317031.25,-52.26167
2971317187.5,-52.2042
2971317343.75,-52.23069
2971317500.0,-52.25139
2971317656.25,-52.30454
2971317812.5,-52.25928
2971317968.75,-52.24934
2971318125.0,-52.26369
2971318281.25,-52.25795
2971318437.5,-52.26562
2971318593.75,-52.30824
2971318750.0,-52.2779
2971318906.25,-52.21069
2971319062.5,-52.33306
2971319218.75,-52.2395
2971319375.0,-52.29867
2971319531.25,-52.19587
2971319687.5,-52.25806
2971319843.75,-52.28598
2971320000.0,-52.28258
2971320156.25,-52.28087
2971320312.5,-52.28232
2971320468.75,-52.22998
2971320625.0,-52.27661
2971320781.25,-52.2683
2971320937.5,-52.25231
2971321093.75,-52.28114
2971321250.0,-52.33267
2971321406.25,-52.26722
2971321562.5,-52.27097
2971321718.75,-52.27649
2971321875.0,-52.28125
2971322031.25,-52.20308
2971322187.5,-52.24044
2971322343.75,-52.25819
2971322500.0,-52.26401
2971322656.25,-52.24408
2971322812.5,-52.26893
2971322968.75,-52.28695
2971323125.0,-52.2189
2971323281.25,-52.249
2971323437.5,-52.17176
2971323593.75,-52.29185
2971323750.0,-52.23289
2971323906.25,-52.26511
2971324062.5,-52.157
2971324218.75,-52.26989
2971324375.0,-52.24221
2971324531.25,-52.18856
2971324687.5,-52.2215
2971324843.75,-52.28866
2971325000.0,-52.24178
2971325156.25,-52.25963
2971325312.5,-52.23491
2971325468.75,-52.26192
2971325625.0,-52.23369
2971325781.25,-52.1982
2971325937.5,-52.22778
2971326093.75,-52.18313
2971326250.0,-52.27337
2971326406.25,-52.23578
2971326562.5,-52.20793
2971326718.75,-52.2655
2971326875.0,-52.1274
2971327031.25,-52.24654
2971327187.5,-52.3008
2971327343.75,-52.24364
2971327500.0,-52.29795
2971327656.25,-52.23158
2971327812.5,-52.17636
2971327968.75,-52.23059
2971328125.0,-52.25808
2971328281.25,-52.24932
2971328437.5,-52.26719
2971328593.75,-52.22972
2971328750.0,-52.2401
2971328906.25,-52.2035
2971329062.5,-52.27296
2971329218.75,-52.24289
2971329375.0,-52.19855
2971329531.25,-52.28482
2971329687.5,-52.24558
2971329843.75,-52.26663
2971330000.0,-52.26717
2971330156.25,-52.18692
2971330312.5,-52.20577
2971330468.75,-52.24775
2971330625.0,-52.15879
2971330781.25,-52.20617
2971330937.5,-52.22569
2971331093.75,-52.08932
2971331250.0,-52.19555
2971331406.25,-52.23335
2971331562.5,-52.24308
2971331718.75,-52.19484
2971331875.0,-52.19808
2971332031.25,-52.23934
2971332187.5,-52.19616
2971332343.75,-52.24589
2971332500.0,-52.27328
2971332656.25,-52.16201
2971332812.5,-52.13852
2971332968.75,-52.22048
2971333125.0,-52.24002
2971333281.25,-52.23866
2971333437.5,-52.20376
2971333593.75,-52.25683
2971333750.0,-52.18565
2971333906.25,-52.23581
2971334062.5,-52.20894
2971334218.75,-52.2135
2971334375.0,-52.23655
2971334531.25,-52.1991
2971334687.5,-52.16418
2971334843.75,-52.14282
2971335000.0,-52.24725
2971335156.25,-52.1991
2971335312.5,-52.17181
2971335468.75,-52.22415
2971335625.0,-52.22408
2971335781.25,-52.2565
2971335937.5,-52.23854
2971336093.75,-52.17942
2971336250.0,-52.21868
2971336406.25,-52.21037
2971336562.5,-52.14911
2971336718.75,-52.19999
2971336875.0,-52.18575
2971337031.25,-52.17643
2971337187.5,-52.2658
2971337343.75,-52.18723
2971337500.0,-52.18567
2971337656.25,-52.23149
2971337812.5,-52.21349
2971337968.75,-52.24788
2971338125.0,-52.18024
2971338281.25,-52.17101
2971338437.5,-52.17167
2971338593.75,-52.18917
2971338750.0,-52.10704
2971338906.25,-52.18297
2971339062.5,-52.26143
2971339218.75,-52.19572
2971339375.0,-52.1901
2971339531.25,-52.15603
2971339687.5,-52.13
2971339843.75,-52.19673
2971340000.0,-52.14209
2971340156.25,-52.16538
2971340312.5,-52.1394
2971340468.75,-52.19235
2971340625.0,-52.19736
2971340781.25,-52.15199
2971340937.5,-52.17686
2971341093.75,-52.20771
2971341250.0,-52.15907
2971341406.25,-52.14919
2971341562.5,-52.1811
2971341718.75,-52.20271
2971341875.0,-52.18838
2971342031.25,-52.20453
2971342187.5,-52.20939
2971342343.75,-52.17619
2971342500.0,-52.10728
2971342656.25,-52.20124
2971342812.5,-52.23337
2971342968.75,-52.17857
2971343125.0,-52.04525
2971343281.25,-52.15956
2971343437.5,-52.17228
2971343593.75,-52.16283
2971343750.0,-52.17392
2971343906.25,-52.10136
2971344062.5,-52.22776
2971344218.75,-52.25083
2971344375.0,-52.20662
2971344531.25,-52.14893
2971344687.5,-52.19381
2971344843.75,-52.10858
2971345000.0,-52.1628
2971345156.25,-52.16356
2971345312.5,-52.13218
2971345468.75,-52.21478
2971345625.0,-52.31902
2971345781.25,-52.11711
2971345937.5,-52.15609
2971346093.75,-52.21029
2971346250.0,-52.20977
2971346406.25,-52.06035
2971346562.5,-52.15472
2971346718.75,-52.11121
2971346875.0,-52.08298
2971347031.25,-52.18379
2971347187.5,-52.17281
2971347343.75,-52.11754
2971347500.0,-52.19324
2971347656.25,-52.22441
2971347812.5,-52.1371
2971347968.75,-52.21761
2971348125.0,-52.10112
2971348281.25,-52.09159
2971348437.5,-52.2669
2971348593.75,-52.15509
2971348750.0,-52.17648
2971348906.25,-52.14836
2971349062.5,-52.14015
2971349218.75,-52.08986
2971349375.0,-52.0982
2971349531.25,-52.106
2971349687.5,-52.11962
2971349843.75,-52.09138
2971350000.0,-52.1357
2971350156.25,-52.14119
2971350312.5,-52.15238
2971350468.75,-52.13626
2971350625.0,-52.16105
2971350781.25,-52.09776
2971350937.5,-52.1512
2971351093.75,-52.12918
2971351250.0,-52.13644
2971351406.25,-52.07304
2971351562.5,-52.18827
2971351718.75,-52.11864
2971351875.0,-52.09989
2971352031.25,-52.06933
2971352187.5,-52.13359
2971352343.75,-52.2206
2971352500.0,-52.14756
2971352656.25,-52.16739
2971352812.5,-52.14346
2971352968.75,-52.10966
2971353125.0,-52.1116
2971353281.25,-52.1765
2971353437.5,-52.05726
2971353593.75,-52.08274
2971353750.0,-52.07024
2971353906.25,-52.12674
2971354062.5,-52.11047
2971354218.75,-52.22871
2971354375.0,-52.13378
2971354531.25,-52.12512
2971354687.5,-52.11731
2971354843.75,-52.15048
2971355000.0,-52.11285
2971355156.25,-52.08394
2971355312.5,-52.16158
2971355468.75,-52.12452
2971355625.0,-52.10479
2971355781.25,-52.13592
2971355937.5,-52.15939
2971356093.75,-52.09388
2971356250.0,-52.18237
2971356406.25,-52.16028
2971356562.5,-52.15011
2971356718.75,-52.09855
2971356875.0,-52.19521
2971357031.25,-52.14404
2971357187.5,-52.15647
2971357343.75,-52.12046
2971357500.0,-52.12249
2971357656.25,-52.08431
2971357812.5,-52.09222
2971357968.75,-52.05628
2971358125.0,-52.17162
2971358281.25,-52.17201
2971358437.5,-52.18324
2971358593.75,-52.10932
2971358750.0,-52.15581
2971358906.25,-52.12421
2971359062.5,-52.16158
2971359218.75,-52.06629
2971359375.0,-52.12941
2971359531.25,-52.0643
2971359687.5,-52.12988
2971359843.75,-52.09507
2971360000.0,-52.1389
2971360156.25,-52.07215
2971360312.5,-52.03921
2971360468.75,-52.11634
2971360625.0,-52.10173
2971360781.25,-52.08689
2971360937.5,-52.05627
2971361093.75,-52.12495
2971361250.0,-52.17211
2971361406.25,-52.06282
2971361562.5,-52.04264
2971361718.75,-52.15276
2971361875.0,-52.12681
2971362031.25,-52.08512
2971362187.5,-52.0393
2971362343.75,-52.11489
2971362500.0,-52.06214
2971362656.25,-52.08833
2971362812.5,-52.09759
2971362968.75,-52.09874
2971363125.0,-52.05971
2971363281.25,-52.09343
2971363437.5,-52.13463
2971363593.75,-52.12665
2971363750.0,-52.12891
2971363906.25,-52.03402
2971364062.5,-52.07127
2971364218.75,-52.06671
2971364375.0,-52.12831
2971364531.25,-52.0392
2971364687.5,-52.11982
2971364843.75,-52.01942
2971365000.0,-52.08619
2971365156.25,-52.12042
2971365312.5,-52.10495
2971365468.75,-52.04566
2971365625.0,-52.06387
2971365781.25,-52.10794
2971365937.5,-52.04924
2971366093.75,-52.05703
2971366250.0,-52.06462
2971366406.25,-52.09146
2971366562.5,-52.12614
2971366718.75,-52.05378
2971366875.0,-52.0737
2971367031.25,-52.04224
2971367187.5,-52.04254
2971367343.75,-52.05475
2971367500.0,-52.18372
2971367656.25,-52.02554
2971367812.5,-52.18349
2971367968.75,-52.06073
2971368125.0,-52.05729
2971368281.25,-52.13621
2971368437.5,-52.1384
2971368593.75,-52.0867
2971368750.0,-52.04792
2971368906.25,-52.03762
2971369062.5,-52.03094
2971369218.75,-52.10007
2971369375.0,-52.07511
2971369531.25,-52.01618
2971369687.5,-52.03022
2971369843.75,-52.09647
2971370000.0,-51.98895
2971370156.25,-52.08181
2971370312.5,-52.05071
2971370468.75,-52.08886
2971370625.0,-52.02179
2971370781.25,-52.11407
2971370937.5,-51.9819
2971371093.75,-52.07372
2971371250.0,-52.05016
2971371406.25,-52.09325
2971371562.5,-52.02838
2971371718.75,-52.07128
2971371875.0,-52.12526
2971372031.25,-52.03777
2971372187.5,-52.07054
2971372343.75,-52.08504
2971372500.0,-52.04661
2971372656.25,-52.05043
2971372812.5,-51.9926
2971372968.75,-52.0444
2971373125.0,-52.05292
2971373281.25,-52.07791
2971373437.5,-52.04329
2971373593.75,-52.05812
2971373750.0,-52.0437
2971373906.25,-52.04976
2971374062.5,-52.06916
2971374218.75,-52.01892
2971374375.0,-52.07557
2971374531.25,-52.04839
2971374687.5,-52.05346
2971374843.75,-52.03918
2971375000.0,-52.06998
2971375156.25,-52.10029
2971375312.5,-52.07298
2971375468.75,-52.02983
2971375625.0,-52.09255
2971375781.25,-52.07023
2971375937.5,-52.0815
2971376093.75,-52.09459
2971376250.0,-52.10566
2971376406.25,-52.07376
2971376562.5,-52.05552
2971376718.75,-52.0041
2971376875.0,-52.01971
2971377031.25,-52.04956
2971377187.5,-52.05959
2971377343.75,-52.02339
2971377500.0,-51.96362
2971377656.25,-51.97784
2971377812.5,-52.01699
2971377968.75,-51.98968
2971378125.0,-52.01216
2971378281.25,-52.07512
2971378437.5,-52.0328
2971378593.75,-52.0853
2971378750.0,-52.00093
2971378906.25,-52.0831
2971379062.5,-52.0062
2971379218.75,-52.02567
2971379375.0,-52.0303
2971379531.25,-51.99224
2971379687.5,-52.03867
2971379843.75,-52.04059
2971380000.0,-52.0274
2971380156.25,-52.0524
2971380312.5,-52.01968
2971380468.75,-52.00676
2971380625.0,-52.11124
2971380781.25,-51.97907
2971380937.5,-51.98891
2971381093.75,-52.00451
2971381250.0,-52.047
2971381406.25,-51.97758
2971381562.5,-52.06429
2971381718.75,-51.98771
2971381875.0,-52.02801
2971382031.25,-52.0275
2971382187.5,-51.9374
2971382343.75,-52.04204
2971382500.0,-52.0177
2971382656.25,-52.03784
2971382812.5,-52.05527
2971382968.75,-52.0366
2971383125.0,-52.01636
2971383281.25,-51.98792
2971383437.5,-52.0672
2971383593.75,-52.04427
2971383750.0,-52.03337
2971383906.25,-52.01649
2971384062.5,-52.03082
2971384218.75,-52.0423
2971384375.0,-51.99124
2971384531.25,-51.92257
2971384687.5,-52.01217
2971384843.75,-52.033
2971385000.0,-52.03144
2971385156.25,-51.93206
2971385312.5,-52.04155
2971385468.75,-52.01595
2971385625.0,-52.04425
2971385781.25,-52.05782
2971385937.5,-52.07451
2971386093.75,-52.01062
2971386250.0,-52.05792
2971386406.25,-51.97473
2971386562.5,-52.03661
2971386718.75,-51.98162
2971386875.0,-51.94812
2971387031.25,-52.01882
2971387187.5,-52.0141
2971387343.75,-51.98215
2971387500.0,-51.98834
2971387656.25,-52.03379
2971387812.5,-51.9964
2971387968.75,-52.0575
2971388125.0,-51.97174
2971388281.25,-51.98737
2971388437.5,-52.06391
2971388593.75,-51.96003
2971388750.0,-51.93013
2971388906.25,-51.99347
2971389062.5,-51.99131
2971389218.75,-51.95528
2971389375.0,-51.97718
2971389531.25,-51.97183
2971389687.5,-52.03519
2971389843.75,-52.03207
2971390000.0,-52.04519
2971390156.25,-51.86838
2971390312.5,-51.95177
2971390468.75,-52.0066
2971390625.0,-51.90378
2971390781.25,-52.00139
2971390937.5,-51.97958
2971391093.75,-51.97729
2971391250.0,-51.92072
2971391406.25,-51.91795
2971391562.5,-51.98145
2971391718.75,-51.99588
2971391875.0,-51.96178
2971392031.25,-51.96367
2971392187.5,-51.95874
2971392343.75,-51.94852
2971392500.0,-51.95947
2971392656.25,-51.98117
2971392812.5,-51.9253
2971392968.75,-52.01904
2971393125.0,-51.9155
2971393281.25,-52.01648
2971393437.5,-51.99784
2971393593.75,-51.94897
2971393750.0,-51.95792
2971393906.25,-51.95953
2971394062.5,-51.96636
2971394218.75,-51.9714
2971394375.0,-51.99488
2971394531.25,-51.95659
2971394687.5,-51.95715
2971394843.75,-51.92004
2971395000.0,-52.03712
2971395156.25,-51.93075
2971395312.5,-52.03151
2971395468.75,-52.00153
2971395625.0,-51.89397
2971395781.25,-51.96761
2971395937.5,-52.00391
2971396093.75,-51.95196
2971396250.0,-51.97562
2971396406.25,-51.89911
2971396562.5,-51.92733
2971396718.75,-51.94661
2971396875.0,-51.8824
2971397031.25,-51.91544
2971397187.5,-51.92583
2971397343.75,-51.94698
2971397500.0,-51.97933
2971397656.25,-51.97911
2971397812.5,-51.92936
2971397968.75,-51.93653
2971398125.0,-51.93399
2971398281.25,-51.90058
2971398437.5,-51.96695
2971398593.75,-52.0106
2971398750.0,-51.89243
2971398906.25,-52.03128
2971399062.5,-51.92115
2971399218.75,-51.96337
2971399375.0,-51.89136
2971399531.25,-51.86477
2971399687.5,-52.00915
2971399843.75,-52.02736
2971400000.0,-51.91872
2971400156.25,-51.94441
2971400312.5,-52.02151
2971400468.75,-51.9106
2971400625.0,-51.94476
2971400781.25,-51.94832
2971400937.5,-51.94596
2971401093.75,-51.9752
2971401250.0,-51.95952
2971401406.25,-51.93113
2971401562.5,-51.93525
2971401718.75,-51.93834
2971401875.0,-51.91001
2971402031.25,-51.95618
2971402187.5,-51.93523
2971402343.75,-51.94523
2971402500.0,-51.98022
2971402656.25,-51.97275
2971402812.5,-51.93872
2971402968.75,-51.96334
2971403125.0,-51.94408
2971403281.25,-52.00087
2971403437.5,-51.95638
2971403593.75,-51.89469
2971403750.0,-51.97342
2971403906.25,-51.90355
2971404062.5,-51.96499
2971404218.75,-51.90751
2971404375.0,-51.9482
2971404531.25,-51.8753
2971404687.5,-51.92104
2971404843.75,-51.86304
2971405000.0,-51.94093
2971405156.25,-51.91041
2971405312.5,-51.87362
2971405468.75,-51.96293
2971405625.0,-51.93023
2971405781.25,-51.88971
2971405937.5,-51.87668
2971406093.75,-51.94984
2971406250.0,-51.88283
2971406406.25,-51.91515
2971406562.5,-51.9152
2971406718.75,-51.897
2971406875.0,-51.92388
2971407031.25,-51.97829
2971407187.5,-51.97688
2971407343.75,-51.91753
2971407500.0,-51.86018
2971407656.25,-51.87242
2971407812.5,-51.86971
2971407968.75,-51.88382
2971408125.0,-51.95076
2971408281.25,-51.93251
2971408437.5,-51.95875
2971408593.75,-51.84539
2971408750.0,-51.89957
2971408906.25,-51.84421
2971409062.5,-51.86888
2971409218.75,-51.80883
2971409375.0,-51.88422
2971409531.25,-51.88985
2971409687.5,-51.91782
2971409843.75,-51.84826
2971410000.0,-51.92006
2971410156.25,-51.9189
2971410312.5,-51.90153
2971410468.75,-51.84809
2971410625.0,-51.93633
2971410781.25,-51.90266
2971410937.5,-51.89855
2971411093.75,-51.95205
2971411250.0,-51.93621
2971411406.25,-51.86591
2971411562.5,-51.95508
2971411718.75,-51.9139
2971411875.0,-51.93737
2971412031.25,-51.92588
2971412187.5,-51.87826
2971412343.75,-51.83662
2971412500.0,-51.84414
2971412656.25,-51.91783
2971412812.5,-51.98029
2971412968.75,-51.84694
2971413125.0,-51.88398
2971413281.25,-51.82199
2971413437.5,-51.95102
2971413593.75,-51.87843
2971413750.0,-51.83611
2971413906.25,-51.83755
2971414062.5,-51.88209
2971414218.75,-51.86638
2971414375.0,-51.86766
2971414531.25,-51.89972
2971414687.5,-51.85738
2971414843.75,-51.86379
2971415000.0,-51.8647
2971415156.25,-51.90834
2971415312.5,-51.86541
2971415468.75,-51.87736
2971415625.0,-51.87655
2971415781.25,-51.89552
2971415937.5,-51.92656
2971416093.75,-51.9014
2971416250.0,-51.86501
2971416406.25,-51.92007
2971416562.5,-51.94481
2971416718.75,-51.83231
2971416875.0,-51.95444
2971417031.25,-51.87311
2971417187.5,-51.849
2971417343.75,-51.81041
2971417500.0,-51.84766
2971417656.25,-51.86403
2971417812.5,-51.87992
2971417968.75,-51.86644
2971418125.0,-51.91999
2971418281.25,-51.90635
2971418437.5,-51.82556
2971418593.75,-51.83664
2971418750.0,-51.91384
2971418906.25,-51.85653
2971419062.5,-51.9038
2971419218.75,-51.88495
2971419375.0,-51.90429
2971419531.25,-51.88503
2971419687.5,-51.82513
2971419843.75,-51.85384
2971420000.0,-51.86253
2971420156.25,-51.83209
2971420312.5,-51.85696
2971420468.75,-51.84151
2971420625.0,-51.91326
2971420781.25,-51.87999
2971420937.5,-51.87257
2971421093.75,-51.80205
2971421250.0,-51.8361
2971421406.25,-51.91295
2971421562.5,-51.85232
2971421718.75,-51.87289
2971421875.0,-51.82051
2971422031.25,-51.8149
2971422187.5,-51.90308
2971422343.75,-51.8289
2971422500.0,-51.77644
2971422656.25,-51.79507
2971422812.5,-51.82824
2971422968.75,-51.87658
2971423125.0,-51.86093
2971423281.25,-51.92235
2971423437.5,-51.86063
2971423593.75,-51.88627
2971423750.0,-51.8973
2971423906.25,-51.84803
2971424062.5,-51.85616
2971424218.75,-51.83831
2971424375.0,-51.83389
2971424531.25,-51.78861
2971424687.5,-51.83517
2971424843.75,-51.85027
2971425000.0,-51.86315
2971425156.25,-51.79562
2971425312.5,-51.85603
2971425468.75,-51.86864
2971425625.0,-51.86478
2971425781.25,-51.82043
2971425937.5,-51.82328
2971426093.75,-51.85802
2971426250.0,-51.85838
2971426406.25,-51.8317
2971426562.5,-51.83855
2971426718.75,-51.88901
2971426875.0,-51.88363
2971427031.25,-51.84768
2971427187.5,-51.8646
2971427343.75,-51.83475
2971427500.0,-51.80933
2971427656.25,-51.8582
2971427812.5,-51.82933
2971427968.75,-51.85231
2971428125.0,-51.86891
2971428281.25,-51.82582
2971428437.5,-51.84321
2971428593.75,-51.80878
2971428750.0,-51.86262
2971428906.25,-51.85909
2971429062.5,-51.80228
2971429218.75,-51.85586
2971429375.0,-51.84602
2971429531.25,-51.89545
2971429687.5,-51.85235
2971429843.75,-51.80358
2971430000.0,-51.82693
2971430156.25,-51.81145
2971430312.5,-51.81738
2971430468.75,-51.7662
2971430625.0,-51.81429
2971430781.25,-51.81749
2971430937.5,-51.76176
2971431093.75,-51.8867
2971431250.0,-51.74222
2971431406.25,-51.80779
2971431562.5,-51.88274
2971431718.75,-51.80344
2971431875.0,-51.7788
2971432031.25,-51.83636
2971432187.5,-51.90217
2971432343.75,-51.82946
2971432500.0,-51.78264
2971432656.25,-51.7659
2971432812.5,-51.83389
2971432968.75,-51.83002
2971433125.0,-51.86359
2971433281.25,-51.77884
2971433437.5,-51.84194
2971433593.75,-51.80566
2971433750.0,-51.84216
2971433906.25,-51.84427
2971434062.5,-51.86605
2971434218.75,-51.86946
2971434375.0,-51.81391
2971434531.25,-51.82547
2971434687.5,-51.77198
2971434843.75,-51.81729
2971435000.0,-51.79637
2971435156.25,-51.81879
2971435312.5,-51.83016
2971435468.75,-51.89198
2971435625.0,-51.72175
2971435781.25,-51.84301
2971435937.5,-51.77757
2971436093.75,-51.81995
2971436250.0,-51.83126
2971436406.25,-51.80552
2971436562.5,-51.7684
2971436718.75,-51.8022
2971436875.0,-51.82139
2971437031.25,-51.76807
2971437187.5,-51.81956
2971437343.75,-51.78518
2971437500.0,-51.79857
2971437656.25,-51.83727
2971437812.5,-51.80383
2971437968.75,-51.80082
2971438125.0,-51.73523
2971438281.25,-51.84972
2971438437.5,-51.79539
2971438593.75,-51.81241
2971438750.0,-51.86209
2971438906.25,-51.82645
2971439062.5,-51.80424
2971439218.75,-51.77937
2971439375.0,-51.76107
2971439531.25,-51.76169
2971439687.5,-51.80888
2971439843.75,-51.785
2971440000.0,-51.7796
2971440156.25,-51.76157
2971440312.5,-51.80533
2971440468.75,-51.78043
2971440625.0,-51.78053
2971440781.25,-51.7541
2971440937.5,-51.80764
2971441093.75,-51.8218
2971441250.0,-51.79142
2971441406.25,-51.77139
2971441562.5,-51.79967
2971441718.75,-51.79159
2971441875.0,-51.83689
2971442031.25,-51.76264
2971442187.5,-51.77628
2971442343.75,-51.76469
2971442500.0,-51.80819
2971442656.25,-51.77535
2971442812.5,-51.73391
2971442968.75,-51.7925
2971443125.0,-51.80333
2971443281.25,-51.8223
2971443437.5,-51.75667
2971443593.75,-51.81368
2971443750.0,-51.77761
2971443906.25,-51.76636
2971444062.5,-51.79243
2971444218.75,-51.82673
2971444375.0,-51.78905
2971444531.25,-51.72871
2971444687.5,-51.70341
2971444843.75,-51.77862
2971445000.0,-51.73962
2971445156.25,-51.79754
2971445312.5,-51.77975
2971445468.75,-51.71149
2971445625.0,-51.7261
2971445781.25,-51.86374
2971445937.5,-51.80881
2971446093.75,-51.76559
2971446250.0,-51.74125
2971446406.25,-51.75762
2971446562.5,-51.78049
2971446718.75,-51.77559
2971446875.0,-51.67727
2971447031.25,-51.82452
2971447187.5,-51.8569
2971447343.75,-51.73233
2971447500.0,-51.76542
2971447656.25,-51.7332
2971447812.5,-51.69949
2971447968.75,-51.76894
2971448125.0,-51.78462
2971448281.25,-51.8106
2971448437.5,-51.70066
2971448593.75,-51.76511
2971448750.0,-51.71325
2971448906.25,-51.69192
2971449062.5,-51.76365
2971449218.75,-51.77492
2971449375.0,-51.71574
2971449531.25,-51.74174
2971449687.5,-51.72568
2971449843.75,-51.68504
2971450000.0,-51.72337
2971450156.25,-51.79559
2971450312.5,-51.75938
2971450468.75,-51.72735
2971450625.0,-51.72014
2971450781.25,-51.80636
2971450937.5,-51.75431
2971451093.75,-51.73162
2971451250.0,-51.73024
2971451406.25,-51.74774
2971451562.5,-51.77399
2971451718.75,-51.8063
2971451875.0,-51.63386
2971452031.25,-51.75544
2971452187.5,-51.74205
2971452343.75,-51.73496
2971452500.0,-51.75491
2971452656.25,-51.71734
2971452812.5,-51.76371
2971452968.75,-51.64719
2971453125.0,-51.73587
2971453281.25,-51.75356
2971453437.5,-51.72556
2971453593.75,-51.65439
2971453750.0,-51.71904
2971453906.25,-51.753
2971454062.5,-51.78733
2971454218.75,-51.71851
2971454375.0,-51.71391
2971454531.25,-51.69588
2971454687.5,-51.75451
2971454843.75,-51.73603
2971455000.0,-51.75476
2971455156.25,-51.75648
2971455312.5,-51.72414
2971455468.75,-51.72247
2971455625.0,-51.7604
2971455781.25,-51.72738
2971455937.5,-51.75675
2971456093.75,-51.73803
2971456250.0,-51.68967
2971456406.25,-51.69823
2971456562.5,-51.66969
2971456718.75,-51.72229
2971456875.0,-51.71385
2971457031.25,-51.64771
2971457187.5,-51.77304
2971457343.75,-51.70228
2971457500.0,-51.70243
2971457656.25,-51.6545
2971457812.5,-51.69055
2971457968.75,-51.68741
2971458125.0,-51.7583
2971458281.25,-51.72239
2971458437.5,-51.69836
2971458593.75,-51.757
2971458750.0,-51.72842
2971458906.25,-51.69894
2971459062.5,-51.70618
2971459218.75,-51.68711
2971459375.0,-51.7424
2971459531.25,-51.66013
2971459687.5,-51.72589
2971459843.75,-51.67498
2971460000.0,-51.62824
2971460156.25,-51.75362
2971460312.5,-51.70656
2971460468.75,-51.66718
2971460625.0,-51.70271
2971460781.25,-51.67746
2971460937.5,-51.6438
2971461093.75,-51.69407
2971461250.0,-51.70082
2971461406.25,-51.73037
2971461562.5,-51.65944
2971461718.75,-51.65704
2971461875.0,-51.64645
2971462031.25,-51.68251
2971462187.5,-51.72084
2971462343.75,-51.62654
2971462500.0,-51.67548
2971462656.25,-51.69134
2971462812.5,-51.67029
2971462968.75,-51.71804
2971463125.0,-51.6524
2971463281.25,-51.67773
2971463437.5,-51.73584
2971463593.75,-51.71791
2971463750.0,-51.68504
2971463906.25,-51.7015
2971464062.5,-51.66435
2971464218.75,-51.6208
2971464375.0,-51.65765
2971464531.25,-51.68695
2971464687.5,-51.70399
2971464843.75,-51.66769
2971465000.0,-51.67092
2971465156.25,-51.63628
2971465312.5,-51.61355
2971465468.75,-51.67901
2971465625.0,-51.71571
2971465781.25,-51.66809
2971465937.5,-51.63663
2971466093.75,-51.73308
2971466250.0,-51.66351
2971466406.25,-51.59696
2971466562.5,-51.64903
2971466718.75,-51.7317
2971466875.0,-51.69369
2971467031.25,-51.67241
2971467187.5,-51.68082
2971467343.75,-51.65375
2971467500.0,-51.69573
2971467656.25,-51.68244
2971467812.5,-51.62309
2971467968.75,-51.67923
2971468125.0,-51.76447
2971468281.25,-51.67481
2971468437.5,-51.68229
2971468593.75,-51.66808
2971468750.0,-51.71077
2971468906.25,-51.68688
2971469062.5,-51.66257
2971469218.75,-51.61804
2971469375.0,-51.64442
2971469531.25,-51.6504
2971469687.5,-51.62386
2971469843.75,-51.64574
2971470000.0,-51.6976
2971470156.25,-51.6537
2971470312.5,-51.72793
2971470468.75,-51.7266
2971470625.0,-51.69207
2971470781.25,-51.64801
2971470937.5,-51.65034
2971471093.75,-51.59899
2971471250.0,-51.61764
2971471406.25,-51.68495
2971471562.5,-51.69853
2971471718.75,-51.64429
2971471875.0,-51.67395
2971472031.25,-51.69642
2971472187.5,-51.64658
2971472343.75,-51.60108
2971472500.0,-51.63723
2971472656.25,-51.67751
2971472812.5,-51.62537
2971472968.75,-51.68505
2971473125.0,-51.63979
2971473281.25,-51.63468
2971473437.5,-51.70818
2971473593.75,-51.65985
2971473750.0,-51.64486
2971473906.25,-51.61713
2971474062.5,-51.66761
2971474218.75,-51.66904
2971474375.0,-51.68145
2971474531.25,-51.64421
2971474687.5,-51.66294
2971474843.75,-51.64146
2971475000.0,-51.6739
2971475156.25,-51.64105
2971475312.5,-51.73195
2971475468.75,-51.58723
2971475625.0,-51.63451
2971475781.25,-51.66305
2971475937.5,-51.66517
2971476093.75,-51.61135
2971476250.0,-51.62712
2971476406.25,-51.62635
2971476562.5,-51.62883
2971476718.75,-51.67323
2971476875.0,-51.66502
2971477031.25,-51.62763
2971477187.5,-51.62515
2971477343.75,-51.61277
2971477500.0,-51.64163
2971477656.25,-51.59653
2971477812.5,-51.60754
2971477968.75,-51.59333
2971478125.0,-51.66334
2971478281.25,-51.60372
2971478437.5,-51.65951
2971478593.75,-51.5904
2971478750.0,-51.62491
2971478906.25,-51.58635
2971479062.5,-51.62169
2971479218.75,-51.67983
2971479375.0,-51.61855
2971479531.25,-51.68717
2971479687.5,-51.58886
2971479843.75,-51.71201
2971480000.0,-51.6258
2971480156.25,-51.6304
2971480312.5,-51.65718
2971480468.75,-51.62644
2971480625.0,-51.60429
2971480781.25,-51.59704
2971480937.5,-51.59559
2971481093.75,-51.66349
2971481250.0,-51.65196
2971481406.25,-51.64384
2971481562.5,-51.56673
2971481718.75,-51.58989
2971481875.0,-51.63661
2971482031.25,-51.61376
2971482187.5,-51.68605
2971482343.75,-51.63535
2971482500.0,-51.6641
2971482656.25,-51.65749
2971482812.5,-51.65787
2971482968.75,-51.59134
2971483125.0,-51.55869
2971483281.25,-51.55596
2971483437.5,-51.60763
2971483593.75,-51.63847
2971483750.0,-51.5375
2971483906.25,-51.6475
2971484062.5,-51.58406
2971484218.75,-51.58684
2971484375.0,-51.65369
2971484531.25,-51.61444
2971484687.5,-51.63071
2971484843.75,-51.57858
2971485000.0,-51.53985
2971485156.25,-51.61222
2971485312.5,-51.62159
2971485468.75,-51.60312
2971485625.0,-51.61395
2971485781.25,-51.6313
2971485937.5,-51.62799
2971486093.75,-51.58295
2971486250.0,-51.59844
2971486406.25,-51.62303
2971486562.5,-51.57603
2971486718.75,-51.57167
2971486875.0,-51.61209
2971487031.25,-51.5824
2971487187.5,-51.55224
2971487343.75,-51.58765
2971487500.0,-51.59983
2971487656.25,-51.57507
2971487812.5,-51.56916
2971487968.75,-51.63484
2971488125.0,-51.55619
2971488281.25,-51.55662
2971488437.5,-51.5616
2971488593.75,-51.60949
2971488750.0,-51.54454
2971488906.25,-51.60645
2971489062.5,-51.61355
2971489218.75,-51.53308
2971489375.0,-51.58443
2971489531.25,-51.67938
2971489687.5,-51.48189
2971489843.75,-51.53418
2971490000.0,-51.55773
2971490156.25,-51.54453
2971490312.5,-51.58333
2971490468.75,-51.56476
2971490625.0,-51.61923
2971490781.25,-51.64613
2971490937.5,-51.53354
2971491093.75,-51.62024
2971491250.0,-51.55083
2971491406.25,-51.55005
2971491562.5,-51.57684
2971491718.75,-51.62021
2971491875.0,-51.58914
2971492031.25,-51.52333
2971492187.5,-51.55215
2971492343.75,-51.58729
2971492500.0,-51.57143
2971492656.25,-51.63623
2971492812.5,-51.55302
2971492968.75,-51.60747
2971493125.0,-51.50416
2971493281.25,-51.58325
2971493437.5,-51.56449
2971493593.75,-51.6307
2971493750.0,-51.547
2971493906.25,-51.51382
2971494062.5,-51.57813
2971494218.75,-51.5324
2971494375.0,-51.57716
2971494531.25,-51.55424
2971494687.5,-51.53964
2971494843.75,-51.57477
2971495000.0,-51.56237
2971495156.25,-51.58222
2971495312.5,-51.56841
2971495468.75,-51.5941
2971495625.0,-51.59077
2971495781.25,-51.56277
2971495937.5,-51.53564
2971496093.75,-51.56318
2971496250.0,-51.56535
2971496406.25,-51.61216
2971496562.5,-51.57641
2971496718.75,-51.50557
2971496875.0,-51.52581
2971497031.25,-51.57839
2971497187.5,-51.51474
2971497343.75,-51.51565
2971497500.0,-51.59588
2971497656.25,-51.53075
2971497812.5,-51.53059
2971497968.75,-51.56728
2971498125.0,-51.49968
2971498281.25,-51.52729
2971498437.5,-51.56966
2971498593.75,-51.54692
2971498750.0,-51.56573
2971498906.25,-51.56526
2971499062.5,-51.53737
2971499218.75,-51.54187
2971499375.0,-51.54236
2971499531.25,-51.54095
2971499687.5,-51.57008
2971499843.75,-51.51256
2971500000.0,-51.53996
2971500156.25,-51.50859
2971500312.5,-51.51564
2971500468.75,-51.60336
2971500625.0,-51.54854
2971500781.25,-51.52091
2971500937.5,-51.50172
2971501093.75,-51.51313
2971501250.0,-51.55867
2971501406.25,-51.53666
2971501562.5,-51.54251
2971501718.75,-51.6273
2971501875.0,-51.57353
2971502031.25,-51.53259
2971502187.5,-51.54966
2971502343.75,-51.58252
2971502500.0,-51.53393
2971502656.25,-51.53151
2971502812.5,-51.48326
2971502968.75,-51.49281
2971503125.0,-51.52453
2971503281.25,-51.57188
2971503437.5,-51.563
2971503593.75,-51.51127
2971503750.0,-51.57158
2971503906.25,-51.52652
2971504062.5,-51.51724
2971504218.75,-51.55256
2971504375.0,-51.46831
2971504531.25,-51.53934
2971504687.5,-51.49255
2971504843.75,-51.52114
2971505000.0,-51.49099
2971505156.25,-51.57707
2971505312.5,-51.51
2971505468.75,-51.59779
2971505625.0,-51.51915
2971505781.25,-51.53414
2971505937.5,-51.51297
2971506093.75,-51.53245
2971506250.0,-51.48806
2971506406.25,-51.4973
2971506562.5,-51.54192
2971506718.75,-51.49645
2971506875.0,-51.53146
2971507031.25,-51.43976
2971507187.5,-51.50686
2971507343.75,-51.50307
2971507500.0,-51.4104
2971507656.25,-51.56244
2971507812.5,-51.48598
2971507968.75,-51.52238
2971508125.0,-51.52265
2971508281.25,-51.54281
2971508437.5,-51.53172
2971508593.75,-51.43123
2971508750.0,-51.50879
2971508906.25,-51.49767
2971509062.5,-51.53372
2971509218.75,-51.49955
2971509375.0,-51.5408
2971509531.25,-51.49049
2971509687.5,-51.46915
2971509843.75,-51.55986
2971510000.0,-51.53484
2971510156.25,-51.51993
2971510312.5,-51.44274
2971510468.75,-51.50692
2971510625.0,-51.48666
2971510781.25,-51.5542
2971510937.5,-51.49741
2971511093.75,-51.47866
2971511250.0,-51.51034
2971511406.25,-51.50653
2971511562.5,-51.44172
2971511718.75,-51.50387
2971511875.0,-51.56591
2971512031.25,-51.46327
2971512187.5,-51.50034
2971512343.75,-51.54405
2971512500.0,-51.46573
2971512656.25,-51.50956
2971512812.5,-51.62202
2971512968.75,-51.53298
2971513125.0,-51.49295
2971513281.25,-51.46395
2971513437.5,-51.51371
2971513593.75,-51.51456
2971513750.0,-51.47321
2971513906.25,-51.45884
2971514062.5,-51.47642
2971514218.75,-51.47946
2971514375.0,-51.47588
2971514531.25,-51.52392
2971514687.5,-51.49467
2971514843.75,-51.43487
2971515000.0,-51.43753
2971515156.25,-51.44646
2971515312.5,-51.49846
2971515468.75,-51.48597
2971515625.0,-51.48954
2971515781.25,-51.48123
2971515937.5,-51.45243
2971516093.75,-51.48396
2971516250.0,-51.41537
2971516406.25,-51.48387
2971516562.5,-51.43796
2971516718.75,-51.51216
2971516875.0,-51.47444
2971517031.25,-51.53426
2971517187.5,-51.51073
2971517343.75,-51.48044
2971517500.0,-51.47641
2971517656.25,-51.49847
2971517812.5,-51.50686
2971517968.75,-51.51097
2971518125.0,-51.43695
2971518281.25,-51.45696
2971518437.5,-51.44283
2971518593.75,-51.45632
2971518750.0,-51.46811
2971518906.25,-51.44176
2971519062.5,-51.41343
2971519218.75,-51.56465
2971519375.0,-51.48434
2971519531.25,-51.45021
2971519687.5,-51.46526
2971519843.75,-51.50573
2971520000.0,-51.47953
2971520156.25,-51.45378
2971520312.5,-51.48943
2971520468.75,-51.45926
2971520625.0,-51.34205
2971520781.25,-51.45624
2971520937.5,-51.42991
2971521093.75,-51.49282
2971521250.0,-51.52355
2971521406.25,-51.47081
2971521562.5,-51.48542
2971521718.75,-51.45272
2971521875.0,-51.43233
2971522031.25,-51.44874
2971522187.5,-51.50424
2971522343.75,-51.44736
2971522500.0,-51.4562
2971522656.25,-51.4416
2971522812.5,-51.46819
2971522968.75,-51.37182
2971523125.0,-51.38198
2971523281.25,-51.42359
2971523437.5,-51.45164
2971523593.75,-51.48943
2971523750.0,-51.39137
2971523906.25,-51.49394
2971524062.5,-51.45253
2971524218.75,-51.45583
2971524375.0,-51.48677
2971524531.25,-51.43397
2971524687.5,-51.45085
2971524843.75,-51.35394
2971525000.0,-51.49253
2971525156.25,-51.47869
2971525312.5,-51.43674
2971525468.75,-51.40639
2971525625.0,-51.41784
2971525781.25,-51.40255
2971525937.5,-51.46239
2971526093.75,-51.495
2971526250.0,-51.51137
2971526406.25,-51.46458
2971526562.5,-51.39901
2971526718.75,-51.38907
2971526875.0,-51.41416
2971527031.25,-51.44175
2971527187.5,-51.45906
2971527343.75,-51.41576
2971527500.0,-51.49981
2971527656.25,-51.37078
2971527812.5,-51.41732
2971527968.75,-51.49619
2971528125.0,-51.45135
2971528281.25,-51.39651
2971528437.5,-51.42904
2971528593.75,-51.46691
2971528750.0,-51.43414
2971528906.25,-51.48442
2971529062.5,-51.42881
2971529218.75,-51.4239
2971529375.0,-51.38589
2971529531.25,-51.40858
2971529687.5,-51.40042
2971529843.75,-51.42285
2971530000.0,-51.41883
2971530156.25,-51.40156
2971530312.5,-51.39809
2971530468.75,-51.4145
2971530625.0,-51.35761
2971530781.25,-51.39028
2971530937.5,-51.3689
2971531093.75,-51.43147
2971531250.0,-51.38804
2971531406.25,-51.38941
2971531562.5,-51.4114
2971531718.75,-51.40585
2971531875.0,-51.43606
2971532031.25,-51.42908
2971532187.5,-51.409
2971532343.75,-51.46395
2971532500.0,-51.42057
2971532656.25,-51.39643
2971532812.5,-51.38961
2971532968.75,-51.43325
2971533125.0,-51.39913
2971533281.25,-51.44381
2971533437.5,-51.33681
2971533593.75,-51.35286
2971533750.0,-51.35216
2971533906.25,-51.34543
2971534062.5,-51.36486
2971534218.75,-51.47332
2971534375.0,-51.39456
2971534531.25,-51.33336
2971534687.5,-51.35356
2971534843.75,-51.40224
2971535000.0,-51.39989
2971535156.25,-51.42192
2971535312.5,-51.3706
2971535468.75,-51.41562
2971535625.0,-51.43028
2971535781.25,-51.47936
2971535937.5,-51.34348
2971536093.75,-51.46251
2971536250.0,-51.37247
2971536406.25,-51.40502
2971536562.5,-51.35998
2971536718.75,-51.39056
2971536875.0,-51.38726
2971537031.25,-51.33725
2971537187.5,-51.37054
2971537343.75,-51.38757
2971537500.0,-51.40615
2971537656.25,-51.33696
2971537812.5,-51.37353
2971537968.75,-51.39309
2971538125.0,-51.35272
2971538281.25,-51.36602
2971538437.5,-51.44172
2971538593.75,-51.36079
2971538750.0,-51.39217
2971538906.25,-51.34165
2971539062.5,-51.44054
2971539218.75,-51.42943
2971539375.0,-51.36383
2971539531.25,-51.37239
2971539687.5,-51.32859
2971539843.75,-51.35302
2971540000.0,-51.40883
2971540156.25,-51.3808
2971540312.5,-51.38795
2971540468.75,-51.36443
2971540625.0,-51.41293
2971540781.25,-51.35133
2971540937.5,-51.36505
2971541093.75,-51.41687
2971541250.0,-51.31176
2971541406.25,-51.39053
2971541562.5,-51.38631
2971541718.75,-51.34106
2971541875.0,-51.3338
2971542031.25,-51.409
2971542187.5,-51.40562
2971542343.75,-51.35425
2971542500.0,-51.39351
2971542656.25,-51.41475
2971542812.5,-51.31942
2971542968.75,-51.3934
2971543125.0,-51.41042
2971543281.25,-51.34831
2971543437.5,-51.4155
2971543593.75,-51.32721
2971543750.0,-51.34854
2971543906.25,-51.41761
2971544062.5,-51.31876
2971544218.75,-51.34732
2971544375.0,-51.32367
2971544531.25,-51.3314
2971544687.5,-51.38129
2971544843.75,-51.32903
2971545000.0,-51.36286
2971545156.25,-51.30096
2971545312.5,-51.34941
2971545468.75,-51.36324
2971545625.0,-51.34935
2971545781.25,-51.36106
2971545937.5,-51.33451
2971546093.75,-51.30885
2971546250.0,-51.35427
2971546406.25,-51.34316
2971546562.5,-51.32957
2971546718.75,-51.33086
2971546875.0,-51.41061
2971547031.25,-51.32745
2971547187.5,-51.32932
2971547343.75,-51.35831
2971547500.0,-51.34454
2971547656.25,-51.34204
2971547812.5,-51.33752
2971547968.75,-51.33173
2971548125.0,-51.33994
2971548281.25,-51.29444
2971548437.5,-51.3542
2971548593.75,-51.33472
2971548750.0,-51.38511
2971548906.25,-51.31151
2971549062.5,-51.39413
2971549218.75,-51.30017
2971549375.0,-51.30759
2971549531.25,-51.31707
2971549687.5,-51.34042
2971549843.75,-51.31203
2971550000.0,-51.38942
2971550156.25,-51.36161
2971550312.5,-51.27607
2971550468.75,-51.30448
2971550625.0,-51.36779
2971550781.25,-51.34769
2971550937.5,-51.3311
2971551093.75,-51.37494
2971551250.0,-51.30392
2971551406.25,-51.28066
2971551562.5,-51.24515
2971551718.75,-51.31361
2971551875.0,-51.30457
2971552031.25,-51.28745
2971552187.5,-51.3188
2971552343.75,-51.28928
2971552500.0,-51.35702
2971552656.25,-51.31262
2971552812.5,-51.2818
2971552968.75,-51.36161
2971553125.0,-51.32521
2971553281.25,-51.40487
2971553437.5,-51.36568
2971553593.75,-51.26171
2971553750.0,-51.28484
2971553906.25,-51.33807
2971554062.5,-51.29522
2971554218.75,-51.29377
2971554375.0,-51.32218
2971554531.25,-51.32806
2971554687.5,-51.32029
2971554843.75,-51.35949
2971555000.0,-51.26751
2971555156.25,-51.31161
2971555312.5,-51.27318
2971555468.75,-51.32619
2971555625.0,-51.29725
2971555781.25,-51.24894
2971555937.5,-51.33088
2971556093.75,-51.31034
2971556250.0,-51.29198
2971556406.25,-51.34861
2971556562.5,-51.31398
2971556718.75,-51.3736
2971556875.0,-51.28794
2971557031.25,-51.3209
2971557187.5,-51.36163
2971557343.75,-51.28283
2971557500.0,-51.24808
2971557656.25,-51.36651
2971557812.5,-51.29154
2971557968.75,-51.36406
2971558125.0,-51.25291
2971558281.25,-51.30296
2971558437.5,-51.32081
2971558593.75,-51.26387
2971558750.0,-51.30174
2971558906.25,-51.33773
2971559062.5,-51.31347
2971559218.75,-51.31906
2971559375.0,-51.30295
2971559531.25,-51.30729
2971559687.5,-51.26443
2971559843.75,-51.30118
2971560000.0,-51.3162
2971560156.25,-51.31564
2971560312.5,-51.28144
2971560468.75,-51.25587
2971560625.0,-51.27224
2971560781.25,-51.26728
2971560937.5,-51.29766
2971561093.75,-51.3471
2971561250.0,-51.26718
2971561406.25,-51.29408
2971561562.5,-51.26024
2971561718.75,-51.25361
2971561875.0,-51.3075
2971562031.25,-51.32321
2971562187.5,-51.29193
2971562343.75,-51.2741
2971562500.0,-51.29889
2971562656.25,-51.29737
2971562812.5,-51.30849
2971562968.75,-51.27393
2971563125.0,-51.31758
2971563281.25,-51.24538
2971563437.5,-51.28357
2971563593.75,-51.25037
2971563750.0,-51.31184
2971563906.25,-51.24662
2971564062.5,-51.29138
2971564218.75,-51.29036
2971564375.0,-51.27691
2971564531.25,-51.26875
2971564687.5,-51.2605
2971564843.75,-51.29654
2971565000.0,-51.21744
2971565156.25,-51.26105
2971565312.5,-51.26789
2971565468.75,-51.25846
2971565625.0,-51.21349
2971565781.25,-51.23219
2971565937.5,-51.19686
2971566093.75,-51.30331
2971566250.0,-51.28774
2971566406.25,-51.25988
2971566562.5,-51.30994
2971566718.75,-51.26803
2971566875.0,-51.29641
2971567031.25,-51.27111
2971567187.5,-51.21398
2971567343.75,-51.33134
2971567500.0,-51.20896
2971567656.25,-51.26048
2971567812.5,-51.22306
2971567968.75,-51.25108
2971568125.0,-51.20926
2971568281.25,-51.30882
2971568437.5,-51.22254
2971568593.75,-51.25062
2971568750.0,-51.248
2971568906.25,-51.19183
2971569062.5,-51.21682
2971569218.75,-51.23151
2971569375.0,-51.24139
2971569531.25,-51.25978
2971569687.5,-51.28219
2971569843.75,-51.19718
2971570000.0,-51.2244
2971570156.25,-51.28424
2971570312.5,-51.29674
2971570468.75,-51.24714
2971570625.0,-51.27561
2971570781.25,-51.22255
2971570937.5,-51.23252
2971571093.75,-51.29784
2971571250.0,-51.22665
2971571406.25,-51.25264
2971571562.5,-51.2294
2971571718.75,-51.2445
2971571875.0,-51.22593
2971572031.25,-51.25529
2971572187.5,-51.20788
2971572343.75,-51.24064
2971572500.0,-51.21502
2971572656.25,-51.23726
2971572812.5,-51.19077
2971572968.75,-51.19993
2971573125.0,-51.25245
2971573281.25,-51.28587
2971573437.5,-51.26769
2971573593.75,-51.23875
2971573750.0,-51.27215
2971573906.25,-51.19341
2971574062.5,-51.21128
2971574218.75,-51.19036
2971574375.0,-51.21122
2971574531.25,-51.23726
2971574687.5,-51.18019
2971574843.75,-51.28679
2971575000.0,-51.19924
2971575156.25,-51.25096
2971575312.5,-51.22909
2971575468.75,-51.23322
2971575625.0,-51.21084
2971575781.25,-51.24804
2971575937.5,-51.17064
2971576093.75,-51.24102
2971576250.0,-51.19439
2971576406.25,-51.26124
2971576562.5,-51.25754
2971576718.75,-51.24149
2971576875.0,-51.18951
2971577031.25,-51.22159
2971577187.5,-51.27686
2971577343.75,-51.18995
2971577500.0,-51.24846
2971577656.25,-51.22493
2971577812.5,-51.21246
2971577968.75,-51.23795
2971578125.0,-51.21969
2971578281.25,-51.15046
2971578437.5,-51.27519
2971578593.75,-51.18244
2971578750.0,-51.21086
2971578906.25,-51.21974
2971579062.5,-51.19144
2971579218.75,-51.23399
2971579375.0,-51.21152
2971579531.25,-51.23008
2971579687.5,-51.23801
2971579843.75,-51.17905
2971580000.0,-51.18309
2971580156.25,-51.22821
2971580312.5,-51.23898
2971580468.75,-51.16362
2971580625.0,-51.19946
2971580781.25,-51.2077
2971580937.5,-51.18065
2971581093.75,-51.15415
2971581250.0,-51.27268
2971581406.25,-51.20303
2971581562.5,-51.22846
2971581718.75,-51.14593
2971581875.0,-51.15175
2971582031.25,-51.2237
2971582187.5,-51.17701
2971582343.75,-51.17547
2971582500.0,-51.18692
2971582656.25,-51.21028
2971582812.5,-51.18416
2971582968.75,-51.20494
2971583125.0,-51.15677
2971583281.25,-51.22737
2971583437.5,-51.18481
2971583593.75,-51.194
2971583750.0,-51.15029
2971583906.25,-51.20952
2971584062.5,-51.19646
2971584218.75,-51.21959
2971584375.0,-51.18929
2971584531.25,-51.21862
2971584687.5,-51.2076
2971584843.75,-51.25657
2971585000.0,-51.18213
2971585156.25,-51.22102
2971585312.5,-51.20705
2971585468.75,-51.17047
2971585625.0,-51.18314
2971585781.25,-51.1801
2971585937.5,-51.15934
2971586093.75,-51.18669
2971586250.0,-51.12386
2971586406.25,-51.17746
2971586562.5,-51.21972
2971586718.75,-51.20337
2971586875.0,-51.14355
2971587031.25,-51.19985
2971587187.5,-51.20763
2971587343.75,-51.15871
2971587500.0,-51.1442
2971587656.25,-51.15406
2971587812.5,-51.18936
2971587968.75,-51.19577
2971588125.0,-51.10117
2971588281.25,-51.1784
2971588437.5,-51.0988
2971588593.75,-51.1079
2971588750.0,-51.14985
2971588906.25,-51.23508
2971589062.5,-51.16005
2971589218.75,-51.17667
2971589375.0,-51.22548
2971589531.25,-51.22269
2971589687.5,-51.1833
2971589843.75,-51.19421
2971590000.0,-51.16872
2971590156.25,-51.10388
2971590312.5,-51.16035
2971590468.75,-51.16911
2971590625.0,-51.13601
2971590781.25,-51.10274
2971590937.5,-51.15887
2971591093.75,-51.2029
2971591250.0,-51.18327
2971591406.25,-51.10296
2971591562.5,-51.15311
2971591718.75,-51.19186
2971591875.0,-51.13132
2971592031.25,-51.10244
2971592187.5,-51.18198
2971592343.75,-51.13749
2971592500.0,-51.1335
2971592656.25,-51.15933
2971592812.5,-51.16483
2971592968.75,-51.16299
2971593125.0,-51.09641
2971593281.25,-51.16291
2971593437.5,-51.10629
2971593593.75,-51.13114
2971593750.0,-51.1029
2971593906.25,-51.19649
2971594062.5,-51.17307
2971594218.75,-51.10371
2971594375.0,-51.11239
2971594531.25,-51.20464
2971594687.5,-51.16229
2971594843.75,-51.14447
2971595000.0,-51.13856
2971595156.25,-51.10471
2971595312.5,-51.14662
2971595468.75,-51.12488
2971595625.0,-51.14998
2971595781.25,-51.18195
2971595937.5,-51.12694
2971596093.75,-51.14634
2971596250.0,-51.11465
2971596406.25,-51.14562
2971596562.5,-51.13238
2971596718.75,-51.18992
2971596875.0,-51.09664
2971597031.25,-51.17115
2971597187.5,-51.13366
2971597343.75,-51.16663
2971597500.0,-51.13927
2971597656.25,-51.11178
2971597812.5,-51.11568
2971597968.75,-51.19613
2971598125.0,-51.13242
2971598281.25,-51.16251
2971598437.5,-51.11662
2971598593.75,-51.13079
2971598750.0,-51.09995
2971598906.25,-51.10027
2971599062.5,-51.07109
2971599218.75,-51.1088
2971599375.0,-51.14064
2971599531.25,-51.10954
2971599687.5,-51.07696
2971599843.75,-51.1386
2971600000.0,-51.10302
2971600156.25,-51.15556
2971600312.5,-51.1962
2971600468.75,-51.0821
2971600625.0,-51.07699
2971600781.25,-51.06232
2971600937.5,-51.18213
2971601093.75,-51.06594
2971601250.0,-51.06321
2971601406.25,-51.1012
2971601562.5,-51.20784
2971601718.75,-51.15729
2971601875.0,-51.07791
2971602031.25,-51.10878
2971602187.5,-51.09135
2971602343.75,-51.10447
2971602500.0,-51.08907
2971602656.25,-51.08627
2971602812.5,-51.15685
2971602968.75,-51.05681
2971603125.0,-51.10708
2971603281.25,-51.16324
2971603437.5,-51.13549
2971603593.75,-51.12434
2971603750.0,-51.07428
2971603906.25,-51.06439
2971604062.5,-51.06863
2971604218.75,-51.07386
2971604375.0,-51.13417
2971604531.25,-51.13861
2971604687.5,-51.06589
2971604843.75,-51.12466
2971605000.0,-51.11072
2971605156.25,-51.09962
2971605312.5,-51.10344
2971605468.75,-51.06982
2971605625.0,-51.06271
2971605781.25,-51.14691
2971605937.5,-51.13138
2971606093.75,-51.11272
2971606250.0,-51.09465
2971606406.25,-51.12691
2971606562.5,-51.12743
2971606718.75,-51.12318
2971606875.0,-51.03931
2971607031.25,-51.04642
2971607187.5,-51.08558
2971607343.75,-51.07298
2971607500.0,-51.06357
2971607656.25,-51.05705
2971607812.5,-51.0499
2971607968.75,-51.07691
2971608125.0,-51.11475
2971608281.25,-51.051
2971608437.5,-51.07383
2971608593.75,-50.98052
2971608750.0,-51.09461
2971608906.25,-51.0583
2971609062.5,-51.12068
2971609218.75,-51.0871
2971609375.0,-51.06977
2971609531.25,-51.05301
2971609687.5,-51.01495
2971609843.75,-51.06914
2971610000.0,-51.07561
2971610156.25,-51.10889
2971610312.5,-51.00674
2971610468.75,-51.11092
2971610625.0,-51.09179
2971610781.25,-51.09074
2971610937.5,-51.01857
2971611093.75,-51.01649
2971611250.0,-51.04132
2971611406.25,-51.09494
2971611562.5,-51.06174
2971611718.75,-51.01297
2971611875.0,-51.02249
2971612031.25,-51.0617
2971612187.5,-51.09623
2971612343.75,-51.06366
2971612500.0,-51.08765
2971612656.25,-51.07148
2971612812.5,-51.07324
2971612968.75,-51.08887
2971613125.0,-51.05702
2971613281.25,-50.97408
2971613437.5,-51.06248
2971613593.75,-51.04699
2971613750.0,-51.03008
2971613906.25,-51.11638
2971614062.5,-51.04645
2971614218.75,-51.05483
2971614375.0,-51.02698
2971614531.25,-51.08123
2971614687.5,-51.02547
2971614843.75,-51.1181
2971615000.0,-51.01493
2971615156.25,-51.09904
2971615312.5,-51.05905
2971615468.75,-51.03029
2971615625.0,-51.0404
2971615781.25,-51.02814
2971615937.5,-51.0385
2971616093.75,-51.04689
2971616250.0,-51.07411
2971616406.25,-51.03198
2971616562.5,-51.06709
2971616718.75,-51.04776
2971616875.0,-51.0409
2971617031.25,-51.08079
2971617187.5,-50.99247
2971617343.75,-51.05752
2971617500.0,-51.0371
2971617656.25,-51.08115
2971617812.5,-51.02625
2971617968.75,-50.98584
2971618125.0,-51.03885
2971618281.25,-51.05708
2971618437.5,-51.0291
2971618593.75,-51.0486
2971618750.0,-51.04057
2971618906.25,-51.02992
2971619062.5,-51.0382
2971619218.75,-51.07685
2971619375.0,-51.01287
2971619531.25,-51.03342
2971619687.5,-51.02536
2971619843.75,-51.05424
2971620000.0,-50.98192
2971620156.25,-50.98126
2971620312.5,-51.02779
2971620468.75,-51.02969
2971620625.0,-51.087
2971620781.25,-51.03534
2971620937.5,-51.06066
2971621093.75,-50.99446
2971621250.0,-51.00915
2971621406.25,-50.996
2971621562.5,-51.03223
2971621718.75,-51.02499
2971621875.0,-51.01572
2971622031.25,-50.9944
2971622187.5,-51.03737
2971622343.75,-51.01384
2971622500.0,-50.98927
2971622656.25,-51.01411
2971622812.5,-51.00728
2971622968.75,-51.12428
2971623125.0,-51.04393
2971623281.25,-51.04191
2971623437.5,-51.03031
2971623593.75,-51.03225
2971623750.0,-51.00019
2971623906.25,-50.99143
2971624062.5,-51.02396
2971624218.75,-51.0261
2971624375.0,-51.05579
2971624531.25,-51.01518
2971624687.5,-51.06034
2971624843.75,-50.99439
2971625000.0,-50.94858
2971625156.25,-51.00141
2971625312.5,-50.98784
2971625468.75,-51.08454
2971625625.0,-50.98567
2971625781.25,-50.98614
2971625937.5,-51.02526
2971626093.75,-50.98316
2971626250.0,-50.97762
2971626406.25,-50.95873
2971626562.5,-50.95304
2971626718.75,-50.97738
2971626875.0,-50.97727
2971627031.25,-51.04271
2971627187.5,-50.98571
2971627343.75,-50.96951
2971627500.0,-51.01649
2971627656.25,-50.97939
2971627812.5,-51.06669
2971627968.75,-51.01491
2971628125.0,-50.96165
2971628281.25,-50.95696
2971628437.5,-51.01208
2971628593.75,-50.97478
2971628750.0,-50.98215
2971628906.25,-51.03372
2971629062.5,-50.956
2971629218.75,-50.94224
2971629375.0,-51.04916
2971629531.25,-50.9752
2971629687.5,-50.9491
2971629843.75,-51.00189
2971630000.0,-50.9766
2971630156.25,-51.07618
2971630312.5,-50.95487
2971630468.75,-50.98925
2971630625.0,-51.0405
2971630781.25,-51.03067
2971630937.5,-50.98487
2971631093.75,-50.99703
2971631250.0,-50.98215
2971631406.25,-50.95862
2971631562.5,-51.02953
2971631718.75,-50.9727
2971631875.0,-51.01265
2971632031.25,-50.9618
2971632187.5,-50.94011
2971632343.75,-50.9163
2971632500.0,-51.01315
2971632656.25,-50.96764
2971632812.5,-51.02045
2971632968.75,-51.03999
2971633125.0,-50.96696
2971633281.25,-51.01366
2971633437.5,-50.93933
2971633593.75,-50.93752
2971633750.0,-50.98114
2971633906.25,-50.95096
2971634062.5,-51.02874
2971634218.75,-50.99712
2971634375.0,-51.01476
2971634531.25,-50.95515
2971634687.5,-50.88421
2971634843.75,-50.95916
2971635000.0,-50.97321
2971635156.25,-51.01331
2971635312.5,-50.91812
2971635468.75,-50.99541
2971635625.0,-50.96055
2971635781.25,-50.93335
2971635937.5,-50.99261
2971636093.75,-50.97473
2971636250.0,-50.98546
2971636406.25,-50.91548
2971636562.5,-51.0213
2971636718.75,-50.97239
2971636875.0,-50.96368
2971637031.25,-50.97339
2971637187.5,-50.94876
2971637343.75,-50.93032
2971637500.0,-50.94706
2971637656.25,-50.95214
2971637812.5,-50.99991
2971637968.75,-50.99265
2971638125.0,-50.88489
2971638281.25,-50.98587
2971638437.5,-50.92552
2971638593.75,-51.00868
2971638750.0,-50.91931
2971638906.25,-50.99078
2971639062.5,-50.9346
2971639218.75,-50.96098
2971639375.0,-50.95112
2971639531.25,-50.99683
2971639687.5,-50.9558
2971639843.75,-50.98409
2971640000.0,-50.92242
2971640156.25,-50.94556
2971640312.5,-51.02542
2971640468.75,-51.01365
2971640625.0,-50.903
2971640781.25,-50.92023
2971640937.5,-50.86588
2971641093.75,-50.94184
2971641250.0,-50.90839
2971641406.25,-50.9656
2971641562.5,-50.90361
2971641718.75,-50.93462
2971641875.0,-50.87125
2971642031.25,-50.94491
2971642187.5,-50.93493
2971642343.75,-50.94262
2971642500.0,-50.948
2971642656.25,-50.87366
2971642812.5,-50.92267
2971642968.75,-50.90194
2971643125.0,-51.00474
2971643281.25,-50.92991
2971643437.5,-50.96663
2971643593.75,-50.94773
2971643750.0,-50.92179
2971643906.25,-50.86114
2971644062.5,-50.88278
2971644218.75,-50.88909
2971644375.0,-50.98308
2971644531.25,-50.90791
2971644687.5,-50.95271
2971644843.75,-50.91653
2971645000.0,-50.93859
2971645156.25,-50.90881
2971645312.5,-50.96716
2971645468.75,-50.96025
2971645625.0,-50.92863
2971645781.25,-50.93314
2971645937.5,-50.9769
2971646093.75,-50.93408
2971646250.0,-50.95325
2971646406.25,-50.89128
2971646562.5,-50.93454
2971646718.75,-50.91668
2971646875.0,-50.92784
2971647031.25,-50.90007
2971647187.5,-50.90768
2971647343.75,-50.95938
2971647500.0,-50.90736
2971647656.25,-50.87605
2971647812.5,-50.90162
2971647968.75,-50.88549
2971648125.0,-50.93052
2971648281.25,-50.89343
2971648437.5,-50.93235
2971648593.75,-50.90974
2971648750.0,-50.93321
2971648906.25,-50.91175
2971649062.5,-50.88728
2971649218.75,-50.91792
2971649375.0,-50.92506
2971649531.25,-50.88946
2971649687.5,-50.86969
2971649843.75,-50.90153
2971650000.0,-50.96452
2971650156.25,-50.87996
2971650312.5,-50.87338
2971650468.75,-50.88639
2971650625.0,-50.88502
2971650781.25,-50.88464
2971650937.5,-50.93827
2971651093.75,-50.87521
2971651250.0,-50.88425
2971651406.25,-50.89824
2971651562.5,-50.89016
2971651718.75,-50.87421
2971651875.0,-50.94881
2971652031.25,-50.95732
2971652187.5,-50.91209
2971652343.75,-50.94674
2971652500.0,-50.88139
2971652656.25,-50.83945
2971652812.5,-50.98954
2971652968.75,-50.93144
2971653125.0,-50.93013
2971653281.25,-50.84512
2971653437.5,-50.84972
2971653593.75,-50.89957
2971653750.0,-50.89964
2971653906.25,-50.80832
2971654062.5,-50.8932
2971654218.75,-50.87845
2971654375.0,-50.88957
2971654531.25,-50.83718
2971654687.5,-50.91132
2971654843.75,-50.83555
2971655000.0,-50.90538
2971655156.25,-50.86362
2971655312.5,-50.84404
2971655468.75,-50.8308
2971655625.0,-50.85821
2971655781.25,-50.85188
2971655937.5,-50.90327
2971656093.75,-50.91379
2971656250.0,-50.97702
2971656406.25,-50.89351
2971656562.5,-50.93055
2971656718.75,-50.89337
2971656875.0,-50.82645
2971657031.25,-50.91171
2971657187.5,-50.80753
2971657343.75,-50.85724
2971657500.0,-50.89613
2971657656.25,-50.89496
2971657812.5,-50.79222
2971657968.75,-50.8621
2971658125.0,-50.90124
2971658281.25,-50.89955
2971658437.5,-50.82972
2971658593.75,-50.89219
2971658750.0,-50.80006
2971658906.25,-50.82288
2971659062.5,-50.86918
2971659218.75,-50.85177
2971659375.0,-50.8519
2971659531.25,-50.85643
2971659687.5,-50.83889
2971659843.75,-50.85482
2971660000.0,-50.79269
2971660156.25,-50.83323
2971660312.5,-50.89076
2971660468.75,-50.87572
2971660625.0,-50.86267
2971660781.25,-50.85562
2971660937.5,-50.84992
2971661093.75,-50.85826
2971661250.0,-50.82641
2971661406.25,-50.86576
2971661562.5,-50.8368
2971661718.75,-50.85096
2971661875.0,-50.84706
2971662031.25,-50.88279
2971662187.5,-50.8625
2971662343.75,-50.83979
2971662500.0,-50.87221
2971662656.25,-50.87414
2971662812.5,-50.76313
2971662968.75,-50.83315
2971663125.0,-50.84109
2971663281.25,-50.8832
2971663437.5,-50.86378
2971663593.75,-50.85498
2971663750.0,-50.84514
2971663906.25,-50.78966
2971664062.5,-50.87297
2971664218.75,-50.795
2971664375.0,-50.83268
2971664531.25,-50.84777
2971664687.5,-50.84196
2971664843.75,-50.82922
2971665000.0,-50.84489
2971665156.25,-50.79256
2971665312.5,-50.81007
2971665468.75,-50.80012
2971665625.0,-50.88839
2971665781.25,-50.80985
2971665937.5,-50.84803
2971666093.75,-50.81924
2971666250.0,-50.82039
2971666406.25,-50.82294
2971666562.5,-50.8155
2971666718.75,-50.85794
2971666875.0,-50.80323
2971667031.25,-50.86942
2971667187.5,-50.85895
2971667343.75,-50.87504
2971667500.0,-50.86155
2971667656.25,-50.8026
2971667812.5,-50.81879
2971667968.75,-50.74967
2971668125.0,-50.83673
2971668281.25,-50.8216
2971668437.5,-50.80441
2971668593.75,-50.81998
2971668750.0,-50.74685
2971668906.25,-50.82134
2971669062.5,-50.79045
2971669218.75,-50.83856
2971669375.0,-50.83207
2971669531.25,-50.82157
2971669687.5,-50.81403
2971669843.75,-50.80297
2971670000.0,-50.81224
2971670156.25,-50.88849
2971670312.5,-50.79706
2971670468.75,-50.79458
2971670625.0,-50.80959
2971670781.25,-50.80193
2971670937.5,-50.84599
2971671093.75,-50.82254
2971671250.0,-50.75147
2971671406.25,-50.79037
2971671562.5,-50.84459
2971671718.75,-50.79197
2971671875.0,-50.82611
2971672031.25,-50.79612
2971672187.5,-50.80527
2971672343.75,-50.84251
2971672500.0,-50.82364
2971672656.25,-50.8158
2971672812.5,-50.76653
2971672968.75,-50.83907
2971673125.0,-50.73452
2971673281.25,-50.7703
2971673437.5,-50.79135
2971673593.75,-50.85365
2971673750.0,-50.82397
2971673906.25,-50.76863
2971674062.5,-50.76405
2971674218.75,-50.8141
2971674375.0,-50.78535
2971674531.25,-50.82727
2971674687.5,-50.74636
2971674843.75,-50.83442
2971675000.0,-50.80517
2971675156.25,-50.78422
2971675312.5,-50.79631
2971675468.75,-50.76081
2971675625.0,-50.74337
2971675781.25,-50.77967
2971675937.5,-50.75112
2971676093.75,-50.78978
2971676250.0,-50.79686
2971676406.25,-50.75952
2971676562.5,-50.81306
2971676718.75,-50.82038
2971676875.0,-50.73153
2971677031.25,-50.76791
2971677187.5,-50.7109
2971677343.75,-50.74518
2971677500.0,-50.77352
2971677656.25,-50.717
2971677812.5,-50.80334
2971677968.75,-50.75778
2971678125.0,-50.7855
2971678281.25,-50.73637
2971678437.5,-50.78263
2971678593.75,-50.73896
2971678750.0,-50.78645
2971678906.25,-50.79054
2971679062.5,-50.78487
2971679218.75,-50.7355
2971679375.0,-50.7631
2971679531.25,-50.82246
2971679687.5,-50.7668
2971679843.75,-50.7889
2971680000.0,-50.72279
2971680156.25,-50.73541
2971680312.5,-50.77776
2971680468.75,-50.73276
2971680625.0,-50.70914
2971680781.25,-50.7309
2971680937.5,-50.74522
2971681093.75,-50.76826
2971681250.0,-50.73986
2971681406.25,-50.74747
2971681562.5,-50.75602
2971681718.75,-50.74073
2971681875.0,-50.72213
2971682031.25,-50.7263
2971682187.5,-50.72398
2971682343.75,-50.74665
2971682500.0,-50.78269
2971682656.25,-50.7307
2971682812.5,-50.76187
2971682968.75,-50.73601
2971683125.0,-50.72652
2971683281.25,-50.72183
2971683437.5,-50.78214
2971683593.75,-50.74865
2971683750.0,-50.73374
2971683906.25,-50.7338
2971684062.5,-50.71881
2971684218.75,-50.69342
2971684375.0,-50.68733
2971684531.25,-50.7297
2971684687.5,-50.79169
2971684843.75,-50.69765
2971685000.0,-50.74677
2971685156.25,-50.7757
2971685312.5,-50.72515
2971685468.75,-50.72335
2971685625.0,-50.76514
2971685781.25,-50.68977
2971685937.5,-50.77752
2971686093.75,-50.71652
2971686250.0,-50.75279
2971686406.25,-50.71114
2971686562.5,-50.76968
2971686718.75,-50.76392
2971686875.0,-50.7746
2971687031.25,-50.70824
2971687187.5,-50.75343
2971687343.75,-50.76893
2971687500.0,-50.71671
2971687656.25,-50.74271
2971687812.5,-50.71887
2971687968.75,-50.76014
2971688125.0,-50.68216
2971688281.25,-50.72834
2971688437.5,-50.70257
2971688593.75,-50.73287
2971688750.0,-50.67957
2971688906.25,-50.72532
2971689062.5,-50.72668
2971689218.75,-50.707
2971689375.0,-50.74439
2971689531.25,-50.72812
2971689687.5,-50.71495
2971689843.75,-50.73465
2971690000.0,-50.72694
2971690156.25,-50.70504
2971690312.5,-50.71481
2971690468.75,-50.72277
2971690625.0,-50.68651
2971690781.25,-50.73454
2971690937.5,-50.72942
2971691093.75,-50.72257
2971691250.0,-50.71754
2971691406.25,-50.735
2971691562.5,-50.79763
2971691718.75,-50.70996
2971691875.0,-50.7001
2971692031.25,-50.72178
2971692187.5,-50.73872
2971692343.75,-50.70018
2971692500.0,-50.72854
2971692656.25,-50.68493
2971692812.5,-50.68565
2971692968.75,-50.71535
2971693125.0,-50.68645
2971693281.25,-50.72231
2971693437.5,-50.70387
2971693593.75,-50.74474
2971693750.0,-50.70807
2971693906.25,-50.68884
2971694062.5,-50.70071
2971694218.75,-50.71779
2971694375.0,-50.73106
2971694531.25,-50.74882
2971694687.5,-50.68657
2971694843.75,-50.75121
2971695000.0,-50.73475
2971695156.25,-50.71338
2971695312.5,-50.75166
2971695468.75,-50.75991
2971695625.0,-50.7533
2971695781.25,-50.75016
2971695937.5,-50.67295
2971696093.75,-50.64843
2971696250.0,-50.69156
2971696406.25,-50.68455
2971696562.5,-50.68735
2971696718.75,-50.71839
2971696875.0,-50.62598
2971697031.25,-50.72125
2971697187.5,-50.68833
2971697343.75,-50.70517
2971697500.0,-50.65321
2971697656.25,-50.67631
2971697812.5,-50.62086
2971697968.75,-50.69936
2971698125.0,-50.65166
2971698281.25,-50.74017
2971698437.5,-50.63622
2971698593.75,-50.66161
2971698750.0,-50.64724
2971698906.25,-50.73237
2971699062.5,-50.69077
2971699218.75,-50.61077
2971699375.0,-50.65077
2971699531.25,-50.6874
2971699687.5,-50.73912
2971699843.75,-50.65075
2971700000.0,-50.69833
2971700156.25,-50.70292
2971700312.5,-50.6698
2971700468.75,-50.65858
2971700625.0,-50.64195
2971700781.25,-50.65771
2971700937.5,-50.6547
2971701093.75,-50.78513
2971701250.0,-50.62927
2971701406.25,-50.64047
2971701562.5,-50.6491
2971701718.75,-50.65317
2971701875.0,-50.70377
2971702031.25,-50.66794
2971702187.5,-50.59546
2971702343.75,-50.6822
2971702500.0,-50.70139
2971702656.25,-50.6414
2971702812.5,-50.64858
2971702968.75,-50.68491
2971703125.0,-50.6695
2971703281.25,-50.72259
2971703437.5,-50.65149
2971703593.75,-50.62519
2971703750.0,-50.66904
2971703906.25,-50.68622
2971704062.5,-50.69374
2971704218.75,-50.64554
2971704375.0,-50.68346
2971704531.25,-50.69951
2971704687.5,-50.70058
2971704843.75,-50.58681
2971705000.0,-50.62637
2971705156.25,-50.61258
2971705312.5,-50.62658
2971705468.75,-50.60191
2971705625.0,-50.67186
2971705781.25,-50.68643
2971705937.5,-50.69226
2971706093.75,-50.60875
2971706250.0,-50.6325
2971706406.25,-50.64979
2971706562.5,-50.60483
2971706718.75,-50.59531
2971706875.0,-50.65599
2971707031.25,-50.617
2971707187.5,-50.57926
2971707343.75,-50.65168
2971707500.0,-50.71877
2971707656.25,-50.62888
2971707812.5,-50.60102
2971707968.75,-50.60201
2971708125.0,-50.68071
2971708281.25,-50.68886
2971708437.5,-50.69032
2971708593.75,-50.62124
2971708750.0,-50.66761
2971708906.25,-50.60644
2971709062.5,-50.65555
2971709218.75,-50.65881
2971709375.0,-50.62289
2971709531.25,-50.64454
2971709687.5,-50.54908
2971709843.75,-50.64405
2971710000.0,-50.66916
2971710156.25,-50.60966
2971710312.5,-50.63123
2971710468.75,-50.57294
2971710625.0,-50.58884
2971710781.25,-50.56007
2971710937.5,-50.60886
2971711093.75,-50.65517
2971711250.0,-50.62434
2971711406.25,-50.56874
2971711562.5,-50.6081
2971711718.75,-50.64043
2971711875.0,-50.63942
2971712031.25,-50.62735
2971712187.5,-50.61439
2971712343.75,-50.55143
2971712500.0,-50.66551
2971712656.25,-50.60258
2971712812.5,-50.64241
2971712968.75,-50.60175
2971713125.0,-50.66283
2971713281.25,-50.6118
2971713437.5,-50.59093
2971713593.75,-50.5796
2971713750.0,-50.59313
2971713906.25,-50.57336
2971714062.5,-50.57502
2971714218.75,-50.65076
2971714375.0,-50.60666
2971714531.25,-50.58538
2971714687.5,-50.60759
2971714843.75,-50.64194
2971715000.0,-50.55622
2971715156.25,-50.58005
2971715312.5,-50.60886
2971715468.75,-50.65808
2971715625.0,-50.5198
2971715781.25,-50.59507
2971715937.5,-50.59432
2971716093.75,-50.64112
2971716250.0,-50.58431
2971716406.25,-50.63205
2971716562.5,-50.61866
2971716718.75,-50.59563
2971716875.0,-50.62359
2971717031.25,-50.62326
2971717187.5,-50.56889
2971717343.75,-50.57067
2971717500.0,-50.60705
2971717656.25,-50.57675
2971717812.5,-50.58685
2971717968.75,-50.64329
2971718125.0,-50.57927
2971718281.25,-50.6033
2971718437.5,-50.59855
2971718593.75,-50.56987
2971718750.0,-50.62703
2971718906.25,-50.60389
2971719062.5,-50.51736
2971719218.75,-50.56174
2971719375.0,-50.59047
2971719531.25,-50.60595
2971719687.5,-50.62923
2971719843.75,-50.56152
2971720000.0,-50.54103
2971720156.25,-50.59489
2971720312.5,-50.5746
2971720468.75,-50.59687
2971720625.0,-50.62764
2971720781.25,-50.60029
2971720937.5,-50.58841
2971721093.75,-50.49389
2971721250.0,-50.56828
2971721406.25,-50.55363
2971721562.5,-50.56094
2971721718.75,-50.54634
2971721875.0,-50.49872
2971722031.25,-50.57321
2971722187.5,-50.52196
2971722343.75,-50.62849
2971722500.0,-50.51575
2971722656.25,-50.56975
2971722812.5,-50.61966
2971722968.75,-50.53359
2971723125.0,-50.58205
2971723281.25,-50.57035
2971723437.5,-50.48696
2971723593.75,-50.51723
2971723750.0,-50.58165
2971723906.25,-50.55752
2971724062.5,-50.61226
2971724218.75,-50.55492
2971724375.0,-50.61246
2971724531.25,-50.56475
2971724687.5,-50.553
2971724843.75,-50.54829
2971725000.0,-50.57942
2971725156.25,-50.55618
2971725312.5,-50.58464
2971725468.75,-50.62413
2971725625.0,-50.51801
2971725781.25,-50.54975
2971725937.5,-50.50097
2971726093.75,-50.52264
2971726250.0,-50.60683
2971726406.25,-50.60032
2971726562.5,-50.60387
2971726718.75,-50.50183
2971726875.0,-50.50679
2971727031.25,-50.55566
2971727187.5,-50.48113
2971727343.75,-50.54362
2971727500.0,-50.50215
2971727656.25,-50.58033
2971727812.5,-50.58649
2971727968.75,-50.54253
2971728125.0,-50.50973
2971728281.25,-50.57965
2971728437.5,-50.56447
2971728593.75,-50.52861
2971728750.0,-50.55483
2971728906.25,-50.53546
2971729062.5,-50.5409
2971729218.75,-50.49828
2971729375.0,-50.54045
2971729531.25,-50.55429
2971729687.5,-50.52708
2971729843.75,-50.59635
2971730000.0,-50.52975
2971730156.25,-50.55974
2971730312.5,-50.55073
2971730468.75,-50.48794
2971730625.0,-50.57686
2971730781.25,-50.46241
2971730937.5,-50.50133
2971731093.75,-50.50715
2971731250.0,-50.52475
2971731406.25,-50.56516
2971731562.5,-50.50396
2971731718.75,-50.52197
2971731875.0,-50.51216
2971732031.25,-50.50909
2971732187.5,-50.50299
2971732343.75,-50.47208
2971732500.0,-50.52513
2971732656.25,-50.55352
2971732812.5,-50.56118
2971732968.75,-50.48441
2971733125.0,-50.54126
2971733281.25,-50.52416
2971733437.5,-50.50047
2971733593.75,-50.55246
2971733750.0,-50.52639
2971733906.25,-50.48261
2971734062.5,-50.47843
2971734218.75,-50.58311
2971734375.0,-50.50304
2971734531.25,-50.51088
2971734687.5,-50.49806
2971734843.75,-50.50198
2971735000.0,-50.49193
2971735156.25,-50.52144
2971735312.5,-50.48807
2971735468.75,-50.48109
2971735625.0,-50.57697
2971735781.25,-50.4511
2971735937.5,-50.489
2971736093.75,-50.50786
2971736250.0,-50.49123
2971736406.25,-50.56038
2971736562.5,-50.46643
2971736718.75,-50.48862
2971736875.0,-50.53087
2971737031.25,-50.53721
2971737187.5,-50.52666
2971737343.75,-50.50657
2971737500.0,-50.49943
2971737656.25,-50.56218
2971737812.5,-50.47449
2971737968.75,-50.50847
2971738125.0,-50.49974
2971738281.25,-50.51173
2971738437.5,-50.50383
2971738593.75,-50.42936
2971738750.0,-50.55637
2971738906.25,-50.497
2971739062.5,-50.48639
2971739218.75,-50.55589
2971739375.0,-50.54335
2971739531.25,-50.46343
2971739687.5,-50.52276
2971739843.75,-50.51939
2971740000.0,-50.52195
2971740156.25,-50.468
2971740312.5,-50.44229
2971740468.75,-50.43224
2971740625.0,-50.53714
2971740781.25,-50.50952
2971740937.5,-50.47459
2971741093.75,-50.5026
2971741250.0,-50.48431
2971741406.25,-50.46598
2971741562.5,-50.46817
2971741718.75,-50.50688
2971741875.0,-50.5063
2971742031.25,-50.50251
2971742187.5,-50.488
2971742343.75,-50.49448
2971742500.0,-50.45496
2971742656.25,-50.46971
2971742812.5,-50.43629
2971742968.75,-50.49934
2971743125.0,-50.51384
2971743281.25,-50.499
2971743437.5,-50.46907
2971743593.75,-50.43438
2971743750.0,-50.48321
2971743906.25,-50.45855
2971744062.5,-50.47028
2971744218.75,-50.50792
2971744375.0,-50.52809
2971744531.25,-50.44083
2971744687.5,-50.4836
2971744843.75,-50.47068
2971745000.0,-50.51926
2971745156.25,-50.42564
2971745312.5,-50.50256
2971745468.75,-50.46119
2971745625.0,-50.51289
2971745781.25,-50.42349
2971745937.5,-50.47135
2971746093.75,-50.43061
2971746250.0,-50.44196
2971746406.25,-50.51926
2971746562.5,-50.51294
2971746718.75,-50.42891
2971746875.0,-50.44911
2971747031.25,-50.46107
2971747187.5,-50.45196
2971747343.75,-50.46373
2971747500.0,-50.49087
2971747656.25,-50.47267
2971747812.5,-50.3908
2971747968.75,-50.45539
2971748125.0,-50.44014
2971748281.25,-50.47411
2971748437.5,-50.42662
2971748593.75,-50.48228
2971748750.0,-50.51033
2971748906.25,-50.42801
2971749062.5,-50.42108
2971749218.75,-50.36258
2971749375.0,-50.47884
2971749531.25,-50.4229
2971749687.5,-50.41376
2971749843.75,-50.424
2971750000.0,-50.49872
2971750156.25,-50.48697
2971750312.5,-50.46963
2971750468.75,-50.43914
2971750625.0,-50.44746
2971750781.25,-50.42014
2971750937.5,-50.44251
2971751093.75,-50.42258
2971751250.0,-50.47559
2971751406.25,-50.43887
2971751562.5,-50.43156
2971751718.75,-50.48734
2971751875.0,-50.4464
2971752031.25,-50.4459
2971752187.5,-50.42945
2971752343.75,-50.47082
2971752500.0,-50.35513
2971752656.25,-50.453
2971752812.5,-50.46043
2971752968.75,-50.38922
2971753125.0,-50.40924
2971753281.25,-50.40485
2971753437.5,-50.39143
2971753593.75,-50.41857
2971753750.0,-50.44714
2971753906.25,-50.39997
2971754062.5,-50.44726
2971754218.75,-50.45886
2971754375.0,-50.40128
2971754531.25,-50.42185
2971754687.5,-50.43452
2971754843.75,-50.41961
2971755000.0,-50.36494
2971755156.25,-50.40135
2971755312.5,-50.46997
2971755468.75,-50.41471
2971755625.0,-50.4213
2971755781.25,-50.38414
2971755937.5,-50.46298
2971756093.75,-50.45874
2971756250.0,-50.44446
2971756406.25,-50.43907
2971756562.5,-50.40129
2971756718.75,-50.37334
2971756875.0,-50.41497
2971757031.25,-50.45899
2971757187.5,-50.37759
2971757343.75,-50.46771
2971757500.0,-50.40515
2971757656.25,-50.37531
2971757812.5,-50.4814
2971757968.75,-50.37213
2971758125.0,-50.43511
2971758281.25,-50.42315
2971758437.5,-50.41349
2971758593.75,-50.31718
2971758750.0,-50.3363
2971758906.25,-50.40376
2971759062.5,-50.38548
2971759218.75,-50.46648
2971759375.0,-50.43016
2971759531.25,-50.41272
2971759687.5,-50.34145
2971759843.75,-50.41185
2971760000.0,-50.35666
2971760156.25,-50.39178
2971760312.5,-50.39703
2971760468.75,-50.33987
2971760625.0,-50.41239
2971760781.25,-50.41004
2971760937.5,-50.38551
2971761093.75,-50.37701
2971761250.0,-50.35989
2971761406.25,-50.37135
2971761562.5,-50.40732
2971761718.75,-50.37976
2971761875.0,-50.40156
2971762031.25,-50.37649
2971762187.5,-50.36869
2971762343.75,-50.34481
2971762500.0,-50.42061
2971762656.25,-50.39216
2971762812.5,-50.37836
2971762968.75,-50.39243
2971763125.0,-50.36161
2971763281.25,-50.37358
2971763437.5,-50.37999
2971763593.75,-50.36661
2971763750.0,-50.35924
2971763906.25,-50.37442
2971764062.5,-50.40761
2971764218.75,-50.36475
2971764375.0,-50.38653
2971764531.25,-50.36834
2971764687.5,-50.36365
2971764843.75,-50.35088
2971765000.0,-50.3522
2971765156.25,-50.38323
2971765312.5,-50.4191
2971765468.75,-50.35892
2971765625.0,-50.38502
2971765781.25,-50.40112
2971765937.5,-50.30068
2971766093.75,-50.36288
2971766250.0,-50.36961
2971766406.25,-50.34762
2971766562.5,-50.3704
2971766718.75,-50.31629
2971766875.0,-50.42678
2971767031.25,-50.35075
2971767187.5,-50.33344
2971767343.75,-50.37302
2971767500.0,-50.3657
2971767656.25,-50.39309
2971767812.5,-50.34045
2971767968.75,-50.381
2971768125.0,-50.28369
2971768281.25,-50.36444
2971768437.5,-50.32836
2971768593.75,-50.31411
2971768750.0,-50.35001
2971768906.25,-50.34634
2971769062.5,-50.34867
2971769218.75,-50.29585
2971769375.0,-50.33508
2971769531.25,-50.34017
2971769687.5,-50.34299
2971769843.75,-50.34276
2971770000.0,-50.30202
2971770156.25,-50.34889
2971770312.5,-50.31588
2971770468.75,-50.36515
2971770625.0,-50.36976
2971770781.25,-50.39139
2971770937.5,-50.34388
2971771093.75,-50.38087
2971771250.0,-50.35047
2971771406.25,-50.33226
2971771562.5,-50.34567
2971771718.75,-50.29916
2971771875.0,-50.43242
2971772031.25,-50.33914
2971772187.5,-50.37307
2971772343.75,-50.29255
2971772500.0,-50.37751
2971772656.25,-50.38509
2971772812.5,-50.3541
2971772968.75,-50.3565
2971773125.0,-50.35813
2971773281.25,-50.32159
2971773437.5,-50.35507
2971773593.75,-50.33292
2971773750.0,-50.3484
2971773906.25,-50.3479
2971774062.5,-50.39468
2971774218.75,-50.31568
2971774375.0,-50.3806
2971774531.25,-50.28592
2971774687.5,-50.32808
2971774843.75,-50.30476
2971775000.0,-50.30925
2971775156.25,-50.36333
2971775312.5,-50.35842
2971775468.75,-50.31502
2971775625.0,-50.23693
2971775781.25,-50.33361
2971775937.5,-50.31734
2971776093.75,-50.34184
2971776250.0,-50.27944
2971776406.25,-50.28646
2971776562.5,-50.32376
2971776718.75,-50.31572
2971776875.0,-50.30636
2971777031.25,-50.32264
2971777187.5,-50.31564
2971777343.75,-50.32254
2971777500.0,-50.34674
2971777656.25,-50.31036
2971777812.5,-50.30726
2971777968.75,-50.25251
2971778125.0,-50.34051
2971778281.25,-50.31841
2971778437.5,-50.27529
2971778593.75,-50.3134
2971778750.0,-50.34376
2971778906.25,-50.29808
2971779062.5,-50.28121
2971779218.75,-50.31423
2971779375.0,-50.30116
2971779531.25,-50.32117
2971779687.5,-50.29824
2971779843.75,-50.35953
2971780000.0,-50.32021
2971780156.25,-50.24133
2971780312.5,-50.27711
2971780468.75,-50.30075
2971780625.0,-50.3402
2971780781.25,-50.21407
2971780937.5,-50.33872
2971781093.75,-50.28464
2971781250.0,-50.31929
2971781406.25,-50.32386
2971781562.5,-50.28584
2971781718.75,-50.30639
2971781875.0,-50.30389
2971782031.25,-50.23412
2971782187.5,-50.30989
2971782343.75,-50.24094
2971782500.0,-50.35152
2971782656.25,-50.29259
2971782812.5,-50.31491
2971782968.75,-50.31723
2971783125.0,-50.22918
2971783281.25,-50.25831
2971783437.5,-50.26405
2971783593.75,-50.27921
2971783750.0,-50.25613
2971783906.25,-50.29205
2971784062.5,-50.2778
2971784218.75,-50.25523
2971784375.0,-50.27768
2971784531.25,-50.30495
2971784687.5,-50.3032
2971784843.75,-50.29065
2971785000.0,-50.31472
2971785156.25,-50.27951
2971785312.5,-50.24195
2971785468.75,-50.34748
2971785625.0,-50.27724
2971785781.25,-50.29381
2971785937.5,-50.22036
2971786093.75,-50.2482
2971786250.0,-50.24189
2971786406.25,-50.24521
2971786562.5,-50.30537
2971786718.75,-50.25364
2971786875.0,-50.31855
2971787031.25,-50.24879
2971787187.5,-50.31943
2971787343.75,-50.26265
2971787500.0,-50.32653
2971787656.25,-50.26077
2971787812.5,-50.26586
2971787968.75,-50.31077
2971788125.0,-50.22475
2971788281.25,-50.25816
2971788437.5,-50.24211
2971788593.75,-50.25063
2971788750.0,-50.22674
2971788906.25,-50.23654
2971789062.5,-50.29399
2971789218.75,-50.25967
2971789375.0,-50.25683
2971789531.25,-50.24541
2971789687.5,-50.26128
2971789843.75,-50.22839
2971790000.0,-50.26742
2971790156.25,-50.26881
2971790312.5,-50.21963
2971790468.75,-50.25445
2971790625.0,-50.23532
2971790781.25,-50.30225
2971790937.5,-50.23732
2971791093.75,-50.24438
2971791250.0,-50.16883
2971791406.25,-50.23456
2971791562.5,-50.20599
2971791718.75,-50.23569
2971791875.0,-50.29477
2971792031.25,-50.24088
2971792187.5,-50.19305
2971792343.75,-50.23106
2971792500.0,-50.2076
2971792656.25,-50.22735
2971792812.5,-50.20946
2971792968.75,-50.16582
2971793125.0,-50.23549
2971793281.25,-50.2201
2971793437.5,-50.23035
2971793593.75,-50.27598
2971793750.0,-50.24365
2971793906.25,-50.25391
2971794062.5,-50.26052
2971794218.75,-50.22414
2971794375.0,-50.22537
2971794531.25,-50.25155
2971794687.5,-50.21841
2971794843.75,-50.2565
2971795000.0,-50.18484
2971795156.25,-50.25453
2971795312.5,-50.24528
2971795468.75,-50.17559
2971795625.0,-50.24485
2971795781.25,-50.19214
2971795937.5,-50.32051
2971796093.75,-50.20729
2971796250.0,-50.22756
2971796406.25,-50.21334
2971796562.5,-50.24289
2971796718.75,-50.25355
2971796875.0,-50.26627
2971797031.25,-50.17316
2971797187.5,-50.22239
2971797343.75,-50.21483
2971797500.0,-50.20881
2971797656.25,-50.17897
2971797812.5,-50.2111
2971797968.75,-50.18702
2971798125.0,-50.24193
2971798281.25,-50.20638
2971798437.5,-50.17738
2971798593.75,-50.19031
2971798750.0,-50.22764
2971798906.25,-50.23699
2971799062.5,-50.23135
2971799218.75,-50.16178
2971799375.0,-50.25481
2971799531.25,-50.24411
2971799687.5,-50.19868
2971799843.75,-50.20673
2971800000.0,-50.18405
2971800156.25,-50.27685
2971800312.5,-50.19794
2971800468.75,-50.22757
2971800625.0,-50.16721
2971800781.25,-50.25201
2971800937.5,-50.22805
2971801093.75,-50.18854
2971801250.0,-50.20012
2971801406.25,-50.20607
2971801562.5,-50.17029
2971801718.75,-50.1838
2971801875.0,-50.16127
2971802031.25,-50.23591
2971802187.5,-50.17669
2971802343.75,-50.20509
2971802500.0,-50.21451
2971802656.25,-50.12169
2971802812.5,-50.15242
2971802968.75,-50.16005
2971803125.0,-50.21843
2971803281.25,-50.12386
2971803437.5,-50.15219
2971803593.75,-50.15808
2971803750.0,-50.21425
2971803906.25,-50.14654
2971804062.5,-50.22069
2971804218.75,-50.19064
2971804375.0,-50.19375
2971804531.25,-50.12469
2971804687.5,-50.21344
2971804843.75,-50.18071
2971805000.0,-50.15378
2971805156.25,-50.18138
2971805312.5,-50.16977
2971805468.75,-50.20028
2971805625.0,-50.17273
2971805781.25,-50.15136
2971805937.5,-50.16535
2971806093.75,-50.21964
2971806250.0,-50.20042
2971806406.25,-50.16763
2971806562.5,-50.18699
2971806718.75,-50.18856
2971806875.0,-50.17624
2971807031.25,-50.17861
2971807187.5,-50.11296
2971807343.75,-50.15314
2971807500.0,-50.19402
2971807656.25,-50.15008
2971807812.5,-50.22308
2971807968.75,-50.16493
2971808125.0,-50.16731
2971808281.25,-50.17239
2971808437.5,-50.14603
2971808593.75,-50.11292
2971808750.0,-50.17289
2971808906.25,-50.1961
2971809062.5,-50.15111
2971809218.75,-50.15112
2971809375.0,-50.18985
2971809531.25,-50.19078
2971809687.5,-50.18236
2971809843.75,-50.14088
2971810000.0,-50.12867
2971810156.25,-50.19717
2971810312.5,-50.15305
2971810468.75,-50.15424
2971810625.0,-50.19029
2971810781.25,-50.12219
2971810937.5,-50.24144
2971811093.75,-50.17329
2971811250.0,-50.16113
2971811406.25,-50.15908
2971811562.5,-50.15208
2971811718.75,-50.16713
2971811875.0,-50.14367
2971812031.25,-50.16779
2971812187.5,-50.1479
2971812343.75,-50.17763
2971812500.0,-50.17707
2971812656.25,-50.15351
2971812812.5,-50.14959
2971812968.75,-50.13902
2971813125.0,-50.10907
2971813281.25,-50.16074
2971813437.5,-50.16351
2971813593.75,-50.17864
2971813750.0,-50.14407
2971813906.25,-50.09311
2971814062.5,-50.16746
2971814218.75,-50.20124
2971814375.0,-50.10102
2971814531.25,-50.13628
2971814687.5,-50.1818
2971814843.75,-50.05363
2971815000.0,-50.17146
2971815156.25,-50.12428
2971815312.5,-50.06934
2971815468.75,-50.12667
2971815625.0,-50.12923
2971815781.25,-50.11259
2971815937.5,-50.10623
2971816093.75,-50.11539
2971816250.0,-50.14072
2971816406.25,-50.17406
2971816562.5,-50.12779
2971816718.75,-50.18475
2971816875.0,-50.16266
2971817031.25,-50.08327
2971817187.5,-50.09027
2971817343.75,-50.13621
2971817500.0,-50.15128
2971817656.25,-50.10118
2971817812.5,-50.09972
2971817968.75,-50.08998
2971818125.0,-50.15542
2971818281.25,-50.14147
2971818437.5,-50.12085
2971818593.75,-50.13337
2971818750.0,-50.11001
2971818906.25,-50.16183
2971819062.5,-50.04836
2971819218.75,-50.12066
2971819375.0,-50.12997
2971819531.25,-50.12699
2971819687.5,-50.16912
2971819843.75,-50.13607
2971820000.0,-50.10506
2971820156.25,-50.10314
2971820312.5,-50.08428
2971820468.75,-50.09945
2971820625.0,-50.11514
2971820781.25,-50.16496
2971820937.5,-50.07946
2971821093.75,-50.10111
2971821250.0,-50.12236
2971821406.25,-50.10397
2971821562.5,-50.1199
2971821718.75,-50.13872
2971821875.0,-50.14172
2971822031.25,-50.07164
2971822187.5,-50.07588
2971822343.75,-50.07804
2971822500.0,-50.13565
2971822656.25,-50.11137
2971822812.5,-50.12835
2971822968.75,-50.10727
2971823125.0,-50.1088
2971823281.25,-50.0362
2971823437.5,-50.04176
2971823593.75,-50.09662
2971823750.0,-50.0545
2971823906.25,-50.0621
2971824062.5,-50.13354
2971824218.75,-50.06831
2971824375.0,-50.0788
2971824531.25,-50.12007
2971824687.5,-50.12484
2971824843.75,-50.05479
2971825000.0,-50.08614
2971825156.25,-50.07073
2971825312.5,-50.12104
2971825468.75,-50.11585
2971825625.0,-50.14634
2971825781.25,-50.1122
2971825937.5,-50.0768
2971826093.75,-50.09371
2971826250.0,-50.05388
2971826406.25,-50.09539
2971826562.5,-50.08458
2971826718.75,-50.04197
2971826875.0,-50.11109
2971827031.25,-50.08087
2971827187.5,-50.06922
2971827343.75,-50.09057
2971827500.0,-50.07053
2971827656.25,-50.05878
2971827812.5,-50.08622
2971827968.75,-50.0554
2971828125.0,-50.05019
2971828281.25,-50.10264
2971828437.5,-50.05911
2971828593.75,-50.06459
2971828750.0,-50.04404
2971828906.25,-50.13327
2971829062.5,-50.09309
2971829218.75,-50.03619
2971829375.0,-50.06367
2971829531.25,-50.02773
2971829687.5,-50.06885
2971829843.75,-50.06278
2971830000.0,-50.00841
2971830156.25,-50.05597
2971830312.5,-50.07045
2971830468.75,-50.09871
2971830625.0,-50.06467
2971830781.25,-50.08431
2971830937.5,-50.0889
2971831093.75,-50.07341
2971831250.0,-50.07717
2971831406.25,-50.03945
2971831562.5,-50.06795
2971831718.75,-50.01757
2971831875.0,-50.00068
2971832031.25,-50.03584
2971832187.5,-50.01269
2971832343.75,-50.04401
2971832500.0,-50.07562
2971832656.25,-50.05023
2971832812.5,-50.04052
2971832968.75,-50.08005
2971833125.0,-50.0441
2971833281.25,-50.06094
2971833437.5,-50.00238
2971833593.75,-49.98402
2971833750.0,-50.03419
2971833906.25,-50.05098
2971834062.5,-50.0891
2971834218.75,-50.07487
2971834375.0,-50.02687
2971834531.25,-50.05135
2971834687.5,-50.06698
2971834843.75,-50.03922
2971835000.0,-50.03999
2971835156.25,-50.04287
2971835312.5,-50.04436
2971835468.75,-50.03792
2971835625.0,-50.03784
2971835781.25,-49.9945
2971835937.5,-50.00105
2971836093.75,-50.06334
2971836250.0,-50.05568
2971836406.25,-50.01529
2971836562.5,-50.04149
2971836718.75,-50.0231
2971836875.0,-50.01828
2971837031.25,-50.00586
2971837187.5,-50.05736
2971837343.75,-50.09819
2971837500.0,-50.01789
2971837656.25,-50.06576
2971837812.5,-50.02144
2971837968.75,-50.04298
2971838125.0,-49.98115
2971838281.25,-50.07499
2971838437.5,-50.03258
2971838593.75,-49.96157
2971838750.0,-50.05045
2971838906.25,-49.9955
2971839062.5,-50.03052
2971839218.75,-49.94838
2971839375.0,-50.01998
2971839531.25,-50.00285
2971839687.5,-50.02985
2971839843.75,-50.03859
2971840000.0,-50.00328
2971840156.25,-49.99915
2971840312.5,-50.00255
2971840468.75,-50.03921
2971840625.0,-49.98143
2971840781.25,-50.04412
2971840937.5,-50.06432
2971841093.75,-49.95718
2971841250.0,-49.96679
2971841406.25,-49.99616
2971841562.5,-49.97252
2971841718.75,-50.02975
2971841875.0,-50.05005
2971842031.25,-49.99074
2971842187.5,-49.99404
2971842343.75,-50.02637
2971842500.0,-50.03817
2971842656.25,-49.95528
2971842812.5,-49.9676
2971842968.75,-50.05347
2971843125.0,-49.97838
2971843281.25,-49.98562
2971843437.5,-50.00815
2971843593.75,-50.00822
2971843750.0,-50.04889
2971843906.25,-49.95095
2971844062.5,-49.96301
2971844218.75,-49.96006
2971844375.0,-49.96531
2971844531.25,-49.9599
2971844687.5,-50.00486
2971844843.75,-49.95826
2971845000.0,-49.9872
2971845156.25,-49.9945
2971845312.5,-49.97788
2971845468.75,-50.03635
2971845625.0,-49.93824
2971845781.25,-49.98736
2971845937.5,-49.96889
2971846093.75,-49.98663
2971846250.0,-50.00519
2971846406.25,-50.01563
2971846562.5,-49.95267
2971846718.75,-50.04887
2971846875.0,-49.96531
2971847031.25,-49.99776
2971847187.5,-49.96262
2971847343.75,-50.0244
2971847500.0,-49.99739
2971847656.25,-49.94529
2971847812.5,-49.95338
2971847968.75,-49.93305
2971848125.0,-49.98793
2971848281.25,-49.98757
2971848437.5,-49.93689
2971848593.75,-49.96941
2971848750.0,-49.94506
2971848906.25,-50.01136
2971849062.5,-49.98256
2971849218.75,-49.92262
2971849375.0,-49.95872
2971849531.25,-49.99587
2971849687.5,-49.95803
2971849843.75,-49.95554
2971850000.0,-49.99857
2971850156.25,-49.9845
2971850312.5,-49.97756
2971850468.75,-49.95364
2971850625.0,-49.93974
2971850781.25,-49.96587
2971850937.5,-49.96706
2971851093.75,-49.94687
2971851250.0,-49.90448
2971851406.25,-49.97355
2971851562.5,-50.00431
2971851718.75,-49.96849
2971851875.0,-49.93462
2971852031.25,-49.91528
2971852187.5,-49.91578
2971852343.75,-49.93576
2971852500.0,-50.00887
2971852656.25,-49.98933
2971852812.5,-49.96368
2971852968.75,-50.0032
2971853125.0,-49.98044
2971853281.25,-49.96857
2971853437.5,-49.92204
2971853593.75,-49.94501
2971853750.0,-49.93316
2971853906.25,-49.95432
2971854062.5,-49.8913
2971854218.75,-49.94367
2971854375.0,-49.92532
2971854531.25,-49.88205
2971854687.5,-49.91635
2971854843.75,-49.96157
2971855000.0,-49.88403
2971855156.25,-49.95622
2971855312.5,-49.94932
2971855468.75,-49.9285
2971855625.0,-49.89894
2971855781.25,-49.88145
2971855937.5,-49.98157
2971856093.75,-49.93872
2971856250.0,-50.01252
2971856406.25,-49.92777
2971856562.5,-49.93908
2971856718.75,-49.88125
2971856875.0,-49.90891
2971857031.25,-49.89516
2971857187.5,-49.95698
2971857343.75,-49.91792
2971857500.0,-49.94451
2971857656.25,-49.92797
2971857812.5,-49.92224
2971857968.75,-49.92972
2971858125.0,-49.89364
2971858281.25,-49.9463
2971858437.5,-49.95881
2971858593.75,-49.96318
2971858750.0,-49.93072
2971858906.25,-49.9613
2971859062.5,-49.9516
2971859218.75,-49.93098
2971859375.0,-49.91387
2971859531.25,-49.92014
2971859687.5,-49.91843
2971859843.75,-49.93415
2971860000.0,-49.90389
2971860156.25,-49.86057
2971860312.5,-49.95714
2971860468.75,-49.82773
2971860625.0,-49.91966
2971860781.25,-49.93841
2971860937.5,-49.85578
2971861093.75,-49.91623
2971861250.0,-49.90971
2971861406.25,-49.94124
2971861562.5,-49.9193
2971861718.75,-49.90585
2971861875.0,-49.87606
2971862031.25,-49.90207
2971862187.5,-49.89332
2971862343.75,-49.90579
2971862500.0,-49.89775
2971862656.25,-49.9368
2971862812.5,-49.90673
2971862968.75,-49.94179
2971863125.0,-49.90615
2971863281.25,-49.90156
2971863437.5,-49.90749
2971863593.75,-49.88921
2971863750.0,-49.84546
2971863906.25,-49.91028
2971864062.5,-49.90387
2971864218.75,-49.89708
2971864375.0,-49.89843
2971864531.25,-49.89759
2971864687.5,-49.88605
2971864843.75,-49.88332
2971865000.0,-49.9027
2971865156.25,-49.86129
2971865312.5,-49.90331
2971865468.75,-49.91536
2971865625.0,-49.84171
2971865781.25,-49.89426
2971865937.5,-49.87631
2971866093.75,-49.87295
2971866250.0,-49.91429
2971866406.25,-49.86293
2971866562.5,-49.89123
2971866718.75,-49.9271
2971866875.0,-49.8167
2971867031.25,-49.93845
2971867187.5,-49.8982
2971867343.75,-49.88776
2971867500.0,-49.8577
2971867656.25,-49.89375
2971867812.5,-49.82133
2971867968.75,-49.9094
2971868125.0,-49.82031
2971868281.25,-49.82994
2971868437.5,-49.87419
2971868593.75,-49.89598
2971868750.0,-49.85981
2971868906.25,-49.84974
2971869062.5,-49.90025
2971869218.75,-49.84657
2971869375.0,-49.87852
2971869531.25,-49.91334
2971869687.5,-49.90048
2971869843.75,-49.87621
2971870000.0,-49.85603
2971870156.25,-49.84099
2971870312.5,-49.84195
2971870468.75,-49.85035
2971870625.0,-49.85806
2971870781.25,-49.81169
2971870937.5,-49.88639
2971871093.75,-49.8176
2971871250.0,-49.85554
2971871406.25,-49.79833
2971871562.5,-49.86911
2971871718.75,-49.84726
2971871875.0,-49.83235
2971872031.25,-49.84366
2971872187.5,-49.84356
2971872343.75,-49.8218
2971872500.0,-49.87124
2971872656.25,-49.8766
2971872812.5,-49.85311
2971872968.75,-49.82129
2971873125.0,-49.83601
2971873281.25,-49.84166
2971873437.5,-49.84279
2971873593.75,-49.8321
2971873750.0,-49.82875
2971873906.25,-49.85989
2971874062.5,-49.81815
2971874218.75,-49.79163
2971874375.0,-49.87152
2971874531.25,-49.83551
2971874687.5,-49.87072
2971874843.75,-49.82864
2971875000.0,-49.81187
2971875156.25,-49.82684
2971875312.5,-49.84229
2971875468.75,-49.83578
2971875625.0,-49.80915
2971875781.25,-49.77341
2971875937.5,-49.81802
2971876093.75,-49.84538
2971876250.0,-49.83721
2971876406.25,-49.88574
2971876562.5,-49.8446
2971876718.75,-49.80968
2971876875.0,-49.7964
2971877031.25,-49.88704
2971877187.5,-49.78128
2971877343.75,-49.83061
2971877500.0,-49.83426
2971877656.25,-49.86986
2971877812.5,-49.83557
2971877968.75,-49.8452
2971878125.0,-49.83494
2971878281.25,-49.78341
2971878437.5,-49.79369
2971878593.75,-49.79063
2971878750.0,-49.81332
2971878906.25,-49.75179
2971879062.5,-49.77114
2971879218.75,-49.83177
2971879375.0,-49.77112
2971879531.25,-49.88171
2971879687.5,-49.84188
2971879843.75,-49.84863
2971880000.0,-49.79992
2971880156.25,-49.80246
2971880312.5,-49.8347
2971880468.75,-49.78987
2971880625.0,-49.76626
2971880781.25,-49.7873
2971880937.5,-49.7757
2971881093.75,-49.81762
2971881250.0,-49.80859
2971881406.25,-49.82714
2971881562.5,-49.81175
2971881718.75,-49.78339
2971881875.0,-49.78943
2971882031.25,-49.78201
2971882187.5,-49.82213
2971882343.75,-49.70912
2971882500.0,-49.80791
2971882656.25,-49.77229
2971882812.5,-49.79753
2971882968.75,-49.80356
2971883125.0,-49.84802
2971883281.25,-49.78379
2971883437.5,-49.80635
2971883593.75,-49.80605
2971883750.0,-49.78684
2971883906.25,-49.83259
2971884062.5,-49.79939
2971884218.75,-49.79665
2971884375.0,-49.79816
2971884531.25,-49.77052
2971884687.5,-49.78638
2971884843.75,-49.75557
2971885000.0,-49.76606
2971885156.25,-49.79425
2971885312.5,-49.77524
2971885468.75,-49.77664
2971885625.0,-49.79648
2971885781.25,-49.77926
2971885937.5,-49.79982
2971886093.75,-49.78782
2971886250.0,-49.82227
2971886406.25,-49.71928
2971886562.5,-49.83247
2971886718.75,-49.77737
2971886875.0,-49.78652
2971887031.25,-49.77378
2971887187.5,-49.76438
2971887343.75,-49.77341
2971887500.0,-49.81229
2971887656.25,-49.72238
2971887812.5,-49.78745
2971887968.75,-49.77241
2971888125.0,-49.73178
2971888281.25,-49.77478
2971888437.5,-49.75362
2971888593.75,-49.76047
2971888750.0,-49.75032
2971888906.25,-49.7303
2971889062.5,-49.76805
2971889218.75,-49.75922
2971889375.0,-49.77296
2971889531.25,-49.74381
2971889687.5,-49.74531
2971889843.75,-49.72585
2971890000.0,-49.78795
2971890156.25,-49.74526
2971890312.5,-49.79332
2971890468.75,-49.78033
2971890625.0,-49.67919
2971890781.25,-49.83794
2971890937.5,-49.74632
2971891093.75,-49.76514
2971891250.0,-49.75352
2971891406.25,-49.81313
2971891562.5,-49.71901
2971891718.75,-49.74841
2971891875.0,-49.80907
2971892031.25,-49.78157
2971892187.5,-49.73492
2971892343.75,-49.75804
2971892500.0,-49.71587
2971892656.25,-49.77826
2971892812.5,-49.75568
2971892968.75,-49.77513
2971893125.0,-49.747
2971893281.25,-49.73784
2971893437.5,-49.76378
2971893593.75,-49.70231
2971893750.0,-49.72887
2971893906.25,-49.76268
2971894062.5,-49.79108
2971894218.75,-49.71598
2971894375.0,-49.74032
2971894531.25,-49.70005
2971894687.5,-49.73232
2971894843.75,-49.77814
2971895000.0,-49.76016
2971895156.25,-49.69788
2971895312.5,-49.74934
2971895468.75,-49.7495
2971895625.0,-49.71835
2971895781.25,-49.75349
2971895937.5,-49.73001
2971896093.75,-49.72509
2971896250.0,-49.75489
2971896406.25,-49.78563
2971896562.5,-49.7477
2971896718.75,-49.68963
2971896875.0,-49.73046
2971897031.25,-49.74353
2971897187.5,-49.7543
2971897343.75,-49.72313
2971897500.0,-49.70552
2971897656.25,-49.72424
2971897812.5,-49.71399
2971897968.75,-49.77604
2971898125.0,-49.77436
2971898281.25,-49.70266
2971898437.5,-49.72392
2971898593.75,-49.75616
2971898750.0,-49.70697
2971898906.25,-49.73828
2971899062.5,-49.68507
2971899218.75,-49.74893
2971899375.0,-49.64153
2971899531.25,-49.75205
2971899687.5,-49.72025
2971899843.75,-49.69105
2971900000.0,-49.72458
2971900156.25,-49.70441
2971900312.5,-49.67452
2971900468.75,-49.73282
2971900625.0,-49.72481
2971900781.25,-49.69954
2971900937.5,-49.71251
2971901093.75,-49.68954
2971901250.0,-49.74557
2971901406.25,-49.73574
2971901562.5,-49.69918
2971901718.75,-49.69687
2971901875.0,-49.7246
2971902031.25,-49.71406
2971902187.5,-49.73795
2971902343.75,-49.73806
2971902500.0,-49.69714
2971902656.25,-49.7493
2971902812.5,-49.6814
2971902968.75,-49.63928
2971903125.0,-49.71563
2971903281.25,-49.71372
2971903437.5,-49.71107
2971903593.75,-49.68621
2971903750.0,-49.64488
2971903906.25,-49.6704
2971904062.5,-49.69504
2971904218.75,-49.72217
2971904375.0,-49.70676
2971904531.25,-49.69617
2971904687.5,-49.69901
2971904843.75,-49.66859
2971905000.0,-49.65644
2971905156.25,-49.70481
2971905312.5,-49.6671
2971905468.75,-49.66165
2971905625.0,-49.71741
2971905781.25,-49.68139
2971905937.5,-49.65921
2971906093.75,-49.69383
2971906250.0,-49.73917
2971906406.25,-49.72049
2971906562.5,-49.63221
2971906718.75,-49.68259
2971906875.0,-49.69106
2971907031.25,-49.67507
2971907187.5,-49.68095
2971907343.75,-49.71189
2971907500.0,-49.65317
2971907656.25,-49.65822
2971907812.5,-49.69569
2971907968.75,-49.61754
2971908125.0,-49.69878
2971908281.25,-49.60409
2971908437.5,-49.68134
2971908593.75,-49.63034
2971908750.0,-49.69515
2971908906.25,-49.66819
2971909062.5,-49.68415
2971909218.75,-49.70726
2971909375.0,-49.68186
2971909531.25,-49.66785
2971909687.5,-49.68835
2971909843.75,-49.68235
2971910000.0,-49.64908
2971910156.25,-49.64894
2971910312.5,-49.65476
2971910468.75,-49.65057
2971910625.0,-49.60489
2971910781.25,-49.74071
2971910937.5,-49.66368
2971911093.75,-49.67926
2971911250.0,-49.63929
2971911406.25,-49.66716
2971911562.5,-49.62648
2971911718.75,-49.63496
2971911875.0,-49.6834
2971912031.25,-49.67317
2971912187.5,-49.61427
2971912343.75,-49.62328
2971912500.0,-49.64255
2971912656.25,-49.61588
2971912812.5,-49.61831
2971912968.75,-49.723
2971913125.0,-49.64425
2971913281.25,-49.6413
2971913437.5,-49.63716
2971913593.75,-49.62898
2971913750.0,-49.67223
2971913906.25,-49.6374
2971914062.5,-49.6374
2971914218.75,-49.63461
2971914375.0,-49.66323
2971914531.25,-49.60418
2971914687.5,-49.72674
2971914843.75,-49.67262
2971915000.0,-49.61198
2971915156.25,-49.63723
2971915312.5,-49.62481
2971915468.75,-49.64703
2971915625.0,-49.64048
2971915781.25,-49.61251
2971915937.5,-49.65406
2971916093.75,-49.65585
2971916250.0,-49.61265
2971916406.25,-49.60711
2971916562.5,-49.61635
2971916718.75,-49.64454
2971916875.0,-49.65304
2971917031.25,-49.5849
2971917187.5,-49.60717
2971917343.75,-49.67323
2971917500.0,-49.60393
2971917656.25,-49.58731
2971917812.5,-49.67918
2971917968.75,-49.62418
2971918125.0,-49.61039
2971918281.25,-49.64435
2971918437.5,-49.67915
2971918593.75,-49.60685
2971918750.0,-49.59838
2971918906.25,-49.67848
2971919062.5,-49.61877
2971919218.75,-49.65083
2971919375.0,-49.6366
2971919531.25,-49.58805
2971919687.5,-49.60365
2971919843.75,-49.56284
2971920000.0,-49.66468
2971920156.25,-49.60847
2971920312.5,-49.64003
2971920468.75,-49.55145
2971920625.0,-49.58472
2971920781.25,-49.61931
2971920937.5,-49.5551
2971921093.75,-49.5711
2971921250.0,-49.61208
2971921406.25,-49.57877
2971921562.5,-49.58691
2971921718.75,-49.61743
2971921875.0,-49.58281
2971922031.25,-49.56882
2971922187.5,-49.61896
2971922343.75,-49.65519
2971922500.0,-49.57032
2971922656.25,-49.62967
2971922812.5,-49.6267
2971922968.75,-49.58456
2971923125.0,-49.58162
2971923281.25,-49.58041
2971923437.5,-49.59359
2971923593.75,-49.59403
2971923750.0,-49.60896
2971923906.25,-49.59709
2971924062.5,-49.65301
2971924218.75,-49.61442
2971924375.0,-49.60503
2971924531.25,-49.55954
2971924687.5,-49.53525
2971924843.75,-49.60838
2971925000.0,-49.58903
2971925156.25,-49.63196
2971925312.5,-49.54494
2971925468.75,-49.62317
2971925625.0,-49.59483
2971925781.25,-49.5609
2971925937.5,-49.57564
2971926093.75,-49.57456
2971926250.0,-49.59903
2971926406.25,-49.55269
2971926562.5,-49.60099
2971926718.75,-49.63258
2971926875.0,-49.56424
2971927031.25,-49.53278
2971927187.5,-49.54098
2971927343.75,-49.55411
2971927500.0,-49.63324
2971927656.25,-49.58911
2971927812.5,-49.54452
2971927968.75,-49.57917
2971928125.0,-49.55671
2971928281.25,-49.5985
2971928437.5,-49.56833
2971928593.75,-49.54181
2971928750.0,-49.56664
2971928906.25,-49.57537
2971929062.5,-49.55832
2971929218.75,-49.57716
2971929375.0,-49.55857
2971929531.25,-49.57654
2971929687.5,-49.59613
2971929843.75,-49.56071
2971930000.0,-49.54333
2971930156.25,-49.58605
2971930312.5,-49.5671
2971930468.75,-49.54372
2971930625.0,-49.52087
2971930781.25,-49.55076
2971930937.5,-49.56206
2971931093.75,-49.54024
2971931250.0,-49.54457
2971931406.25,-49.56978
2971931562.5,-49.56015
2971931718.75,-49.54223
2971931875.0,-49.56532
2971932031.25,-49.49119
2971932187.5,-49.51834
2971932343.75,-49.54927
2971932500.0,-49.51119
2971932656.25,-49.5534
2971932812.5,-49.59421
2971932968.75,-49.53864
2971933125.0,-49.53402
2971933281.25,-49.57094
2971933437.5,-49.57018
2971933593.75,-49.51664
2971933750.0,-49.54964
2971933906.25,-49.55454
2971934062.5,-49.58621
2971934218.75,-49.58004
2971934375.0,-49.57717
2971934531.25,-49.56806
2971934687.5,-49.5598
2971934843.75,-49.48203
2971935000.0,-49.55859
2971935156.25,-49.50801
2971935312.5,-49.56127
2971935468.75,-49.49327
2971935625.0,-49.54388
2971935781.25,-49.50872
2971935937.5,-49.49804
2971936093.75,-49.5367
2971936250.0,-49.52326
2971936406.25,-49.46229
2971936562.5,-49.52018
2971936718.75,-49.52422
2971936875.0,-49.54386
2971937031.25,-49.53396
2971937187.5,-49.51986
2971937343.75,-49.54753
2971937500.0,-49.49147
2971937656.25,-49.5625
2971937812.5,-49.53673
2971937968.75,-49.5079
2971938125.0,-49.47663
2971938281.25,-49.48778
2971938437.5,-49.49378
2971938593.75,-49.53612
2971938750.0,-49.50177
2971938906.25,-49.53922
2971939062.5,-49.58018
2971939218.75,-49.50101
2971939375.0,-49.53138
2971939531.25,-49.50477
2971939687.5,-49.53702
2971939843.75,-49.5105
2971940000.0,-49.51547
2971940156.25,-49.49962
2971940312.5,-49.51077
2971940468.75,-49.46928
2971940625.0,-49.5001
2971940781.25,-49.52023
2971940937.5,-49.47653
2971941093.75,-49.44133
2971941250.0,-49.50116
2971941406.25,-49.56273
2971941562.5,-49.52843
2971941718.75,-49.46648
2971941875.0,-49.5349
2971942031.25,-49.51202
2971942187.5,-49.46992
2971942343.75,-49.50451
2971942500.0,-49.40845
2971942656.25,-49.44902
2971942812.5,-49.53854
2971942968.75,-49.50182
2971943125.0,-49.46805
2971943281.25,-49.52113
2971943437.5,-49.50107
2971943593.75,-49.43782
2971943750.0,-49.49409
2971943906.25,-49.46964
2971944062.5,-49.45316
2971944218.75,-49.52731
2971944375.0,-49.50179
2971944531.25,-49.45317
2971944687.5,-49.4963
2971944843.75,-49.462
2971945000.0,-49.46292
2971945156.25,-49.54677
2971945312.5,-49.51405
2971945468.75,-49.48046
2971945625.0,-49.50808
2971945781.25,-49.50215
2971945937.5,-49.43028
2971946093.75,-49.41762
2971946250.0,-49.47748
2971946406.25,-49.43348
2971946562.5,-49.45961
2971946718.75,-49.46196
2971946875.0,-49.4611
2971947031.25,-49.45436
2971947187.5,-49.4672
2971947343.75,-49.44947
2971947500.0,-49.41917
2971947656.25,-49.45478
2971947812.5,-49.48753
2971947968.75,-49.44488
2971948125.0,-49.43174
2971948281.25,-49.46812
2971948437.5,-49.44968
2971948593.75,-49.46008
2971948750.0,-49.50596
2971948906.25,-49.49918
2971949062.5,-49.53544
2971949218.75,-49.45072
2971949375.0,-49.46311
2971949531.25,-49.45674
2971949687.5,-49.41985
2971949843.75,-49.4561
2971950000.0,-49.4497
2971950156.25,-49.45864
2971950312.5,-49.45227
2971950468.75,-49.45069
2971950625.0,-49.45584
2971950781.25,-49.47398
2971950937.5,-49.41741
2971951093.75,-49.45007
2971951250.0,-49.46164
2971951406.25,-49.4508
2971951562.5,-49.47668
2971951718.75,-49.45266
2971951875.0,-49.38332
2971952031.25,-49.48454
2971952187.5,-49.40262
2971952343.75,-49.40461
2971952500.0,-49.42804
2971952656.25,-49.47861
2971952812.5,-49.40771
2971952968.75,-49.41453
2971953125.0,-49.41897
2971953281.25,-49.42377
2971953437.5,-49.47733
2971953593.75,-49.42311
2971953750.0,-49.44883
2971953906.25,-49.39721
2971954062.5,-49.40033
2971954218.75,-49.42484
2971954375.0,-49.42936
2971954531.25,-49.41637
2971954687.5,-49.43111
2971954843.75,-49.43002
2971955000.0,-49.42614
2971955156.25,-49.45992
2971955312.5,-49.45026
2971955468.75,-49.42745
2971955625.0,-49.47953
2971955781.25,-49.4224
2971955937.5,-49.41601
2971956093.75,-49.42352
2971956250.0,-49.38053
2971956406.25,-49.45473
2971956562.5,-49.41478
2971956718.75,-49.37148
2971956875.0,-49.3895
2971957031.25,-49.48618
2971957187.5,-49.46572
2971957343.75,-49.44358
2971957500.0,-49.38436
2971957656.25,-49.44655
2971957812.5,-49.42721
2971957968.75,-49.44529
2971958125.0,-49.39897
2971958281.25,-49.42892
2971958437.5,-49.38497
2971958593.75,-49.37516
2971958750.0,-49.48623
2971958906.25,-49.40576
2971959062.5,-49.40684
2971959218.75,-49.44482
2971959375.0,-49.39624
2971959531.25,-49.36338
2971959687.5,-49.3962
2971959843.75,-49.45198
2971960000.0,-49.45051
2971960156.25,-49.42099
2971960312.5,-49.45893
2971960468.75,-49.404
2971960625.0,-49.43209
2971960781.25,-49.42676
2971960937.5,-49.42089
2971961093.75,-49.42826
2971961250.0,-49.42454
2971961406.25,-49.40815
2971961562.5,-49.40952
2971961718.75,-49.41204
2971961875.0,-49.43588
2971962031.25,-49.40338
2971962187.5,-49.39827
2971962343.75,-49.36694
2971962500.0,-49.39934
2971962656.25,-49.42339
2971962812.5,-49.41495
2971962968.75,-49.3868
2971963125.0,-49.4022
2971963281.25,-49.40685
2971963437.5,-49.41467
2971963593.75,-49.38329
2971963750.0,-49.44074
2971963906.25,-49.42342
2971964062.5,-49.37555
2971964218.75,-49.42246
2971964375.0,-49.36703
2971964531.25,-49.31915
2971964687.5,-49.37342
2971964843.75,-49.35197
2971965000.0,-49.30018
2971965156.25,-49.41229
2971965312.5,-49.42295
2971965468.75,-49.3863
2971965625.0,-49.3915
2971965781.25,-49.37245
2971965937.5,-49.40783
2971966093.75,-49.32411
2971966250.0,-49.32887
2971966406.25,-49.43497
2971966562.5,-49.36937
2971966718.75,-49.40389
2971966875.0,-49.37323
2971967031.25,-49.42189
2971967187.5,-49.36821
2971967343.75,-49.373
2971967500.0,-49.3468
2971967656.25,-49.38839
2971967812.5,-49.37897
2971967968.75,-49.40218
2971968125.0,-49.36061
2971968281.25,-49.32524
2971968437.5,-49.33556
2971968593.75,-49.43377
2971968750.0,-49.40105
2971968906.25,-49.30851
2971969062.5,-49.38544
2971969218.75,-49.34717
2971969375.0,-49.29464
2971969531.25,-49.32516
2971969687.5,-49.33065
2971969843.75,-49.39882
2971970000.0,-49.34899
2971970156.25,-49.37489
2971970312.5,-49.34263
2971970468.75,-49.33257
2971970625.0,-49.38671
2971970781.25,-49.37039
2971970937.5,-49.35924
2971971093.75,-49.36787
2971971250.0,-49.37024
2971971406.25,-49.36803
2971971562.5,-49.361
2971971718.75,-49.3642
2971971875.0,-49.36488
2971972031.25,-49.34737
2971972187.5,-49.31327
2971972343.75,-49.32628
2971972500.0,-49.33799
2971972656.25,-49.35575
2971972812.5,-49.35463
2971972968.75,-49.3514
2971973125.0,-49.32164
2971973281.25,-49.34738
2971973437.5,-49.33634
2971973593.75,-49.31559
2971973750.0,-49.29611
2971973906.25,-49.29345
2971974062.5,-49.31353
2971974218.75,-49.35618
2971974375.0,-49.37767
2971974531.25,-49.27217
2971974687.5,-49.34046
2971974843.75,-49.3223
2971975000.0,-49.3578
2971975156.25,-49.31379
2971975312.5,-49.36724
2971975468.75,-49.29096
2971975625.0,-49.31384
2971975781.25,-49.34432
2971975937.5,-49.34691
2971976093.75,-49.31058
2971976250.0,-49.35228
2971976406.25,-49.30763
2971976562.5,-49.31054
2971976718.75,-49.31363
2971976875.0,-49.29377
2971977031.25,-49.30547
2971977187.5,-49.313
2971977343.75,-49.278
2971977500.0,-49.31823
2971977656.25,-49.33879
2971977812.5,-49.3088
2971977968.75,-49.3899
2971978125.0,-49.25865
2971978281.25,-49.29649
2971978437.5,-49.30824
2971978593.75,-49.29861
2971978750.0,-49.32069
2971978906.25,-49.33543
2971979062.5,-49.28991
2971979218.75,-49.31147
2971979375.0,-49.27263
2971979531.25,-49.35272
2971979687.5,-49.33189
2971979843.75,-49.30213
2971980000.0,-49.3219
2971980156.25,-49.30912
2971980312.5,-49.33592
2971980468.75,-49.29324
2971980625.0,-49.2935
2971980781.25,-49.29563
2971980937.5,-49.27653
2971981093.75,-49.30124
2971981250.0,-49.29749
2971981406.25,-49.27845
2971981562.5,-49.27165
2971981718.75,-49.3198
2971981875.0,-49.27976
2971982031.25,-49.30036
2971982187.5,-49.22863
2971982343.75,-49.24362
2971982500.0,-49.27076
2971982656.25,-49.30779
2971982812.5,-49.28532
2971982968.75,-49.30512
2971983125.0,-49.21926
2971983281.25,-49.28188
2971983437.5,-49.31036
2971983593.75,-49.27913
2971983750.0,-49.22643
2971983906.25,-49.31602
2971984062.5,-49.29442
2971984218.75,-49.32721
2971984375.0,-49.26327
2971984531.25,-49.29975
2971984687.5,-49.27974
2971984843.75,-49.2608
2971985000.0,-49.2792
2971985156.25,-49.255
2971985312.5,-49.30368
2971985468.75,-49.29406
2971985625.0,-49.27795
2971985781.25,-49.23325
2971985937.5,-49.29788
2971986093.75,-49.21722
2971986250.0,-49.29564
2971986406.25,-49.32117
2971986562.5,-49.26066
2971986718.75,-49.2466
2971986875.0,-49.24274
2971987031.25,-49.25156
2971987187.5,-49.23846
2971987343.75,-49.27475
2971987500.0,-49.23003
2971987656.25,-49.2554
2971987812.5,-49.29291
2971987968.75,-49.31702
2971988125.0,-49.23611
2971988281.25,-49.23812
2971988437.5,-49.29582
2971988593.75,-49.23557
2971988750.0,-49.25066
2971988906.25,-49.24998
2971989062.5,-49.2346
2971989218.75,-49.27865
2971989375.0,-49.22591
2971989531.25,-49.26381
2971989687.5,-49.24595
2971989843.75,-49.25322
2971990000.0,-49.25569
2971990156.25,-49.22683
2971990312.5,-49.25618
2971990468.75,-49.23616
2971990625.0,-49.29975
2971990781.25,-49.24538
2971990937.5,-49.18878
2971991093.75,-49.2066
2971991250.0,-49.20974
2971991406.25,-49.25784
2971991562.5,-49.2119
2971991718.75,-49.20117
2971991875.0,-49.2472
2971992031.25,-49.23111
2971992187.5,-49.23093
2971992343.75,-49.2217
2971992500.0,-49.24385
2971992656.25,-49.21869
2971992812.5,-49.19896
2971992968.75,-49.22719
2971993125.0,-49.23056
2971993281.25,-49.25524
2971993437.5,-49.23203
2971993593.75,-49.22689
2971993750.0,-49.20252
2971993906.25,-49.1897
2971994062.5,-49.25691
2971994218.75,-49.24475
2971994375.0,-49.21908
2971994531.25,-49.28152
2971994687.5,-49.22551
2971994843.75,-49.2146
2971995000.0,-49.22633
2971995156.25,-49.22235
2971995312.5,-49.19931
2971995468.75,-49.2117
2971995625.0,-49.16425
2971995781.25,-49.20214
2971995937.5,-49.19843
2971996093.75,-49.24395
2971996250.0,-49.20496
2971996406.25,-49.20574
2971996562.5,-49.20667
2971996718.75,-49.21157
2971996875.0,-49.21469
2971997031.25,-49.21684
2971997187.5,-49.24671
2971997343.75,-49.24689
2971997500.0,-49.1722
2971997656.25,-49.20928
2971997812.5,-49.17084
2971997968.75,-49.21578
2971998125.0,-49.1973
2971998281.25,-49.20107
2971998437.5,-49.2426
2971998593.75,-49.22049
2971998750.0,-49.19476
2971998906.25,-49.21904
2971999062.5,-49.21087
2971999218.75,-49.18468
2971999375.0,-49.1761
2971999531.25,-49.16319
2971999687.5,-49.21554
2971999843.75,-49.22366
2972000000.0,-49.19053
2972000156.25,-49.19498
2972000312.5,-49.19162
2972000468.75,-49.18526
2972000625.0,-49.20019
2972000781.25,-49.18951
2972000937.5,-49.17688
2972001093.75,-49.2069
2972001250.0,-49.19169
2972001406.25,-49.19299
2972001562.5,-49.17984
2972001718.75,-49.15427
2972001875.0,-49.19257
2972002031.25,-49.20691
2972002187.5,-49.19027
2972002343.75,-49.19917
2972002500.0,-49.21149
2972002656.25,-49.1307
2972002812.5,-49.22047
2972002968.75,-49.17096
2972003125.0,-49.1823
2972003281.25,-49.16896
2972003437.5,-49.19262
2972003593.75,-49.16111
2972003750.0,-49.13506
2972003906.25,-49.15112
2972004062.5,-49.15981
2972004218.75,-49.16339
2972004375.0,-49.15387
2972004531.25,-49.16756
2972004687.5,-49.15018
2972004843.75,-49.14994
2972005000.0,-49.15207
2972005156.25,-49.15594
2972005312.5,-49.18613
2972005468.75,-49.13404
2972005625.0,-49.1702
2972005781.25,-49.1969
2972005937.5,-49.17275
2972006093.75,-49.123
2972006250.0,-49.19015
2972006406.25,-49.1357
2972006562.5,-49.13742
2972006718.75,-49.14206
2972006875.0,-49.16513
2972007031.25,-49.11782
2972007187.5,-49.14368
2972007343.75,-49.14492
2972007500.0,-49.11425
2972007656.25,-49.14671
2972007812.5,-49.13665
2972007968.75,-49.15818
2972008125.0,-49.1277
2972008281.25,-49.15063
2972008437.5,-49.14189
2972008593.75,-49.15541
2972008750.0,-49.10925
2972008906.25,-49.15938
2972009062.5,-49.13153
2972009218.75,-49.15207
2972009375.0,-49.16509
2972009531.25,-49.15646
2972009687.5,-49.11862
2972009843.75,-49.14338
2972010000.0,-49.14991
2972010156.25,-49.1792
2972010312.5,-49.14351
2972010468.75,-49.14042
2972010625.0,-49.13326
2972010781.25,-49.09558
2972010937.5,-49.15225
2972011093.75,-49.10454
2972011250.0,-49.18077
2972011406.25,-49.15794
2972011562.5,-49.11258
2972011718.75,-49.13623
2972011875.0,-49.11087
2972012031.25,-49.13786
2972012187.5,-49.08906
2972012343.75,-49.08577
2972012500.0,-49.08173
2972012656.25,-49.10748
2972012812.5,-49.09647
2972012968.75,-49.16853
2972013125.0,-49.13647
2972013281.25,-49.11207
2972013437.5,-49.13391
2972013593.75,-49.13514
2972013750.0,-49.14622
2972013906.25,-49.13833
2972014062.5,-49.13023
2972014218.75,-49.16542
2972014375.0,-49.10721
2972014531.25,-49.09469
2972014687.5,-49.12108
2972014843.75,-49.12465
2972015000.0,-49.1357
2972015156.25,-49.12015
2972015312.5,-49.10067
2972015468.75,-49.07206
2972015625.0,-49.12075
2972015781.25,-49.04089
2972015937.5,-49.1314
2972016093.75,-49.08115
2972016250.0,-49.08486
2972016406.25,-49.07512
2972016562.5,-49.07184
2972016718.75,-49.09018
2972016875.0,-49.0731
2972017031.25,-49.08606
2972017187.5,-49.07825
2972017343.75,-49.08986
2972017500.0,-49.0384
2972017656.25,-49.08321
2972017812.5,-49.06775
2972017968.75,-49.10205
2972018125.0,-49.11203
2972018281.25,-49.10925
2972018437.5,-49.11497
2972018593.75,-49.0566
2972018750.0,-49.03133
2972018906.25,-49.10524
2972019062.5,-49.06961
2972019218.75,-49.09228
2972019375.0,-49.07378
2972019531.25,-49.10612
2972019687.5,-49.09574
2972019843.75,-49.07473
2972020000.0,-49.1107
2972020156.25,-49.06544
2972020312.5,-49.07719
2972020468.75,-49.07646
2972020625.0,-49.054
2972020781.25,-48.99508
2972020937.5,-49.0544
2972021093.75,-49.02511
2972021250.0,-49.06784
2972021406.25,-49.07624
2972021562.5,-49.13133
2972021718.75,-49.09897
2972021875.0,-49.03873
2972022031.25,-49.06799
2972022187.5,-49.10363
2972022343.75,-49.03664
2972022500.0,-49.07252
2972022656.25,-49.09192
2972022812.5,-49.06332
2972022968.75,-49.06658
2972023125.0,-49.07825
2972023281.25,-49.06733
2972023437.5,-49.03247
2972023593.75,-49.09285
2972023750.0,-49.10443
2972023906.25,-49.05384
2972024062.5,-49.05704
2972024218.75,-49.01405
2972024375.0,-49.03635
2972024531.25,-49.11242
2972024687.5,-49.05146
2972024843.75,-49.02317
2972025000.0,-49.07033
2972025156.25,-49.0959
2972025312.5,-49.05967
2972025468.75,-49.11104
2972025625.0,-49.08125
2972025781.25,-49.05335
2972025937.5,-49.06589
2972026093.75,-49.09174
2972026250.0,-49.03839
2972026406.25,-49.06853
2972026562.5,-49.07344
2972026718.75,-48.99135
2972026875.0,-49.05053
2972027031.25,-49.01453
2972027187.5,-49.0326
2972027343.75,-49.05473
2972027500.0,-49.02117
2972027656.25,-48.97467
2972027812.5,-49.05468
2972027968.75,-49.09461
2972028125.0,-49.04475
2972028281.25,-49.07851
2972028437.5,-49.0357
2972028593.75,-49.03221
2972028750.0,-49.04153
2972028906.25,-49.04655
2972029062.5,-49.0178
2972029218.75,-49.01883
2972029375.0,-48.99291
2972029531.25,-48.96694
2972029687.5,-49.01873
2972029843.75,-49.0494
2972030000.0,-49.02908
2972030156.25,-49.03494
2972030312.5,-49.03497
2972030468.75,-49.00615
2972030625.0,-49.00358
2972030781.25,-49.00673
2972030937.5,-49.03252
2972031093.75,-49.03988
2972031250.0,-49.026
2972031406.25,-48.95766
2972031562.5,-49.06591
2972031718.75,-49.02566
2972031875.0,-49.02082
2972032031.25,-49.05442
2972032187.5,-48.99101
2972032343.75,-48.99521
2972032500.0,-48.96397
2972032656.25,-49.04213
2972032812.5,-49.04726
2972032968.75,-49.02927
2972033125.0,-48.99723
2972033281.25,-49.03834
2972033437.5,-49.02527
2972033593.75,-48.99095
2972033750.0,-48.95519
2972033906.25,-49.0257
2972034062.5,-49.01868
2972034218.75,-49.0487
2972034375.0,-48.99162
2972034531.25,-49.0198
2972034687.5,-49.01704
2972034843.75,-49.00591
2972035000.0,-49.01907
2972035156.25,-48.98887
2972035312.5,-49.00153
2972035468.75,-48.95672
2972035625.0,-49.02408
2972035781.25,-49.01459
2972035937.5,-49.06203
2972036093.75,-49.01299
2972036250.0,-48.99323
2972036406.25,-48.96751
2972036562.5,-48.9665
2972036718.75,-48.98248
2972036875.0,-48.99413
2972037031.25,-48.99126
2972037187.5,-49.02272
2972037343.75,-49.02035
2972037500.0,-48.97177
2972037656.25,-48.9947
2972037812.5,-49.01161
2972037968.75,-49.02599
2972038125.0,-48.99191
2972038281.25,-48.97931
2972038437.5,-48.94394
2972038593.75,-48.99995
2972038750.0,-48.96845
2972038906.25,-48.92543
2972039062.5,-48.99743
2972039218.75,-48.98096
2972039375.0,-49.01899
2972039531.25,-48.9873
2972039687.5,-48.9424
2972039843.75,-48.95995
2972040000.0,-48.99395
2972040156.25,-48.99485
2972040312.5,-48.93853
2972040468.75,-48.97757
2972040625.0,-48.9722
2972040781.25,-48.97276
2972040937.5,-48.94364
2972041093.75,-48.95274
2972041250.0,-48.97421
2972041406.25,-48.9612
2972041562.5,-48.94596
2972041718.75,-48.97933
2972041875.0,-48.9553
2972042031.25,-48.94399
2972042187.5,-48.93983
2972042343.75,-48.95087
2972042500.0,-48.93591
2972042656.25,-48.98792
2972042812.5,-48.93357
2972042968.75,-48.95157
2972043125.0,-48.94962
2972043281.25,-48.90738
2972043437.5,-48.98465
2972043593.75,-48.98737
2972043750.0,-48.9916
2972043906.25,-48.93444
2972044062.5,-48.95608
2972044218.75,-48.94059
2972044375.0,-48.9341
2972044531.25,-48.92268
2972044687.5,-48.91513
2972044843.75,-48.94531
2972045000.0,-48.92061
2972045156.25,-48.95953
2972045312.5,-48.94419
2972045468.75,-48.97286
2972045625.0,-48.9574
2972045781.25,-48.94281
2972045937.5,-48.97341
2972046093.75,-48.92793
2972046250.0,-48.93257
2972046406.25,-48.95461
2972046562.5,-48.87159
2972046718.75,-48.97937
2972046875.0,-48.97438
2972047031.25,-48.91044
2972047187.5,-48.92672
2972047343.75,-48.96783
2972047500.0,-48.9152
2972047656.25,-48.95947
2972047812.5,-48.93095
2972047968.75,-48.89712
2972048125.0,-48.9519
2972048281.25,-48.91302
2972048437.5,-48.9402
2972048593.75,-48.9185
2972048750.0,-48.87886
2972048906.25,-48.8973
2972049062.5,-48.92471
2972049218.75,-48.91576
2972049375.0,-48.92421
2972049531.25,-48.92572
2972049687.5,-48.91807
2972049843.75,-48.91653
2972050000.0,-48.90294
2972050156.25,-48.94276
2972050312.5,-48.89335
2972050468.75,-48.89663
2972050625.0,-48.97884
2972050781.25,-48.90335
2972050937.5,-48.90027
2972051093.75,-48.87856
2972051250.0,-48.89241
2972051406.25,-48.93666
2972051562.5,-48.90047
2972051718.75,-48.89156
2972051875.0,-48.87737
2972052031.25,-48.83527
2972052187.5,-48.91179
2972052343.75,-48.90958
2972052500.0,-48.86699
2972052656.25,-48.92258
2972052812.5,-48.92994
2972052968.75,-48.86359
2972053125.0,-48.91407
2972053281.25,-48.88773
2972053437.5,-48.87278
2972053593.75,-48.89943
2972053750.0,-48.93178
2972053906.25,-48.9298
2972054062.5,-48.90881
2972054218.75,-48.85646
2972054375.0,-48.90852
2972054531.25,-48.87373
2972054687.5,-48.83148
2972054843.75,-48.86134
2972055000.0,-48.89727
2972055156.25,-48.84381
2972055312.5,-48.91642
2972055468.75,-48.8713
2972055625.0,-48.89378
2972055781.25,-48.90481
2972055937.5,-48.87124
2972056093.75,-48.90157
2972056250.0,-48.89349
2972056406.25,-48.90261
2972056562.5,-48.8746
2972056718.75,-48.93385
2972056875.0,-48.9048
2972057031.25,-48.90903
2972057187.5,-48.90895
2972057343.75,-48.93382
2972057500.0,-48.87959
2972057656.25,-48.85473
2972057812.5,-48.84326
2972057968.75,-48.8405
2972058125.0,-48.83693
2972058281.25,-48.87717
2972058437.5,-48.81716
2972058593.75,-48.90914
2972058750.0,-48.83659
2972058906.25,-48.88177
2972059062.5,-48.89835
2972059218.75,-48.84995
2972059375.0,-48.82625
2972059531.25,-48.89476
2972059687.5,-48.84232
2972059843.75,-48.88746
2972060000.0,-48.89287
2972060156.25,-48.87302
2972060312.5,-48.84826
2972060468.75,-48.86684
2972060625.0,-48.83542
2972060781.25,-48.84713
2972060937.5,-48.88834
2972061093.75,-48.8418
2972061250.0,-48.86606
2972061406.25,-48.82369
2972061562.5,-48.79862
2972061718.75,-48.87144
2972061875.0,-48.86
2972062031.25,-48.86037
2972062187.5,-48.78871
2972062343.75,-48.86163
2972062500.0,-48.80431
2972062656.25,-48.84554
2972062812.5,-48.88897
2972062968.75,-48.80074
2972063125.0,-48.85279
2972063281.25,-48.84523
2972063437.5,-48.8206
2972063593.75,-48.80476
2972063750.0,-48.83707
2972063906.25,-48.83743
2972064062.5,-48.84527
2972064218.75,-48.81938
2972064375.0,-48.83135
2972064531.25,-48.81595
2972064687.5,-48.87694
2972064843.75,-48.82566
2972065000.0,-48.80441
2972065156.25,-48.7955
2972065312.5,-48.82515
2972065468.75,-48.79882
2972065625.0,-48.85447
2972065781.25,-48.81933
2972065937.5,-48.82156
2972066093.75,-48.84583
2972066250.0,-48.81707
2972066406.25,-48.85807
2972066562.5,-48.80242
2972066718.75,-48.83635
2972066875.0,-48.82193
2972067031.25,-48.82966
2972067187.5,-48.79349
2972067343.75,-48.78509
2972067500.0,-48.8821
2972067656.25,-48.82763
2972067812.5,-48.83968
2972067968.75,-48.76905
2972068125.0,-48.81293
2972068281.25,-48.81559
2972068437.5,-48.76028
2972068593.75,-48.78465
2972068750.0,-48.8342
2972068906.25,-48.81493
2972069062.5,-48.8255
2972069218.75,-48.85344
2972069375.0,-48.79086
2972069531.25,-48.79247
2972069687.5,-48.81993
2972069843.75,-48.80348
2972070000.0,-48.7923
2972070156.25,-48.82551
2972070312.5,-48.82097
2972070468.75,-48.74254
2972070625.0,-48.81613
2972070781.25,-48.82804
2972070937.5,-48.75246
2972071093.75,-48.73693
2972071250.0,-48.78796
2972071406.25,-48.80583
2972071562.5,-48.84168
2972071718.75,-48.82571
2972071875.0,-48.78057
2972072031.25,-48.84232
2972072187.5,-48.82943
2972072343.75,-48.8149
2972072500.0,-48.78494
2972072656.25,-48.78289
2972072812.5,-48.81416
2972072968.75,-48.77102
2972073125.0,-48.79141
2972073281.25,-48.7916
2972073437.5,-48.807
2972073593.75,-48.78032
2972073750.0,-48.74818
2972073906.25,-48.74942
2972074062.5,-48.77301
2972074218.75,-48.81919
2972074375.0,-48.77892
2972074531.25,-48.81439
2972074687.5,-48.77628
2972074843.75,-48.7903
2972075000.0,-48.77879
2972075156.25,-48.79003
2972075312.5,-48.79172
2972075468.75,-48.78569
2972075625.0,-48.7959
2972075781.25,-48.77319
2972075937.5,-48.78311
2972076093.75,-48.75882
2972076250.0,-48.75859
2972076406.25,-48.78059
2972076562.5,-48.79228
2972076718.75,-48.73735
2972076875.0,-48.71211
2972077031.25,-48.76386
2972077187.5,-48.75418
2972077343.75,-48.7761
2972077500.0,-48.76558
2972077656.25,-48.74231
2972077812.5,-48.77188
2972077968.75,-48.78412
2972078125.0,-48.77073
2972078281.25,-48.76326
2972078437.5,-48.78002
2972078593.75,-48.7366
2972078750.0,-48.72356
2972078906.25,-48.79819
2972079062.5,-48.77425
2972079218.75,-48.7691
2972079375.0,-48.76658
2972079531.25,-48.77201
2972079687.5,-48.78194
2972079843.75,-48.78556
2972080000.0,-48.74171
2972080156.25,-48.73409
2972080312.5,-48.78596
2972080468.75,-48.73129
2972080625.0,-48.75864
2972080781.25,-48.73851
2972080937.5,-48.74371
2972081093.75,-48.74074
2972081250.0,-48.74452
2972081406.25,-48.75459
2972081562.5,-48.7392
2972081718.75,-48.70167
2972081875.0,-48.70857
2972082031.25,-48.78745
2972082187.5,-48.76053
2972082343.75,-48.68346
2972082500.0,-48.73928
2972082656.25,-48.72458
2972082812.5,-48.75519
2972082968.75,-48.735
2972083125.0,-48.79475
2972083281.25,-48.73201
2972083437.5,-48.68988
2972083593.75,-48.70384
2972083750.0,-48.77309
2972083906.25,-48.70469
2972084062.5,-48.73321
2972084218.75,-48.68175
2972084375.0,-48.71958
2972084531.25,-48.76633
2972084687.5,-48.67912
2972084843.75,-48.75467
2972085000.0,-48.71368
2972085156.25,-48.67119
2972085312.5,-48.73566
2972085468.75,-48.70326
2972085625.0,-48.73909
2972085781.25,-48.74522
2972085937.5,-48.74013
2972086093.75,-48.71231
2972086250.0,-48.71185
2972086406.25,-48.69813
2972086562.5,-48.69315
2972086718.75,-48.67962
2972086875.0,-48.69543
2972087031.25,-48.71563
2972087187.5,-48.68758
2972087343.75,-48.69568
2972087500.0,-48.72914
2972087656.25,-48.70588
2972087812.5,-48.66888
2972087968.75,-48.71781
2972088125.0,-48.7189
2972088281.25,-48.75888
2972088437.5,-48.69003
2972088593.75,-48.71999
2972088750.0,-48.72826
2972088906.25,-48.6436
2972089062.5,-48.7127
2972089218.75,-48.67636
2972089375.0,-48.68605
2972089531.25,-48.66655
2972089687.5,-48.65555
2972089843.75,-48.66143
2972090000.0,-48.70081
2972090156.25,-48.706
2972090312.5,-48.66059
2972090468.75,-48.72557
2972090625.0,-48.71135
2972090781.25,-48.66827
2972090937.5,-48.68754
2972091093.75,-48.70461
2972091250.0,-48.70015
2972091406.25,-48.68848
2972091562.5,-48.68977
2972091718.75,-48.66909
2972091875.0,-48.70955
2972092031.25,-48.70531
2972092187.5,-48.67642
2972092343.75,-48.70696
2972092500.0,-48.69503
2972092656.25,-48.66278
2972092812.5,-48.70238
2972092968.75,-48.66438
2972093125.0,-48.70149
2972093281.25,-48.64721
2972093437.5,-48.64706
2972093593.75,-48.6377
2972093750.0,-48.72327
2972093906.25,-48.72056
2972094062.5,-48.63194
2972094218.75,-48.66162
2972094375.0,-48.66525
2972094531.25,-48.68143
2972094687.5,-48.66379
2972094843.75,-48.62589
2972095000.0,-48.65466
2972095156.25,-48.68004
2972095312.5,-48.64284
2972095468.75,-48.67761
2972095625.0,-48.61889
2972095781.25,-48.62455
2972095937.5,-48.68793
2972096093.75,-48.60326
2972096250.0,-48.65157
2972096406.25,-48.66936
2972096562.5,-48.68953
2972096718.75,-48.61854
2972096875.0,-48.66787
2972097031.25,-48.65023
2972097187.5,-48.65191
2972097343.75,-48.64178
2972097500.0,-48.63633
2972097656.25,-48.67072
2972097812.5,-48.68069
2972097968.75,-48.62052
2972098125.0,-48.66667
2972098281.25,-48.69232
2972098437.5,-48.62019
2972098593.75,-48.61652
2972098750.0,-48.63176
2972098906.25,-48.6499
2972099062.5,-48.64208
2972099218.75,-48.6094
2972099375.0,-48.65265
2972099531.25,-48.62988
2972099687.5,-48.63124
2972099843.75,-48.62167
2972100000.0,-48.62217
2972100156.25,-48.60325
2972100312.5,-48.64845
2972100468.75,-48.66056
2972100625.0,-48.63519
2972100781.25,-48.62397
2972100937.5,-48.64026
2972101093.75,-48.66784
2972101250.0,-48.58864
2972101406.25,-48.62309
2972101562.5,-48.61452
2972101718.75,-48.64395
2972101875.0,-48.63694
2972102031.25,-48.67389
2972102187.5,-48.5821
2972102343.75,-48.65832
2972102500.0,-48.6203
2972102656.25,-48.61945
2972102812.5,-48.61237
2972102968.75,-48.66292
2972103125.0,-48.61058
2972103281.25,-48.62948
2972103437.5,-48.63603
2972103593.75,-48.59622
2972103750.0,-48.59743
2972103906.25,-48.62503
2972104062.5,-48.60667
2972104218.75,-48.59074
2972104375.0,-48.6547
2972104531.25,-48.61578
2972104687.5,-48.56129
2972104843.75,-48.63228
2972105000.0,-48.67136
2972105156.25,-48.60527
2972105312.5,-48.62936
2972105468.75,-48.62518
2972105625.0,-48.60062
2972105781.25,-48.63926
2972105937.5,-48.59777
2972106093.75,-48.55237
2972106250.0,-48.60117
2972106406.25,-48.59271
2972106562.5,-48.58909
2972106718.75,-48.67695
2972106875.0,-48.56482
2972107031.25,-48.66154
2972107187.5,-48.5737
2972107343.75,-48.59824
2972107500.0,-48.60192
2972107656.25,-48.58325
2972107812.5,-48.62796
2972107968.75,-48.56738
2972108125.0,-48.58976
2972108281.25,-48.609
2972108437.5,-48.58237
2972108593.75,-48.62084
2972108750.0,-48.60888
2972108906.25,-48.58583
2972109062.5,-48.61836
2972109218.75,-48.59111
2972109375.0,-48.60768
2972109531.25,-48.54635
2972109687.5,-48.55364
2972109843.75,-48.54648
2972110000.0,-48.60763
2972110156.25,-48.56003
2972110312.5,-48.55802
2972110468.75,-48.61013
2972110625.0,-48.58802
2972110781.25,-48.58597
2972110937.5,-48.61875
2972111093.75,-48.60404
2972111250.0,-48.54164
2972111406.25,-48.57534
2972111562.5,-48.59484
2972111718.75,-48.54928
2972111875.0,-48.57032
2972112031.25,-48.57093
2972112187.5,-48.58206
2972112343.75,-48.54067
2972112500.0,-48.54483
2972112656.25,-48.60224
2972112812.5,-48.62839
2972112968.75,-48.55096
2972113125.0,-48.58884
2972113281.25,-48.52991
2972113437.5,-48.57529
2972113593.75,-48.5566
2972113750.0,-48.5647
2972113906.25,-48.54859
2972114062.5,-48.5715
2972114218.75,-48.53554
2972114375.0,-48.54015
2972114531.25,-48.52233
2972114687.5,-48.53006
2972114843.75,-48.56773
2972115000.0,-48.54038
2972115156.25,-48.52988
2972115312.5,-48.54572
2972115468.75,-48.52763
2972115625.0,-48.57169
2972115781.25,-48.54411
2972115937.5,-48.50534
2972116093.75,-48.5616
2972116250.0,-48.53043
2972116406.25,-48.52373
2972116562.5,-48.51672
2972116718.75,-48.52543
2972116875.0,-48.53366
2972117031.25,-48.51709
2972117187.5,-48.54861
2972117343.75,-48.54082
2972117500.0,-48.49713
2972117656.25,-48.5053
2972117812.5,-48.53394
2972117968.75,-48.49895
2972118125.0,-48.54594
2972118281.25,-48.46641
2972118437.5,-48.53421
2972118593.75,-48.52696
2972118750.0,-48.51045
2972118906.25,-48.57785
2972119062.5,-48.52753
2972119218.75,-48.50524
2972119375.0,-48.52802
2972119531.25,-48.47411
2972119687.5,-48.51341
2972119843.75,-48.52574
2972120000.0,-48.50031
2972120156.25,-48.55519
2972120312.5,-48.49236
2972120468.75,-48.55859
2972120625.0,-48.51191
2972120781.25,-48.5452
2972120937.5,-48.55647
2972121093.75,-48.52633
2972121250.0,-48.4974
2972121406.25,-48.53325
2972121562.5,-48.56355
2972121718.75,-48.55095
2972121875.0,-48.47313
2972122031.25,-48.5234
2972122187.5,-48.52213
2972122343.75,-48.5463
2972122500.0,-48.48858
2972122656.25,-48.51768
2972122812.5,-48.54005
2972122968.75,-48.48939
2972123125.0,-48.48101
2972123281.25,-48.51533
2972123437.5,-48.52342
2972123593.75,-48.50535
2972123750.0,-48.53143
2972123906.25,-48.45261
2972124062.5,-48.49976
2972124218.75,-48.53216
2972124375.0,-48.46322
2972124531.25,-48.51877
2972124687.5,-48.44485
2972124843.75,-48.532
2972125000.0,-48.47316
2972125156.25,-48.50901
2972125312.5,-48.45625
2972125468.75,-48.51635
2972125625.0,-48.51759
2972125781.25,-48.49375
2972125937.5,-48.52236
2972126093.75,-48.52597
2972126250.0,-48.51458
2972126406.25,-48.43007
2972126562.5,-48.54083
2972126718.75,-48.50651
2972126875.0,-48.50128
2972127031.25,-48.4875
2972127187.5,-48.5086
2972127343.75,-48.50606
2972127500.0,-48.48421
2972127656.25,-48.48583
2972127812.5,-48.46318
2972127968.75,-48.49428
2972128125.0,-48.47729
2972128281.25,-48.45729
2972128437.5,-48.47448
2972128593.75,-48.44847
2972128750.0,-48.43257
2972128906.25,-48.42167
2972129062.5,-48.43717
2972129218.75,-48.48566
2972129375.0,-48.48875
2972129531.25,-48.49109
2972129687.5,-48.46527
2972129843.75,-48.46929
2972130000.0,-48.45916
2972130156.25,-48.47533
2972130312.5,-48.43955
2972130468.75,-48.45447
2972130625.0,-48.46458
2972130781.25,-48.44013
2972130937.5,-48.48459
2972131093.75,-48.45258
2972131250.0,-48.41996
2972131406.25,-48.44473
2972131562.5,-48.46181
2972131718.75,-48.47661
2972131875.0,-48.4713
2972132031.25,-48.43071
2972132187.5,-48.48009
2972132343.75,-48.47438
2972132500.0,-48.45737
2972132656.25,-48.44013
2972132812.5,-48.45934
2972132968.75,-48.44512
2972133125.0,-48.49617
2972133281.25,-48.41244
2972133437.5,-48.45318
2972133593.75,-48.46131
2972133750.0,-48.4591
2972133906.25,-48.44269
2972134062.5,-48.43553
2972134218.75,-48.42952
2972134375.0,-48.49054
2972134531.25,-48.43152
2972134687.5,-48.4519
2972134843.75,-48.4204
2972135000.0,-48.43126
2972135156.25,-48.43102
2972135312.5,-48.43284
2972135468.75,-48.39545
2972135625.0,-48.43526
2972135781.25,-48.46012
2972135937.5,-48.40052
2972136093.75,-48.41947
2972136250.0,-48.48118
2972136406.25,-48.43034
2972136562.5,-48.4781
2972136718.75,-48.44356
2972136875.0,-48.3779
2972137031.25,-48.4163
2972137187.5,-48.39006
2972137343.75,-48.43008
2972137500.0,-48.41276
2972137656.25,-48.38767
2972137812.5,-48.42362
2972137968.75,-48.39199
2972138125.0,-48.37278
2972138281.25,-48.3814
2972138437.5,-48.43336
2972138593.75,-48.40883
2972138750.0,-48.39626
2972138906.25,-48.36122
2972139062.5,-48.39798
2972139218.75,-48.43677
2972139375.0,-48.38644
2972139531.25,-48.39895
2972139687.5,-48.37645
2972139843.75,-48.41266
2972140000.0,-48.38204
2972140156.25,-48.39822
2972140312.5,-48.36028
2972140468.75,-48.39498
2972140625.0,-48.37981
2972140781.25,-48.401
2972140937.5,-48.41772
2972141093.75,-48.37943
2972141250.0,-48.42536
2972141406.25,-48.37834
2972141562.5,-48.35857
2972141718.75,-48.40927
2972141875.0,-48.38064
2972142031.25,-48.36902
2972142187.5,-48.31756
2972142343.75,-48.37975
2972142500.0,-48.40168
2972142656.25,-48.42893
2972142812.5,-48.41647
2972142968.75,-48.39602
2972143125.0,-48.38298
2972143281.25,-48.36593
2972143437.5,-48.44104
2972143593.75,-48.34919
2972143750.0,-48.4006
2972143906.25,-48.41579
2972144062.5,-48.40735
2972144218.75,-48.39141
2972144375.0,-48.40488
2972144531.25,-48.39563
2972144687.5,-48.40078
2972144843.75,-48.43424
2972145000.0,-48.39199
2972145156.25,-48.4164
2972145312.5,-48.38307
2972145468.75,-48.34749
2972145625.0,-48.39896
2972145781.25,-48.33159
2972145937.5,-48.34199
2972146093.75,-48.31281
2972146250.0,-48.3635
2972146406.25,-48.36836
2972146562.5,-48.36384
2972146718.75,-48.35951
2972146875.0,-48.37371
2972147031.25,-48.35604
2972147187.5,-48.38816
2972147343.75,-48.38727
2972147500.0,-48.38319
2972147656.25,-48.37358
2972147812.5,-48.34156
2972147968.75,-48.35832
2972148125.0,-48.35604
2972148281.25,-48.32972
2972148437.5,-48.43462
2972148593.75,-48.33291
2972148750.0,-48.36559
2972148906.25,-48.38364
2972149062.5,-48.35396
2972149218.75,-48.33895
2972149375.0,-48.31614
2972149531.25,-48.34357
2972149687.5,-48.33732
2972149843.75,-48.32692
2972150000.0,-48.36366
2972150156.25,-48.35336
2972150312.5,-48.3426
2972150468.75,-48.34867
2972150625.0,-48.32215
2972150781.25,-48.36911
2972150937.5,-48.3571
2972151093.75,-48.2934
2972151250.0,-48.34219
2972151406.25,-48.32483
2972151562.5,-48.35669
2972151718.75,-48.34499
2972151875.0,-48.33007
2972152031.25,-48.34485
2972152187.5,-48.32439
2972152343.75,-48.36432
2972152500.0,-48.33366
2972152656.25,-48.35295
2972152812.5,-48.31213
2972152968.75,-48.3014
2972153125.0,-48.31141
2972153281.25,-48.30887
2972153437.5,-48.29807
2972153593.75,-48.27941
2972153750.0,-48.31397
2972153906.25,-48.33498
2972154062.5,-48.33427
2972154218.75,-48.31551
2972154375.0,-48.31501
2972154531.25,-48.27991
2972154687.5,-48.34046
2972154843.75,-48.3261
2972155000.0,-48.36084
2972155156.25,-48.33956
2972155312.5,-48.30503
2972155468.75,-48.32945
2972155625.0,-48.3021
2972155781.25,-48.30922
2972155937.5,-48.31558
2972156093.75,-48.28771
2972156250.0,-48.32294
2972156406.25,-48.28451
2972156562.5,-48.2437
2972156718.75,-48.29335
2972156875.0,-48.27628
2972157031.25,-48.35329
2972157187.5,-48.32723
2972157343.75,-48.30811
2972157500.0,-48.3027
2972157656.25,-48.30976
2972157812.5,-48.30044
2972157968.75,-48.29202
2972158125.0,-48.26943
2972158281.25,-48.32944
2972158437.5,-48.31006
2972158593.75,-48.31617
2972158750.0,-48.28364
2972158906.25,-48.25608
2972159062.5,-48.30977
2972159218.75,-48.29002
2972159375.0,-48.30606
2972159531.25,-48.2961
2972159687.5,-48.28782
2972159843.75,-48.29125
2972160000.0,-48.28437
2972160156.25,-48.29294
2972160312.5,-48.23357
2972160468.75,-48.28164
2972160625.0,-48.24031
2972160781.25,-48.28327
2972160937.5,-48.28937
2972161093.75,-48.26401
2972161250.0,-48.27761
2972161406.25,-48.2543
2972161562.5,-48.26453
2972161718.75,-48.28305
2972161875.0,-48.23357
2972162031.25,-48.27293
2972162187.5,-48.30615
2972162343.75,-48.30077
2972162500.0,-48.27773
2972162656.25,-48.32416
2972162812.5,-48.25434
2972162968.75,-48.28922
2972163125.0,-48.27173
2972163281.25,-48.28642
2972163437.5,-48.29102
2972163593.75,-48.2806
2972163750.0,-48.27077
2972163906.25,-48.24886
2972164062.5,-48.27296
2972164218.75,-48.23761
2972164375.0,-48.24718
2972164531.25,-48.27032
2972164687.5,-48.26243
2972164843.75,-48.21184
2972165000.0,-48.24756
2972165156.25,-48.24433
2972165312.5,-48.26393
2972165468.75,-48.2873
2972165625.0,-48.29258
2972165781.25,-48.245
2972165937.5,-48.24206
2972166093.75,-48.22305
2972166250.0,-48.23154
2972166406.25,-48.27156
2972166562.5,-48.25076
2972166718.75,-48.21347
2972166875.0,-48.23677
2972167031.25,-48.23428
2972167187.5,-48.21157
2972167343.75,-48.25357
2972167500.0,-48.25857
2972167656.25,-48.24185
2972167812.5,-48.23514
2972167968.75,-48.28855
2972168125.0,-48.22934
2972168281.25,-48.24284
2972168437.5,-48.24012
2972168593.75,-48.24141
2972168750.0,-48.25266
2972168906.25,-48.23163
2972169062.5,-48.22985
2972169218.75,-48.24569
2972169375.0,-48.22403
2972169531.25,-48.24988
2972169687.5,-48.27353
2972169843.75,-48.21643
2972170000.0,-48.21915
2972170156.25,-48.252
2972170312.5,-48.24967
2972170468.75,-48.22793
2972170625.0,-48.25837
2972170781.25,-48.2043
2972170937.5,-48.23635
2972171093.75,-48.19016
2972171250.0,-48.23406
2972171406.25,-48.19644
2972171562.5,-48.23651
2972171718.75,-48.22248
2972171875.0,-48.21578
2972172031.25,-48.22702
2972172187.5,-48.23307
2972172343.75,-48.17733
2972172500.0,-48.18501
2972172656.25,-48.22711
2972172812.5,-48.19752
2972172968.75,-48.23722
2972173125.0,-48.20881
2972173281.25,-48.22972
2972173437.5,-48.22316
2972173593.75,-48.23359
2972173750.0,-48.25258
2972173906.25,-48.20203
2972174062.5,-48.22435
2972174218.75,-48.244
2972174375.0,-48.22157
2972174531.25,-48.17155
2972174687.5,-48.18149
2972174843.75,-48.20422
2972175000.0,-48.20697
2972175156.25,-48.23013
2972175312.5,-48.22003
2972175468.75,-48.1766
2972175625.0,-48.15651
2972175781.25,-48.17845
2972175937.5,-48.21315
2972176093.75,-48.18924
2972176250.0,-48.19379
2972176406.25,-48.19196
2972176562.5,-48.17899
2972176718.75,-48.18211
2972176875.0,-48.22392
2972177031.25,-48.16673
2972177187.5,-48.16175
2972177343.75,-48.22412
2972177500.0,-48.21906
2972177656.25,-48.18436
2972177812.5,-48.18874
2972177968.75,-48.17728
2972178125.0,-48.17349
2972178281.25,-48.22165
2972178437.5,-48.20095
2972178593.75,-48.16062
2972178750.0,-48.1771
2972178906.25,-48.20164
2972179062.5,-48.18423
2972179218.75,-48.21896
2972179375.0,-48.15099
2972179531.25,-48.17199
2972179687.5,-48.22407
2972179843.75,-48.1858
2972180000.0,-48.18316
2972180156.25,-48.18036
2972180312.5,-48.13802
2972180468.75,-48.12746
2972180625.0,-48.21615
2972180781.25,-48.20168
2972180937.5,-48.19135
2972181093.75,-48.16512
2972181250.0,-48.20608
2972181406.25,-48.17181
2972181562.5,-48.1268
2972181718.75,-48.19457
2972181875.0,-48.14642
2972182031.25,-48.14808
2972182187.5,-48.16981
2972182343.75,-48.13308
2972182500.0,-48.11354
2972182656.25,-48.16791
2972182812.5,-48.16068
2972182968.75,-48.13541
2972183125.0,-48.14747
2972183281.25,-48.15892
2972183437.5,-48.14854
2972183593.75,-48.12947
2972183750.0,-48.18375
2972183906.25,-48.13806
2972184062.5,-48.11878
2972184218.75,-48.16604
2972184375.0,-48.17507
2972184531.25,-48.13332
2972184687.5,-48.14804
2972184843.75,-48.07814
2972185000.0,-48.15943
2972185156.25,-48.1173
2972185312.5,-48.0999
2972185468.75,-48.14182
2972185625.0,-48.11351
2972185781.25,-48.13475
2972185937.5,-48.11943
2972186093.75,-48.09264
2972186250.0,-48.12619
2972186406.25,-48.13142
2972186562.5,-48.13395
2972186718.75,-48.12772
2972186875.0,-48.10046
2972187031.25,-48.09853
2972187187.5,-48.1206
2972187343.75,-48.10253
2972187500.0,-48.14362
2972187656.25,-48.09209
2972187812.5,-48.11597
2972187968.75,-48.11071
2972188125.0,-48.17413
2972188281.25,-48.09898
2972188437.5,-48.13757
2972188593.75,-48.10072
2972188750.0,-48.12101
2972188906.25,-48.13302
2972189062.5,-48.11578
2972189218.75,-48.15662
2972189375.0,-48.12748
2972189531.25,-48.06308
2972189687.5,-48.15144
2972189843.75,-48.10759
2972190000.0,-48.10205
2972190156.25,-48.12001
2972190312.5,-48.06504
2972190468.75,-48.11237
2972190625.0,-48.08229
2972190781.25,-48.11526
2972190937.5,-48.10178
2972191093.75,-48.12609
2972191250.0,-48.08146
2972191406.25,-48.07827
2972191562.5,-48.04229
2972191718.75,-48.09428
2972191875.0,-48.09003
2972192031.25,-48.06577
2972192187.5,-48.08187
2972192343.75,-48.10875
2972192500.0,-48.08938
2972192656.25,-48.07593
2972192812.5,-48.05241
2972192968.75,-48.1432
2972193125.0,-48.09676
2972193281.25,-48.10942
2972193437.5,-48.06227
2972193593.75,-48.06763
2972193750.0,-48.04168
2972193906.25,-48.05024
2972194062.5,-48.09077
2972194218.75,-48.06584
2972194375.0,-48.0504
2972194531.25,-48.10033
2972194687.5,-48.0719
2972194843.75,-48.10736
2972195000.0,-48.06756
2972195156.25,-48.08648
2972195312.5,-48.08645
2972195468.75,-48.10266
2972195625.0,-48.04641
2972195781.25,-48.08583
2972195937.5,-48.07682
2972196093.75,-48.04828
2972196250.0,-48.10864
2972196406.25,-48.07776
2972196562.5,-48.07731
2972196718.75,-48.04453
2972196875.0,-48.0404
2972197031.25,-48.02289
2972197187.5,-48.04872
2972197343.75,-48.0845
2972197500.0,-48.08369
2972197656.25,-48.0412
2972197812.5,-48.03064
2972197968.75,-48.05249
2972198125.0,-48.05677
2972198281.25,-48.09658
2972198437.5,-48.06796
2972198593.75,-48.01692
2972198750.0,-48.07811
2972198906.25,-48.01019
2972199062.5,-47.98315
2972199218.75,-48.08313
2972199375.0,-48.08555
2972199531.25,-48.06898
2972199687.5,-48.08292
2972199843.75,-48.0215
2972200000.0,-48.0541
2972200156.25,-48.05798
2972200312.5,-48.02179
2972200468.75,-48.05278
2972200625.0,-48.06842
2972200781.25,-48.03199
2972200937.5,-48.04306
2972201093.75,-48.03113
2972201250.0,-48.02284
2972201406.25,-48.02615
2972201562.5,-48.05078
2972201718.75,-48.03351
2972201875.0,-48.04855
2972202031.25,-48.00546
2972202187.5,-48.04868
2972202343.75,-48.04822
2972202500.0,-48.02259
2972202656.25,-48.04081
2972202812.5,-48.03782
2972202968.75,-48.02417
2972203125.0,-48.03156
2972203281.25,-47.99739
2972203437.5,-48.04615
2972203593.75,-48.02172
2972203750.0,-48.03498
2972203906.25,-48.02003
2972204062.5,-47.94309
2972204218.75,-48.04835
2972204375.0,-48.03836
2972204531.25,-48.03706
2972204687.5,-47.98933
2972204843.75,-47.99247
2972205000.0,-48.02654
2972205156.25,-47.98375
2972205312.5,-48.04413
2972205468.75,-47.99803
2972205625.0,-48.03123
2972205781.25,-47.9758
2972205937.5,-48.03682
2972206093.75,-48.01574
2972206250.0,-47.99636
2972206406.25,-47.9822
2972206562.5,-48.00986
2972206718.75,-47.98584
2972206875.0,-47.98586
2972207031.25,-47.98293
2972207187.5,-47.99899
2972207343.75,-47.98889
2972207500.0,-48.03309
2972207656.25,-47.98214
2972207812.5,-47.99912
2972207968.75,-48.00165
2972208125.0,-47.99887
2972208281.25,-47.9885
2972208437.5,-47.94937
2972208593.75,-48.02486
2972208750.0,-48.03167
2972208906.25,-48.01998
2972209062.5,-48.0031
2972209218.75,-47.98662
2972209375.0,-47.95436
2972209531.25,-48.02429
2972209687.5,-47.98449
2972209843.75,-48.0153
2972210000.0,-47.96359
2972210156.25,-48.02452
2972210312.5,-47.96183
2972210468.75,-47.97391
2972210625.0,-47.9979
2972210781.25,-48.00338
2972210937.5,-47.98951
2972211093.75,-47.95812
2972211250.0,-47.98277
2972211406.25,-47.94692
2972211562.5,-47.95102
2972211718.75,-47.96124
2972211875.0,-47.96179
2972212031.25,-47.96343
2972212187.5,-47.97943
2972212343.75,-47.99465
2972212500.0,-47.9812
2972212656.25,-47.96345
2972212812.5,-47.97971
2972212968.75,-47.96348
2972213125.0,-47.9578
2972213281.25,-47.96357
2972213437.5,-47.98826
2972213593.75,-47.94074
2972213750.0,-47.93836
2972213906.25,-47.97279
2972214062.5,-47.95771
2972214218.75,-47.97497
2972214375.0,-47.97571
2972214531.25,-47.97648
2972214687.5,-47.9254
2972214843.75,-47.96658
2972215000.0,-47.9604
2972215156.25,-47.93785
2972215312.5,-47.97779
2972215468.75,-47.9264
2972215625.0,-47.98977
2972215781.25,-47.97462
2972215937.5,-47.96404
2972216093.75,-47.97087
2972216250.0,-47.97879
2972216406.25,-47.95807
2972216562.5,-47.93601
2972216718.75,-47.94565
2972216875.0,-47.94579
2972217031.25,-47.94434
2972217187.5,-47.91042
2972217343.75,-47.9314
2972217500.0,-47.94594
2972217656.25,-47.97122
2972217812.5,-47.95572
2972217968.75,-47.93533
2972218125.0,-47.9479
2972218281.25,-47.92978
2972218437.5,-47.88136
2972218593.75,-47.932
2972218750.0,-47.9672
2972218906.25,-47.9361
2972219062.5,-47.94828
2972219218.75,-47.92629
2972219375.0,-47.91639
2972219531.25,-47.88073
2972219687.5,-47.93584
2972219843.75,-47.898
2972220000.0,-47.97156
2972220156.25,-47.97196
2972220312.5,-47.9431
2972220468.75,-47.90416
2972220625.0,-47.94514
2972220781.25,-47.93917
2972220937.5,-47.9231
2972221093.75,-47.86979
2972221250.0,-47.91901
2972221406.25,-47.92926
2972221562.5,-47.89531
2972221718.75,-47.90504
2972221875.0,-47.91796
2972222031.25,-47.90007
2972222187.5,-47.9056
2972222343.75,-47.90313
2972222500.0,-47.86975
2972222656.25,-47.85464
2972222812.5,-47.89288
2972222968.75,-47.8775
2972223125.0,-47.85323
2972223281.25,-47.87351
2972223437.5,-47.91064
2972223593.75,-47.89217
2972223750.0,-47.93572
2972223906.25,-47.91668
2972224062.5,-47.88081
2972224218.75,-47.89712
2972224375.0,-47.87043
2972224531.25,-47.88737
2972224687.5,-47.88131
2972224843.75,-47.87418
2972225000.0,-47.87402
2972225156.25,-47.91232
2972225312.5,-47.90717
2972225468.75,-47.86998
2972225625.0,-47.89616
2972225781.25,-47.84739
2972225937.5,-47.84609
2972226093.75,-47.89677
2972226250.0,-47.89732
2972226406.25,-47.90264
2972226562.5,-47.85939
2972226718.75,-47.89584
2972226875.0,-47.88783
2972227031.25,-47.87479
2972227187.5,-47.87603
2972227343.75,-47.89888
2972227500.0,-47.8914
2972227656.25,-47.83733
2972227812.5,-47.88793
2972227968.75,-47.87041
2972228125.0,-47.88187
2972228281.25,-47.88153
2972228437.5,-47.88401
2972228593.75,-47.85984
2972228750.0,-47.8756
2972228906.25,-47.86306
2972229062.5,-47.86556
2972229218.75,-47.89091
2972229375.0,-47.90528
2972229531.25,-47.83725
2972229687.5,-47.84063
2972229843.75,-47.84768
2972230000.0,-47.82241
2972230156.25,-47.85577
2972230312.5,-47.84529
2972230468.75,-47.89094
2972230625.0,-47.87955
2972230781.25,-47.88553
2972230937.5,-47.87052
2972231093.75,-47.85315
2972231250.0,-47.85835
2972231406.25,-47.85953
2972231562.5,-47.81959
2972231718.75,-47.88249
2972231875.0,-47.84514
2972232031.25,-47.86927
2972232187.5,-47.87275
2972232343.75,-47.82709
2972232500.0,-47.88659
2972232656.25,-47.79856
2972232812.5,-47.83204
2972232968.75,-47.85727
2972233125.0,-47.81089
2972233281.25,-47.79582
2972233437.5,-47.88184
2972233593.75,-47.84532
2972233750.0,-47.82841
2972233906.25,-47.88409
2972234062.5,-47.86309
2972234218.75,-47.87389
2972234375.0,-47.83065
2972234531.25,-47.8636
2972234687.5,-47.81728
2972234843.75,-47.83269
2972235000.0,-47.81825
2972235156.25,-47.83976
2972235312.5,-47.81969
2972235468.75,-47.80589
2972235625.0,-47.82589
2972235781.25,-47.81462
2972235937.5,-47.81921
2972236093.75,-47.84763
2972236250.0,-47.83503
2972236406.25,-47.82623
2972236562.5,-47.82172
2972236718.75,-47.84078
2972236875.0,-47.80313
2972237031.25,-47.85684
2972237187.5,-47.80967
2972237343.75,-47.82777
2972237500.0,-47.8397
2972237656.25,-47.8313
2972237812.5,-47.81519
2972237968.75,-47.78368
2972238125.0,-47.78632
2972238281.25,-47.79305
2972238437.5,-47.80113
2972238593.75,-47.80322
2972238750.0,-47.7994
2972238906.25,-47.81097
2972239062.5,-47.83986
2972239218.75,-47.81179
2972239375.0,-47.79235
2972239531.25,-47.83046
2972239687.5,-47.76704
2972239843.75,-47.81746
2972240000.0,-47.81604
2972240156.25,-47.81514
2972240312.5,-47.78753
2972240468.75,-47.81717
2972240625.0,-47.76796
2972240781.25,-47.81819
2972240937.5,-47.78814
2972241093.75,-47.79293
2972241250.0,-47.80906
2972241406.25,-47.7787
2972241562.5,-47.82854
2972241718.75,-47.8006
2972241875.0,-47.75935
2972242031.25,-47.79315
2972242187.5,-47.8195
2972242343.75,-47.77291
2972242500.0,-47.79012
2972242656.25,-47.81739
2972242812.5,-47.80954
2972242968.75,-47.78696
2972243125.0,-47.78255
2972243281.25,-47.76248
2972243437.5,-47.78202
2972243593.75,-47.74923
2972243750.0,-47.7627
2972243906.25,-47.74778
2972244062.5,-47.76058
2972244218.75,-47.71551
2972244375.0,-47.74697
2972244531.25,-47.77339
2972244687.5,-47.75334
2972244843.75,-47.78048
2972245000.0,-47.79464
2972245156.25,-47.75143
2972245312.5,-47.79594
2972245468.75,-47.7367
2972245625.0,-47.78473
2972245781.25,-47.76171
2972245937.5,-47.75787
2972246093.75,-47.7638
2972246250.0,-47.75367
2972246406.25,-47.77997
2972246562.5,-47.76125
2972246718.75,-47.75896
2972246875.0,-47.7367
2972247031.25,-47.75165
2972247187.5,-47.75899
2972247343.75,-47.75645
2972247500.0,-47.78652
2972247656.25,-47.76446
2972247812.5,-47.75411
2972247968.75,-47.74971
2972248125.0,-47.72272
2972248281.25,-47.72285
2972248437.5,-47.75567
2972248593.75,-47.77396
2972248750.0,-47.72653
2972248906.25,-47.75363
2972249062.5,-47.73682
2972249218.75,-47.74263
2972249375.0,-47.77446
2972249531.25,-47.69698
2972249687.5,-47.75292
2972249843.75,-47.68909
2972250000.0,-47.74367
2972250156.25,-47.74792
2972250312.5,-47.75659
2972250468.75,-47.77865
2972250625.0,-47.72609
2972250781.25,-47.74634
2972250937.5,-47.73038
2972251093.75,-47.67736
2972251250.0,-47.72558
2972251406.25,-47.77111
2972251562.5,-47.72043
2972251718.75,-47.70742
2972251875.0,-47.73598
2972252031.25,-47.69811
2972252187.5,-47.71752
2972252343.75,-47.70202
2972252500.0,-47.74292
2972252656.25,-47.75594
2972252812.5,-47.72276
2972252968.75,-47.73237
2972253125.0,-47.75937
2972253281.25,-47.72414
2972253437.5,-47.7542
2972253593.75,-47.73122
2972253750.0,-47.69556
2972253906.25,-47.74082
2972254062.5,-47.70247
2972254218.75,-47.74654
2972254375.0,-47.72535
2972254531.25,-47.70745
2972254687.5,-47.67792
2972254843.75,-47.74648
2972255000.0,-47.68946
2972255156.25,-47.71805
2972255312.5,-47.70137
2972255468.75,-47.68405
2972255625.0,-47.70868
2972255781.25,-47.7303
2972255937.5,-47.71745
2972256093.75,-47.67158
2972256250.0,-47.65998
2972256406.25,-47.68824
2972256562.5,-47.69698
2972256718.75,-47.68344
2972256875.0,-47.734
2972257031.25,-47.67847
2972257187.5,-47.70797
2972257343.75,-47.6991
2972257500.0,-47.69439
2972257656.25,-47.65461
2972257812.5,-47.67771
2972257968.75,-47.685
2972258125.0,-47.65895
2972258281.25,-47.69781
2972258437.5,-47.70364
2972258593.75,-47.71278
2972258750.0,-47.70383
2972258906.25,-47.62981
2972259062.5,-47.68076
2972259218.75,-47.69551
2972259375.0,-47.68879
2972259531.25,-47.6743
2972259687.5,-47.63758
2972259843.75,-47.67557
2972260000.0,-47.66321
2972260156.25,-47.64393
2972260312.5,-47.64436
2972260468.75,-47.6905
2972260625.0,-47.66101
2972260781.25,-47.65966
2972260937.5,-47.6502
2972261093.75,-47.68992
2972261250.0,-47.67783
2972261406.25,-47.65769
2972261562.5,-47.67514
2972261718.75,-47.65952
2972261875.0,-47.63901
2972262031.25,-47.68577
2972262187.5,-47.67889
2972262343.75,-47.6674
2972262500.0,-47.61458
2972262656.25,-47.66505
2972262812.5,-47.61962
2972262968.75,-47.62112
2972263125.0,-47.65282
2972263281.25,-47.64725
2972263437.5,-47.62275
2972263593.75,-47.66267
2972263750.0,-47.64026
2972263906.25,-47.69719
2972264062.5,-47.64354
2972264218.75,-47.66467
2972264375.0,-47.68215
2972264531.25,-47.64749
2972264687.5,-47.62619
2972264843.75,-47.65239
2972265000.0,-47.64571
2972265156.25,-47.63012
2972265312.5,-47.60583
2972265468.75,-47.65623
2972265625.0,-47.68512
2972265781.25,-47.65889
2972265937.5,-47.67596
2972266093.75,-47.63052
2972266250.0,-47.62361
2972266406.25,-47.62113
2972266562.5,-47.6574
2972266718.75,-47.63468
2972266875.0,-47.62708
2972267031.25,-47.62206
2972267187.5,-47.60515
2972267343.75,-47.60707
2972267500.0,-47.59426
2972267656.25,-47.64416
2972267812.5,-47.65673
2972267968.75,-47.59927
2972268125.0,-47.59436
2972268281.25,-47.59935
2972268437.5,-47.60041
2972268593.75,-47.6274
2972268750.0,-47.59323
2972268906.25,-47.6357
2972269062.5,-47.57822
2972269218.75,-47.60884
2972269375.0,-47.64362
2972269531.25,-47.61057
2972269687.5,-47.60563
2972269843.75,-47.59921
2972270000.0,-47.61904
2972270156.25,-47.65813
2972270312.5,-47.57246
2972270468.75,-47.6072
2972270625.0,-47.61566
2972270781.25,-47.61694
2972270937.5,-47.5803
2972271093.75,-47.62052
2972271250.0,-47.6067
2972271406.25,-47.615
2972271562.5,-47.59284
2972271718.75,-47.55197
2972271875.0,-47.5895
2972272031.25,-47.58759
2972272187.5,-47.60595
2972272343.75,-47.55072
2972272500.0,-47.60772
2972272656.25,-47.62143
2972272812.5,-47.60154
2972272968.75,-47.62239
2972273125.0,-47.63931
2972273281.25,-47.55752
2972273437.5,-47.6402
2972273593.75,-47.56858
2972273750.0,-47.57876
2972273906.25,-47.61004
2972274062.5,-47.61171
2972274218.75,-47.59299
2972274375.0,-47.59463
2972274531.25,-47.54724
2972274687.5,-47.60221
2972274843.75,-47.60847
2972275000.0,-47.55296
2972275156.25,-47.60395
2972275312.5,-47.60592
2972275468.75,-47.60467
2972275625.0,-47.57877
2972275781.25,-47.55835
2972275937.5,-47.5669
2972276093.75,-47.56787
2972276250.0,-47.58756
2972276406.25,-47.57858
2972276562.5,-47.55113
2972276718.75,-47.57245
2972276875.0,-47.51155
2972277031.25,-47.57753
2972277187.5,-47.58534
2972277343.75,-47.54649
2972277500.0,-47.53548
2972277656.25,-47.53657
2972277812.5,-47.56757
2972277968.75,-47.53562
2972278125.0,-47.53944
2972278281.25,-47.56285
2972278437.5,-47.56929
2972278593.75,-47.55619
2972278750.0,-47.55596
2972278906.25,-47.56195
2972279062.5,-47.59922
2972279218.75,-47.53058
2972279375.0,-47.52211
2972279531.25,-47.57256
2972279687.5,-47.53341
2972279843.75,-47.56122
2972280000.0,-47.56901
2972280156.25,-47.55752
2972280312.5,-47.53542
2972280468.75,-47.54065
2972280625.0,-47.55165
2972280781.25,-47.54731
2972280937.5,-47.56488
2972281093.75,-47.52869
2972281250.0,-47.55899
2972281406.25,-47.48674
2972281562.5,-47.53563
2972281718.75,-47.49568
2972281875.0,-47.51987
2972282031.25,-47.48555
2972282187.5,-47.54533
2972282343.75,-47.49972
2972282500.0,-47.56754
2972282656.25,-47.52609
2972282812.5,-47.51194
2972282968.75,-47.53631
2972283125.0,-47.55267
2972283281.25,-47.53019
2972283437.5,-47.50097
2972283593.75,-47.45809
2972283750.0,-47.51305
2972283906.25,-47.47866
2972284062.5,-47.51189
2972284218.75,-47.55538
2972284375.0,-47.51133
2972284531.25,-47.52104
2972284687.5,-47.55627
2972284843.75,-47.50027
2972285000.0,-47.50572
2972285156.25,-47.51369
2972285312.5,-47.5035
2972285468.75,-47.53637
2972285625.0,-47.50588
2972285781.25,-47.47429
2972285937.5,-47.50969
2972286093.75,-47.50968
2972286250.0,-47.51555
2972286406.25,-47.48423
2972286562.5,-47.52461
2972286718.75,-47.54202
2972286875.0,-47.51231
2972287031.25,-47.52166
2972287187.5,-47.46888
2972287343.75,-47.49141
2972287500.0,-47.45242
2972287656.25,-47.47197
2972287812.5,-47.47598
2972287968.75,-47.47017
2972288125.0,-47.48689
2972288281.25,-47.47188
2972288437.5,-47.49358
2972288593.75,-47.495
2972288750.0,-47.49794
2972288906.25,-47.47276
2972289062.5,-47.47982
2972289218.75,-47.45861
2972289375.0,-47.467
2972289531.25,-47.44401
2972289687.5,-47.50664
2972289843.75,-47.45712
2972290000.0,-47.50311
2972290156.25,-47.47023
2972290312.5,-47.48991
2972290468.75,-47.44934
2972290625.0,-47.47136
2972290781.25,-47.47291
2972290937.5,-47.44973
2972291093.75,-47.5179
2972291250.0,-47.4544
2972291406.25,-47.49704
2972291562.5,-47.49231
2972291718.75,-47.48069
2972291875.0,-47.44701
2972292031.25,-47.45415
2972292187.5,-47.4354
2972292343.75,-47.47799
2972292500.0,-47.42747
2972292656.25,-47.47321
2972292812.5,-47.46028
2972292968.75,-47.46963
2972293125.0,-47.49073
2972293281.25,-47.43788
2972293437.5,-47.45244
2972293593.75,-47.47732
2972293750.0,-47.42595
2972293906.25,-47.42115
2972294062.5,-47.4474
2972294218.75,-47.44269
2972294375.0,-47.46888
2972294531.25,-47.45513
2972294687.5,-47.45991
2972294843.75,-47.41857
2972295000.0,-47.46211
2972295156.25,-47.44214
2972295312.5,-47.44449
2972295468.75,-47.42888
2972295625.0,-47.46299
2972295781.25,-47.45673
2972295937.5,-47.49585
2972296093.75,-47.45257
2972296250.0,-47.4768
2972296406.25,-47.48227
2972296562.5,-47.44065
2972296718.75,-47.47108
2972296875.0,-47.44312
2972297031.25,-47.41212
2972297187.5,-47.40928
2972297343.75,-47.4688
2972297500.0,-47.4362
2972297656.25,-47.40578
2972297812.5,-47.42837
2972297968.75,-47.43123
2972298125.0,-47.44189
2972298281.25,-47.43863
2972298437.5,-47.42788
2972298593.75,-47.42957
2972298750.0,-47.42868
2972298906.25,-47.45041
2972299062.5,-47.4498
2972299218.75,-47.37508
2972299375.0,-47.44
2972299531.25,-47.38755
2972299687.5,-47.4272
2972299843.75,-47.35251
2972300000.0,-47.4001
2972300156.25,-47.42042
2972300312.5,-47.39737
2972300468.75,-47.34712
2972300625.0,-47.44344
2972300781.25,-47.40073
2972300937.5,-47.43585
2972301093.75,-47.37507
2972301250.0,-47.39798
2972301406.25,-47.42195
2972301562.5,-47.37035
2972301718.75,-47.42189
2972301875.0,-47.38118
2972302031.25,-47.36279
2972302187.5,-47.42997
2972302343.75,-47.4053
2972302500.0,-47.37714
2972302656.25,-47.38153
2972302812.5,-47.40125
2972302968.75,-47.38668
2972303125.0,-47.3874
2972303281.25,-47.38242
2972303437.5,-47.39365
2972303593.75,-47.39842
2972303750.0,-47.37753
2972303906.25,-47.37635
2972304062.5,-47.40306
2972304218.75,-47.38058
2972304375.0,-47.41675
2972304531.25,-47.40106
2972304687.5,-47.40956
2972304843.75,-47.37888
2972305000.0,-47.38041
2972305156.25,-47.35926
2972305312.5,-47.37643
2972305468.75,-47.40247
2972305625.0,-47.44387
2972305781.25,-47.39195
2972305937.5,-47.37941
2972306093.75,-47.38795
2972306250.0,-47.37883
2972306406.25,-47.35461
2972306562.5,-47.38021
2972306718.75,-47.37068
2972306875.0,-47.37608
2972307031.25,-47.37477
2972307187.5,-47.36805
2972307343.75,-47.39083
2972307500.0,-47.37873
2972307656.25,-47.38225
2972307812.5,-47.31395
2972307968.75,-47.39919
2972308125.0,-47.35675
2972308281.25,-47.37637
2972308437.5,-47.36194
2972308593.75,-47.36178
2972308750.0,-47.38853
2972308906.25,-47.35112
2972309062.5,-47.35835
2972309218.75,-47.36495
2972309375.0,-47.36777
2972309531.25,-47.34624
2972309687.5,-47.32693
2972309843.75,-47.36584
2972310000.0,-47.30496
2972310156.25,-47.32116
2972310312.5,-47.31697
2972310468.75,-47.33591
2972310625.0,-47.35265
2972310781.25,-47.35458
2972310937.5,-47.32782
2972311093.75,-47.35973
2972311250.0,-47.35594
2972311406.25,-47.36243
2972311562.5,-47.36156
2972311718.75,-47.33245
2972311875.0,-47.28397
2972312031.25,-47.36202
2972312187.5,-47.33573
2972312343.75,-47.33548
2972312500.0,-47.33838
2972312656.25,-47.33447
2972312812.5,-47.35859
2972312968.75,-47.36208
2972313125.0,-47.31654
2972313281.25,-47.33904
2972313437.5,-47.32842
2972313593.75,-47.33651
2972313750.0,-47.34255
2972313906.25,-47.34259
2972314062.5,-47.36533
2972314218.75,-47.34475
2972314375.0,-47.33447
2972314531.25,-47.29225
2972314687.5,-47.3008
2972314843.75,-47.31352
2972315000.0,-47.27479
2972315156.25,-47.36075
2972315312.5,-47.27858
2972315468.75,-47.30777
2972315625.0,-47.30267
2972315781.25,-47.34235
2972315937.5,-47.29402
2972316093.75,-47.31052
2972316250.0,-47.32387
2972316406.25,-47.29665
2972316562.5,-47.29606
2972316718.75,-47.32543
2972316875.0,-47.2801
2972317031.25,-47.28394
2972317187.5,-47.27473
2972317343.75,-47.26357
2972317500.0,-47.30232
2972317656.25,-47.31264
2972317812.5,-47.33702
2972317968.75,-47.27371
2972318125.0,-47.3097
2972318281.25,-47.31097
2972318437.5,-47.26488
2972318593.75,-47.30503
2972318750.0,-47.3469
2972318906.25,-47.32434
2972319062.5,-47.28462
2972319218.75,-47.30653
2972319375.0,-47.30955
2972319531.25,-47.28635
2972319687.5,-47.25338
2972319843.75,-47.23984
2972320000.0,-47.24664
2972320156.25,-47.29615
2972320312.5,-47.23825
2972320468.75,-47.28318
2972320625.0,-47.27077
2972320781.25,-47.26559
2972320937.5,-47.3115
2972321093.75,-47.2773
2972321250.0,-47.29782
2972321406.25,-47.3157
2972321562.5,-47.31088
2972321718.75,-47.28788
2972321875.0,-47.27696
2972322031.25,-47.30186
2972322187.5,-47.28088
2972322343.75,-47.27278
2972322500.0,-47.28733
2972322656.25,-47.23553
2972322812.5,-47.26539
2972322968.75,-47.27284
2972323125.0,-47.2284
2972323281.25,-47.2471
2972323437.5,-47.23805
2972323593.75,-47.26507
2972323750.0,-47.21711
2972323906.25,-47.23946
2972324062.5,-47.27139
2972324218.75,-47.237
2972324375.0,-47.28377
2972324531.25,-47.24339
2972324687.5,-47.25482
2972324843.75,-47.24441
2972325000.0,-47.24101
2972325156.25,-47.27948
2972325312.5,-47.27385
2972325468.75,-47.2627
2972325625.0,-47.2523
2972325781.25,-47.27288
2972325937.5,-47.25454
2972326093.75,-47.30002
2972326250.0,-47.23453
2972326406.25,-47.28801
2972326562.5,-47.25521
2972326718.75,-47.21648
2972326875.0,-47.2248
2972327031.25,-47.22583
2972327187.5,-47.25513
2972327343.75,-47.20693
2972327500.0,-47.24878
2972327656.25,-47.2096
2972327812.5,-47.21743
2972327968.75,-47.25065
2972328125.0,-47.20766
2972328281.25,-47.21862
2972328437.5,-47.21958
2972328593.75,-47.2656
2972328750.0,-47.24088
2972328906.25,-47.2302
2972329062.5,-47.19306
2972329218.75,-47.2504
2972329375.0,-47.26977
2972329531.25,-47.22739
2972329687.5,-47.22468
2972329843.75,-47.24786
2972330000.0,-47.23536
2972330156.25,-47.20568
2972330312.5,-47.21571
2972330468.75,-47.19911
2972330625.0,-47.20639
2972330781.25,-47.22932
2972330937.5,-47.19045
2972331093.75,-47.19039
2972331250.0,-47.21589
2972331406.25,-47.25042
2972331562.5,-47.23778
2972331718.75,-47.22644
2972331875.0,-47.1801
2972332031.25,-47.19569
2972332187.5,-47.20638
2972332343.75,-47.21112
2972332500.0,-47.21475
2972332656.25,-47.18216
2972332812.5,-47.21024
2972332968.75,-47.18442
2972333125.0,-47.20918
2972333281.25,-47.20173
2972333437.5,-47.22159
2972333593.75,-47.21745
2972333750.0,-47.14555
2972333906.25,-47.17301
2972334062.5,-47.19599
2972334218.75,-47.20785
2972334375.0,-47.1728
2972334531.25,-47.21632
2972334687.5,-47.17237
2972334843.75,-47.19835
2972335000.0,-47.16963
2972335156.25,-47.17017
2972335312.5,-47.16055
2972335468.75,-47.16772
2972335625.0,-47.18649
2972335781.25,-47.2077
2972335937.5,-47.17031
2972336093.75,-47.20913
2972336250.0,-47.19711
2972336406.25,-47.17126
2972336562.5,-47.17841
2972336718.75,-47.20177
2972336875.0,-47.14259
2972337031.25,-47.15928
2972337187.5,-47.19542
2972337343.75,-47.16572
2972337500.0,-47.12237
2972337656.25,-47.16845
2972337812.5,-47.16188
2972337968.75,-47.19468
2972338125.0,-47.14064
2972338281.25,-47.13927
2972338437.5,-47.15482
2972338593.75,-47.17539
2972338750.0,-47.14914
2972338906.25,-47.1543
2972339062.5,-47.1423
2972339218.75,-47.14916
2972339375.0,-47.21282
2972339531.25,-47.18202
2972339687.5,-47.09628
2972339843.75,-47.1478
2972340000.0,-47.16544
2972340156.25,-47.13813
2972340312.5,-47.16878
2972340468.75,-47.13955
2972340625.0,-47.15395
2972340781.25,-47.17208
2972340937.5,-47.12706
2972341093.75,-47.13803
2972341250.0,-47.12139
2972341406.25,-47.14157
2972341562.5,-47.16047
2972341718.75,-47.12015
2972341875.0,-47.14805
2972342031.25,-47.12288
2972342187.5,-47.11333
2972342343.75,-47.14898
2972342500.0,-47.12316
2972342656.25,-47.148
2972342812.5,-47.14761
2972342968.75,-47.14648
2972343125.0,-47.13232
2972343281.25,-47.18458
2972343437.5,-47.11222
2972343593.75,-47.15465
2972343750.0,-47.10541
2972343906.25,-47.13193
2972344062.5,-47.14574
2972344218.75,-47.10074
2972344375.0,-47.11084
2972344531.25,-47.14657
2972344687.5,-47.08895
2972344843.75,-47.12184
2972345000.0,-47.10327
2972345156.25,-47.11418
2972345312.5,-47.15626
2972345468.75,-47.10611
2972345625.0,-47.12948
2972345781.25,-47.10884
2972345937.5,-47.15155
2972346093.75,-47.12893
2972346250.0,-47.09885
2972346406.25,-47.06273
2972346562.5,-47.11281
2972346718.75,-47.08378
2972346875.0,-47.08696
2972347031.25,-47.07555
2972347187.5,-47.12836
2972347343.75,-47.10994
2972347500.0,-47.08886
2972347656.25,-47.1454
2972347812.5,-47.09262
2972347968.75,-47.10488
2972348125.0,-47.09713
2972348281.25,-47.07875
2972348437.5,-47.08443
2972348593.75,-47.07573
2972348750.0,-47.0749
2972348906.25,-47.06731
2972349062.5,-47.04293
2972349218.75,-47.0848
2972349375.0,-47.07518
2972349531.25,-47.10503
2972349687.5,-47.09946
2972349843.75,-47.06376
2972350000.0,-47.10292
2972350156.25,-47.08115
2972350312.5,-47.10104
2972350468.75,-47.07341
2972350625.0,-47.05073
2972350781.25,-47.12213
2972350937.5,-47.07701
2972351093.75,-47.06379
2972351250.0,-47.04181
2972351406.25,-47.06052
2972351562.5,-47.04906
2972351718.75,-47.0639
2972351875.0,-47.09833
2972352031.25,-47.08804
2972352187.5,-47.04017
2972352343.75,-47.04165
2972352500.0,-47.06584
2972352656.25,-47.08695
2972352812.5,-47.05714
2972352968.75,-47.05153
2972353125.0,-47.05748
2972353281.25,-47.04935
2972353437.5,-47.04329
2972353593.75,-47.04851
2972353750.0,-47.07854
2972353906.25,-47.06248
2972354062.5,-47.06899
2972354218.75,-47.08654
2972354375.0,-47.0489
2972354531.25,-47.06785
2972354687.5,-47.03217
2972354843.75,-47.04786
2972355000.0,-47.08038
2972355156.25,-47.04846
2972355312.5,-47.05403
2972355468.75,-47.0326
2972355625.0,-47.05497
2972355781.25,-46.98072
2972355937.5,-47.06245
2972356093.75,-47.01811
2972356250.0,-47.02716
2972356406.25,-47.0339
2972356562.5,-47.03055
2972356718.75,-47.02099
2972356875.0,-47.0617
2972357031.25,-47.07933
2972357187.5,-47.02531
2972357343.75,-47.04955
2972357500.0,-47.02384
2972357656.25,-47.05857
2972357812.5,-47.03605
2972357968.75,-47.04763
2972358125.0,-47.0336
2972358281.25,-47.04113
2972358437.5,-47.03198
2972358593.75,-47.0171
2972358750.0,-47.03902
2972358906.25,-46.99275
2972359062.5,-47.01987
2972359218.75,-47.01625
2972359375.0,-47.03311
2972359531.25,-47.07969
2972359687.5,-47.03884
2972359843.75,-46.98842
2972360000.0,-47.02389
2972360156.25,-46.97751
2972360312.5,-47.02537
2972360468.75,-46.99762
2972360625.0,-46.99871
2972360781.25,-47.02095
2972360937.5,-47.00545
2972361093.75,-47.02116
2972361250.0,-46.995
2972361406.25,-47.01689
2972361562.5,-47.01388
2972361718.75,-46.97799
2972361875.0,-46.99692
2972362031.25,-46.99907
2972362187.5,-46.97916
2972362343.75,-46.99003
2972362500.0,-46.99069
2972362656.25,-47.00156
2972362812.5,-46.98704
2972362968.75,-47.01044
2972363125.0,-46.99748
2972363281.25,-46.98767
2972363437.5,-47.01571
2972363593.75,-47.00239
2972363750.0,-46.98867
2972363906.25,-46.98369
2972364062.5,-47.02756
2972364218.75,-47.00405
2972364375.0,-46.996
2972364531.25,-47.02153
2972364687.5,-46.98461
2972364843.75,-46.98255
2972365000.0,-46.98675
2972365156.25,-46.96993
2972365312.5,-46.95329
2972365468.75,-46.98324
2972365625.0,-46.9649
2972365781.25,-46.97824
2972365937.5,-46.98707
2972366093.75,-47.02096
2972366250.0,-47.00907
2972366406.25,-46.93784
2972366562.5,-46.9809
2972366718.75,-46.95741
2972366875.0,-46.97314
2972367031.25,-46.96954
2972367187.5,-46.93145
2972367343.75,-46.93125
2972367500.0,-46.94785
2972367656.25,-46.99191
2972367812.5,-47.00277
2972367968.75,-46.93264
2972368125.0,-46.97593
2972368281.25,-46.96989
2972368437.5,-46.91158
2972368593.75,-46.96228
2972368750.0,-46.94165
2972368906.25,-46.95463
2972369062.5,-46.96156
2972369218.75,-46.95857
2972369375.0,-46.9343
2972369531.25,-46.92958
2972369687.5,-46.94371
2972369843.75,-46.95754
2972370000.0,-46.92854
2972370156.25,-46.9584
2972370312.5,-46.96936
2972370468.75,-46.95693
2972370625.0,-46.93272
2972370781.25,-46.89851
2972370937.5,-46.92288
2972371093.75,-46.92931
2972371250.0,-46.91338
2972371406.25,-46.93335
2972371562.5,-46.93182
2972371718.75,-46.89715
2972371875.0,-46.91473
2972372031.25,-46.94285
2972372187.5,-46.9203
2972372343.75,-46.91875
2972372500.0,-46.91718
2972372656.25,-46.93334
2972372812.5,-46.91849
2972372968.75,-46.92616
2972373125.0,-46.90304
2972373281.25,-46.93092
2972373437.5,-46.93002
2972373593.75,-46.94164
2972373750.0,-46.93422
2972373906.25,-46.91725
2972374062.5,-46.9483
2972374218.75,-46.93593
2972374375.0,-46.8876
2972374531.25,-46.90053
2972374687.5,-46.89458
2972374843.75,-46.96114
2972375000.0,-46.90619
2972375156.25,-46.91462
2972375312.5,-46.97747
2972375468.75,-46.89978
2972375625.0,-46.90108
2972375781.25,-46.91524
2972375937.5,-46.9315
2972376093.75,-46.90807
2972376250.0,-46.93139
2972376406.25,-46.88925
2972376562.5,-46.88154
2972376718.75,-46.91292
2972376875.0,-46.88887
2972377031.25,-46.89656
2972377187.5,-46.89474
2972377343.75,-46.89669
2972377500.0,-46.88782
2972377656.25,-46.92071
2972377812.5,-46.88339
2972377968.75,-46.92028
2972378125.0,-46.89876
2972378281.25,-46.92025
2972378437.5,-46.88697
2972378593.75,-46.92474
2972378750.0,-46.88017
2972378906.25,-46.91655
2972379062.5,-46.89626
2972379218.75,-46.86182
2972379375.0,-46.8978
2972379531.25,-46.85002
2972379687.5,-46.85229
2972379843.75,-46.90804
2972380000.0,-46.89134
2972380156.25,-46.8635
2972380312.5,-46.88602
2972380468.75,-46.84743
2972380625.0,-46.88331
2972380781.25,-46.87839
2972380937.5,-46.89301
2972381093.75,-46.87211
2972381250.0,-46.90147
2972381406.25,-46.8537
2972381562.5,-46.87374
2972381718.75,-46.872
2972381875.0,-46.84919
2972382031.25,-46.88894
2972382187.5,-46.8941
2972382343.75,-46.91531
2972382500.0,-46.91676
2972382656.25,-46.84343
2972382812.5,-46.91366
2972382968.75,-46.80368
2972383125.0,-46.84418
2972383281.25,-46.85842
2972383437.5,-46.8393
2972383593.75,-46.81879
2972383750.0,-46.88161
2972383906.25,-46.84039
2972384062.5,-46.82178
2972384218.75,-46.80687
2972384375.0,-46.85316
2972384531.25,-46.87172
2972384687.5,-46.82482
2972384843.75,-46.79984
2972385000.0,-46.83891
2972385156.25,-46.78978
2972385312.5,-46.84228
2972385468.75,-46.87197
2972385625.0,-46.83218
2972385781.25,-46.80703
2972385937.5,-46.84462
2972386093.75,-46.79054
2972386250.0,-46.83852
2972386406.25,-46.86253
2972386562.5,-46.84925
2972386718.75,-46.82399
2972386875.0,-46.81989
2972387031.25,-46.83765
2972387187.5,-46.82919
2972387343.75,-46.83821
2972387500.0,-46.81675
2972387656.25,-46.84552
2972387812.5,-46.82722
2972387968.75,-46.79095
2972388125.0,-46.81392
2972388281.25,-46.868
2972388437.5,-46.85094
2972388593.75,-46.83309
2972388750.0,-46.7982
2972388906.25,-46.81894
2972389062.5,-46.80596
2972389218.75,-46.80727
2972389375.0,-46.80957
2972389531.25,-46.84937
2972389687.5,-46.81343
2972389843.75,-46.79293
2972390000.0,-46.80516
2972390156.25,-46.8007
2972390312.5,-46.83233
2972390468.75,-46.80134
2972390625.0,-46.78627
2972390781.25,-46.82875
2972390937.5,-46.80448
2972391093.75,-46.77439
2972391250.0,-46.80613
2972391406.25,-46.78137
2972391562.5,-46.8036
2972391718.75,-46.78097
2972391875.0,-46.83466
2972392031.25,-46.80106
2972392187.5,-46.76279
2972392343.75,-46.78013
2972392500.0,-46.76597
2972392656.25,-46.80581
2972392812.5,-46.77284
2972392968.75,-46.83073
2972393125.0,-46.75842
2972393281.25,-46.81369
2972393437.5,-46.7611
2972393593.75,-46.82324
2972393750.0,-46.80668
2972393906.25,-46.77958
2972394062.5,-46.75139
2972394218.75,-46.77911
2972394375.0,-46.80571
2972394531.25,-46.76461
2972394687.5,-46.80042
2972394843.75,-46.79878
2972395000.0,-46.79875
2972395156.25,-46.74613
2972395312.5,-46.77285
2972395468.75,-46.78164
2972395625.0,-46.78339
2972395781.25,-46.79319
2972395937.5,-46.79003
2972396093.75,-46.76122
2972396250.0,-46.77636
2972396406.25,-46.76825
2972396562.5,-46.77315
2972396718.75,-46.7724
2972396875.0,-46.76669
2972397031.25,-46.77195
2972397187.5,-46.76651
2972397343.75,-46.74604
2972397500.0,-46.72817
2972397656.25,-46.71739
2972397812.5,-46.78211
2972397968.75,-46.74817
2972398125.0,-46.7858
2972398281.25,-46.71832
2972398437.5,-46.75253
2972398593.75,-46.73603
2972398750.0,-46.73227
2972398906.25,-46.73982
2972399062.5,-46.73402
2972399218.75,-46.71832
2972399375.0,-46.76506
2972399531.25,-46.76266
2972399687.5,-46.74018
2972399843.75,-46.74222
2972400000.0,-46.73827
2972400156.25,-46.77279
2972400312.5,-46.70799
2972400468.75,-46.75624
2972400625.0,-46.7632
2972400781.25,-46.72025
2972400937.5,-46.69142
2972401093.75,-46.7238
2972401250.0,-46.75304
2972401406.25,-46.6959
2972401562.5,-46.70509
2972401718.75,-46.72012
2972401875.0,-46.67607
2972402031.25,-46.75019
2972402187.5,-46.70929
2972402343.75,-46.72189
2972402500.0,-46.72512
2972402656.25,-46.72565
2972402812.5,-46.70962
2972402968.75,-46.72144
2972403125.0,-46.72953
2972403281.25,-46.72292
2972403437.5,-46.70556
2972403593.75,-46.71537
2972403750.0,-46.70713
2972403906.25,-46.72149
2972404062.5,-46.717
2972404218.75,-46.69376
2972404375.0,-46.7045
2972404531.25,-46.70985
2972404687.5,-46.68155
2972404843.75,-46.708
2972405000.0,-46.69577
2972405156.25,-46.67196
2972405312.5,-46.75108
2972405468.75,-46.69973
2972405625.0,-46.67108
2972405781.25,-46.68794
2972405937.5,-46.68259
2972406093.75,-46.66897
2972406250.0,-46.7166
2972406406.25,-46.71033
2972406562.5,-46.68345
2972406718.75,-46.66928
2972406875.0,-46.69731
2972407031.25,-46.73318
2972407187.5,-46.66082
2972407343.75,-46.69738
2972407500.0,-46.71347
2972407656.25,-46.69963
2972407812.5,-46.66912
2972407968.75,-46.67745
2972408125.0,-46.6838
2972408281.25,-46.65895
2972408437.5,-46.67862
2972408593.75,-46.66884
2972408750.0,-46.65454
2972408906.25,-46.66058
2972409062.5,-46.64493
2972409218.75,-46.64729
2972409375.0,-46.65439
2972409531.25,-46.6497
2972409687.5,-46.65959
2972409843.75,-46.65424
2972410000.0,-46.65642
2972410156.25,-46.62129
2972410312.5,-46.71193
2972410468.75,-46.65548
2972410625.0,-46.65161
2972410781.25,-46.65552
2972410937.5,-46.64016
2972411093.75,-46.67792
2972411250.0,-46.6499
2972411406.25,-46.66667
2972411562.5,-46.67332
2972411718.75,-46.61587
2972411875.0,-46.65618
2972412031.25,-46.67627
2972412187.5,-46.64052
2972412343.75,-46.66962
2972412500.0,-46.63838
2972412656.25,-46.65194
2972412812.5,-46.66071
2972412968.75,-46.65282
2972413125.0,-46.64495
2972413281.25,-46.62431
2972413437.5,-46.65909
2972413593.75,-46.66249
2972413750.0,-46.60365
2972413906.25,-46.62485
2972414062.5,-46.63452
2972414218.75,-46.59777
2972414375.0,-46.635
2972414531.25,-46.65376
2972414687.5,-46.6169
2972414843.75,-46.67632
2972415000.0,-46.64098
2972415156.25,-46.64114
2972415312.5,-46.64732
2972415468.75,-46.61525
2972415625.0,-46.6317
2972415781.25,-46.61305
2972415937.5,-46.65636
2972416093.75,-46.63319
2972416250.0,-46.6318
2972416406.25,-46.58315
2972416562.5,-46.61582
2972416718.75,-46.60183
2972416875.0,-46.60447
2972417031.25,-46.61663
2972417187.5,-46.63721
2972417343.75,-46.62069
2972417500.0,-46.60654
2972417656.25,-46.63164
2972417812.5,-46.62205
2972417968.75,-46.57351
2972418125.0,-46.62056
2972418281.25,-46.62154
2972418437.5,-46.60692
2972418593.75,-46.58569
2972418750.0,-46.60908
2972418906.25,-46.59985
2972419062.5,-46.61553
2972419218.75,-46.62899
2972419375.0,-46.60137
2972419531.25,-46.59278
2972419687.5,-46.59489
2972419843.75,-46.60073
2972420000.0,-46.59672
2972420156.25,-46.53844
2972420312.5,-46.57448
2972420468.75,-46.5761
2972420625.0,-46.5878
2972420781.25,-46.58794
2972420937.5,-46.61576
2972421093.75,-46.54469
2972421250.0,-46.61198
2972421406.25,-46.58022
2972421562.5,-46.59302
2972421718.75,-46.58464
2972421875.0,-46.59716
2972422031.25,-46.57411
2972422187.5,-46.60199
2972422343.75,-46.55732
2972422500.0,-46.55029
2972422656.25,-46.55851
2972422812.5,-46.58431
2972422968.75,-46.57133
2972423125.0,-46.55702
2972423281.25,-46.56579
2972423437.5,-46.58338
2972423593.75,-46.55688
2972423750.0,-46.56314
2972423906.25,-46.56599
2972424062.5,-46.56944
2972424218.75,-46.53752
2972424375.0,-46.54924
2972424531.25,-46.56511
2972424687.5,-46.55209
2972424843.75,-46.57883
2972425000.0,-46.52188
2972425156.25,-46.5368
2972425312.5,-46.55612
2972425468.75,-46.54324
2972425625.0,-46.54091
2972425781.25,-46.54435
2972425937.5,-46.55795
2972426093.75,-46.55522
2972426250.0,-46.53882
2972426406.25,-46.57775
2972426562.5,-46.51885
2972426718.75,-46.54149
2972426875.0,-46.56237
2972427031.25,-46.58314
2972427187.5,-46.50453
2972427343.75,-46.53705
2972427500.0,-46.54043
2972427656.25,-46.5193
2972427812.5,-46.5746
2972427968.75,-46.55998
2972428125.0,-46.52479
2972428281.25,-46.54419
2972428437.5,-46.54065
2972428593.75,-46.51598
2972428750.0,-46.52055
2972428906.25,-46.55093
2972429062.5,-46.55582
2972429218.75,-46.5363
2972429375.0,-46.51421
2972429531.25,-46.51633
2972429687.5,-46.53
2972429843.75,-46.52948
2972430000.0,-46.53138
2972430156.25,-46.53703
2972430312.5,-46.54636
2972430468.75,-46.5032
2972430625.0,-46.52523
2972430781.25,-46.53829
2972430937.5,-46.48599
2972431093.75,-46.5547
2972431250.0,-46.51099
2972431406.25,-46.53424
2972431562.5,-46.51414
2972431718.75,-46.51071
2972431875.0,-46.51317
2972432031.25,-46.51554
2972432187.5,-46.5196
2972432343.75,-46.50205
2972432500.0,-46.49588
2972432656.25,-46.52108
2972432812.5,-46.53026
2972432968.75,-46.45404
2972433125.0,-46.52475
2972433281.25,-46.48041
2972433437.5,-46.56899
2972433593.75,-46.47707
2972433750.0,-46.47709
2972433906.25,-46.50768
2972434062.5,-46.48954
2972434218.75,-46.48917
2972434375.0,-46.49763
2972434531.25,-46.47661
2972434687.5,-46.47648
2972434843.75,-46.48513
2972435000.0,-46.4764
2972435156.25,-46.46931
2972435312.5,-46.50854
2972435468.75,-46.47543
2972435625.0,-46.47901
2972435781.25,-46.49935
2972435937.5,-46.48854
2972436093.75,-46.4704
2972436250.0,-46.49407
2972436406.25,-46.47502
2972436562.5,-46.44637
2972436718.75,-46.46486
2972436875.0,-46.47688
2972437031.25,-46.46541
2972437187.5,-46.49021
2972437343.75,-46.44707
2972437500.0,-46.4774
2972437656.25,-46.45502
2972437812.5,-46.48113
2972437968.75,-46.50196
2972438125.0,-46.49819
2972438281.25,-46.44166
2972438437.5,-46.46716
2972438593.75,-46.45579
2972438750.0,-46.46289
2972438906.25,-46.45863
2972439062.5,-46.43825
2972439218.75,-46.50008
2972439375.0,-46.45
2972439531.25,-46.4379
2972439687.5,-46.43148
2972439843.75,-46.41457
2972440000.0,-46.47579
2972440156.25,-46.42182
2972440312.5,-46.41689
2972440468.75,-46.44003
2972440625.0,-46.48546
2972440781.25,-46.4664
2972440937.5,-46.4283
2972441093.75,-46.39753
2972441250.0,-46.457
2972441406.25,-46.44805
2972441562.5,-46.474
2972441718.75,-46.44178
2972441875.0,-46.46957
2972442031.25,-46.39348
2972442187.5,-46.45168
2972442343.75,-46.46763
2972442500.0,-46.43909
2972442656.25,-46.43037
2972442812.5,-46.36643
2972442968.75,-46.46227
2972443125.0,-46.44642
2972443281.25,-46.42035
2972443437.5,-46.39502
2972443593.75,-46.41517
2972443750.0,-46.41261
2972443906.25,-46.43126
2972444062.5,-46.40535
2972444218.75,-46.3865
2972444375.0,-46.42336
2972444531.25,-46.39647
2972444687.5,-46.41408
2972444843.75,-46.42724
2972445000.0,-46.4086
2972445156.25,-46.43466
2972445312.5,-46.4021
2972445468.75,-46.36574
2972445625.0,-46.45705
2972445781.25,-46.40059
2972445937.5,-46.417
2972446093.75,-46.4065
2972446250.0,-46.38997
2972446406.25,-46.38433
2972446562.5,-46.40418
2972446718.75,-46.40354
2972446875.0,-46.37204
2972447031.25,-46.39978
2972447187.5,-46.378
2972447343.75,-46.3726
2972447500.0,-46.37645
2972447656.25,-46.39243
2972447812.5,-46.38502
2972447968.75,-46.4024
2972448125.0,-46.37843
2972448281.25,-46.40062
2972448437.5,-46.41086
2972448593.75,-46.41721
2972448750.0,-46.3745
2972448906.25,-46.37153
2972449062.5,-46.36201
2972449218.75,-46.39274
2972449375.0,-46.37355
2972449531.25,-46.38354
2972449687.5,-46.41921
2972449843.75,-46.38064
2972450000.0,-46.36903
2972450156.25,-46.3467
2972450312.5,-46.38507
2972450468.75,-46.3731
2972450625.0,-46.35237
2972450781.25,-46.39926
2972450937.5,-46.37899
2972451093.75,-46.35676
2972451250.0,-46.33976
2972451406.25,-46.38509
2972451562.5,-46.36675
2972451718.75,-46.35629
2972451875.0,-46.37589
2972452031.25,-46.38403
2972452187.5,-46.39487
2972452343.75,-46.36979
2972452500.0,-46.34887
2972452656.25,-46.40507
2972452812.5,-46.3017
2972452968.75,-46.37292
2972453125.0,-46.34627
2972453281.25,-46.37128
2972453437.5,-46.38392
2972453593.75,-46.32576
2972453750.0,-46.31054
2972453906.25,-46.35608
2972454062.5,-46.33947
2972454218.75,-46.30605
2972454375.0,-46.34775
2972454531.25,-46.34808
2972454687.5,-46.36109
2972454843.75,-46.33827
2972455000.0,-46.33288
2972455156.25,-46.3648
2972455312.5,-46.36821
2972455468.75,-46.33558
2972455625.0,-46.35573
2972455781.25,-46.33768
2972455937.5,-46.32792
2972456093.75,-46.34398
2972456250.0,-46.34245
2972456406.25,-46.31897
2972456562.5,-46.33213
2972456718.75,-46.3273
2972456875.0,-46.32044
2972457031.25,-46.31806
2972457187.5,-46.3314
2972457343.75,-46.31216
2972457500.0,-46.30083
2972457656.25,-46.30977
2972457812.5,-46.33558
2972457968.75,-46.3542
2972458125.0,-46.32534
2972458281.25,-46.32133
2972458437.5,-46.34013
2972458593.75,-46.321
2972458750.0,-46.28664
2972458906.25,-46.33104
2972459062.5,-46.29982
2972459218.75,-46.31081
2972459375.0,-46.31234
2972459531.25,-46.31555
2972459687.5,-46.28472
2972459843.75,-46.31653
2972460000.0,-46.27649
2972460156.25,-46.32412
2972460312.5,-46.29266
2972460468.75,-46.31836
2972460625.0,-46.31245
2972460781.25,-46.29804
2972460937.5,-46.3162
2972461093.75,-46.29819
2972461250.0,-46.30125
2972461406.25,-46.27696
2972461562.5,-46.32705
2972461718.75,-46.25054
2972461875.0,-46.28682
2972462031.25,-46.28047
2972462187.5,-46.29231
2972462343.75,-46.26797
2972462500.0,-46.27337
2972462656.25,-46.25495
2972462812.5,-46.2325
2972462968.75,-46.29723
2972463125.0,-46.29455
2972463281.25,-46.28138
2972463437.5,-46.28073
2972463593.75,-46.27119
2972463750.0,-46.28437
2972463906.25,-46.30151
2972464062.5,-46.27243
2972464218.75,-46.24487
2972464375.0,-46.2664
2972464531.25,-46.26841
2972464687.5,-46.25142
2972464843.75,-46.26524
2972465000.0,-46.24073
2972465156.25,-46.26221
2972465312.5,-46.28574
2972465468.75,-46.25726
2972465625.0,-46.25949
2972465781.25,-46.22733
2972465937.5,-46.23569
2972466093.75,-46.29116
2972466250.0,-46.25997
2972466406.25,-46.22997
2972466562.5,-46.21384
2972466718.75,-46.27502
2972466875.0,-46.25959
2972467031.25,-46.26566
2972467187.5,-46.28661
2972467343.75,-46.24501
2972467500.0,-46.27137
2972467656.25,-46.23735
2972467812.5,-46.24766
2972467968.75,-46.22663
2972468125.0,-46.23376
2972468281.25,-46.22733
2972468437.5,-46.24458
2972468593.75,-46.20663
2972468750.0,-46.2386
2972468906.25,-46.23277
2972469062.5,-46.26741
2972469218.75,-46.23437
2972469375.0,-46.27495
2972469531.25,-46.23164
2972469687.5,-46.2426
2972469843.75,-46.2362
2972470000.0,-46.20333
2972470156.25,-46.19502
2972470312.5,-46.23948
2972470468.75,-46.21205
2972470625.0,-46.2618
2972470781.25,-46.19492
2972470937.5,-46.2271
2972471093.75,-46.20547
2972471250.0,-46.21402
2972471406.25,-46.22082
2972471562.5,-46.2202
2972471718.75,-46.2132
2972471875.0,-46.25074
2972472031.25,-46.24745
2972472187.5,-46.21107
2972472343.75,-46.21445
2972472500.0,-46.19707
2972472656.25,-46.19736
2972472812.5,-46.22591
2972472968.75,-46.21236
2972473125.0,-46.2335
2972473281.25,-46.23071
2972473437.5,-46.22766
2972473593.75,-46.21107
2972473750.0,-46.20655
2972473906.25,-46.2324
2972474062.5,-46.19649
2972474218.75,-46.18272
2972474375.0,-46.19326
2972474531.25,-46.21047
2972474687.5,-46.17923
2972474843.75,-46.20174
2972475000.0,-46.19205
2972475156.25,-46.16176
2972475312.5,-46.16645
2972475468.75,-46.21273
2972475625.0,-46.20205
2972475781.25,-46.23966
2972475937.5,-46.17465
2972476093.75,-46.20998
2972476250.0,-46.21741
2972476406.25,-46.15492
2972476562.5,-46.18775
2972476718.75,-46.15474
2972476875.0,-46.15733
2972477031.25,-46.21091
2972477187.5,-46.17905
2972477343.75,-46.19821
2972477500.0,-46.16885
2972477656.25,-46.17247
2972477812.5,-46.20835
2972477968.75,-46.1944
2972478125.0,-46.16008
2972478281.25,-46.17434
2972478437.5,-46.15118
2972478593.75,-46.12968
2972478750.0,-46.14083
2972478906.25,-46.11393
2972479062.5,-46.14898
2972479218.75,-46.13716
2972479375.0,-46.14415
2972479531.25,-46.13599
2972479687.5,-46.16151
2972479843.75,-46.16047
2972480000.0,-46.15162
2972480156.25,-46.13381
2972480312.5,-46.11735
2972480468.75,-46.13802
2972480625.0,-46.15985
2972480781.25,-46.13422
2972480937.5,-46.16705
2972481093.75,-46.17516
2972481250.0,-46.12156
2972481406.25,-46.16214
2972481562.5,-46.16224
2972481718.75,-46.12477
2972481875.0,-46.14993
2972482031.25,-46.14098
2972482187.5,-46.13537
2972482343.75,-46.1342
2972482500.0,-46.19607
2972482656.25,-46.1369
2972482812.5,-46.09182
2972482968.75,-46.13931
2972483125.0,-46.15546
2972483281.25,-46.14294
2972483437.5,-46.15098
2972483593.75,-46.12486
2972483750.0,-46.12669
2972483906.25,-46.09801
2972484062.5,-46.12778
2972484218.75,-46.1431
2972484375.0,-46.0942
2972484531.25,-46.13063
2972484687.5,-46.11047
2972484843.75,-46.11395
2972485000.0,-46.10602
2972485156.25,-46.1095
2972485312.5,-46.10944
2972485468.75,-46.14688
2972485625.0,-46.12709
2972485781.25,-46.09663
2972485937.5,-46.1264
2972486093.75,-46.12065
2972486250.0,-46.08625
2972486406.25,-46.13116
2972486562.5,-46.0927
2972486718.75,-46.12148
2972486875.0,-46.10179
2972487031.25,-46.10634
2972487187.5,-46.09873
2972487343.75,-46.12754
2972487500.0,-46.095
2972487656.25,-46.06931
2972487812.5,-46.07438
2972487968.75,-46.08653
2972488125.0,-46.10495
2972488281.25,-46.09907
2972488437.5,-46.06322
2972488593.75,-46.10258
2972488750.0,-46.07231
2972488906.25,-46.09134
2972489062.5,-46.07819
2972489218.75,-46.09042
2972489375.0,-46.09092
2972489531.25,-46.07112
2972489687.5,-46.12767
2972489843.75,-46.09922
2972490000.0,-46.04949
2972490156.25,-46.0909
2972490312.5,-46.06929
2972490468.75,-46.07401
2972490625.0,-46.08163
2972490781.25,-46.06685
2972490937.5,-46.07506
2972491093.75,-46.07716
2972491250.0,-46.06755
2972491406.25,-46.08678
2972491562.5,-46.07119
2972491718.75,-46.06848
2972491875.0,-46.07574
2972492031.25,-46.08434
2972492187.5,-46.0522
2972492343.75,-46.03866
2972492500.0,-46.07624
2972492656.25,-46.05127
2972492812.5,-46.05821
2972492968.75,-46.02947
2972493125.0,-46.06744
2972493281.25,-46.05163
2972493437.5,-46.08319
2972493593.75,-46.05149
2972493750.0,-46.04106
2972493906.25,-46.03934
2972494062.5,-46.05109
2972494218.75,-46.04704
2972494375.0,-46.0463
2972494531.25,-46.02047
2972494687.5,-46.03461
2972494843.75,-46.07643
2972495000.0,-46.06713
2972495156.25,-46.05631
2972495312.5,-46.03026
2972495468.75,-46.03
2972495625.0,-46.04695
2972495781.25,-46.02624
2972495937.5,-46.0201
2972496093.75,-46.03127
2972496250.0,-46.02205
2972496406.25,-46.05968
2972496562.5,-46.03232
2972496718.75,-46.02315
2972496875.0,-46.04118
2972497031.25,-46.05857
2972497187.5,-46.04325
2972497343.75,-46.03308
2972497500.0,-46.01546
2972497656.25,-46.03319
2972497812.5,-46.00207
2972497968.75,-46.02892
2972498125.0,-46.00985
2972498281.25,-46.01065
2972498437.5,-45.99984
2972498593.75,-46.0192
2972498750.0,-46.04251
2972498906.25,-46.04269
2972499062.5,-45.99194
2972499218.75,-45.99976
2972499375.0,-45.98962
2972499531.25,-46.02629
2972499687.5,-46.00652
2972499843.75,-46.00323
2972500000.0,-45.98284
2972500156.25,-46.0004
2972500312.5,-46.01505
2972500468.75,-45.99865
2972500625.0,-45.99943
2972500781.25,-46.01302
2972500937.5,-46.01675
2972501093.75,-45.9999
2972501250.0,-45.9578
2972501406.25,-45.98074
2972501562.5,-45.99403
2972501718.75,-45.95236
2972501875.0,-45.97251
2972502031.25,-45.98743
2972502187.5,-46.00536
2972502343.75,-45.97423
2972502500.0,-45.96613
2972502656.25,-45.98937
2972502812.5,-45.9952
2972502968.75,-45.98666
2972503125.0,-46.00592
2972503281.25,-45.99339
2972503437.5,-45.93655
2972503593.75,-45.96032
2972503750.0,-45.96555
2972503906.25,-45.97047
2972504062.5,-45.9637
2972504218.75,-45.96627
2972504375.0,-45.95948
2972504531.25,-45.93064
2972504687.5,-45.95397
2972504843.75,-45.95739
2972505000.0,-45.94691
2972505156.25,-45.94563
2972505312.5,-45.9699
2972505468.75,-45.98124
2972505625.0,-45.93252
2972505781.25,-45.95336
2972505937.5,-45.94968
2972506093.75,-45.99609
2972506250.0,-45.97655
2972506406.25,-45.96291
2972506562.5,-45.94353
2972506718.75,-45.94363
2972506875.0,-45.97305
2972507031.25,-45.9521
2972507187.5,-45.93858
2972507343.75,-45.9548
2972507500.0,-45.92023
2972507656.25,-45.93014
2972507812.5,-45.97657
2972507968.75,-45.92558
2972508125.0,-45.93958
2972508281.25,-45.94517
2972508437.5,-45.9227
2972508593.75,-45.90802
2972508750.0,-45.91655
2972508906.25,-45.8872
2972509062.5,-45.90282
2972509218.75,-45.91498
2972509375.0,-45.91129
2972509531.25,-45.94265
2972509687.5,-45.94495
2972509843.75,-45.94095
2972510000.0,-45.91354
2972510156.25,-45.95007
2972510312.5,-45.93196
2972510468.75,-45.90081
2972510625.0,-45.90527
2972510781.25,-45.92947
2972510937.5,-45.93806
2972511093.75,-45.92904
2972511250.0,-45.90286
2972511406.25,-45.92271
2972511562.5,-45.90653
2972511718.75,-45.92419
2972511875.0,-45.94188
2972512031.25,-45.93811
2972512187.5,-45.89246
2972512343.75,-45.93887
2972512500.0,-45.90923
2972512656.25,-45.93059
2972512812.5,-45.9089
2972512968.75,-45.89758
2972513125.0,-45.8966
2972513281.25,-45.90841
2972513437.5,-45.9163
2972513593.75,-45.9006
2972513750.0,-45.91122
2972513906.25,-45.90289
2972514062.5,-45.92286
2972514218.75,-45.8654
2972514375.0,-45.91651
2972514531.25,-45.89688
2972514687.5,-45.89003
2972514843.75,-45.90594
2972515000.0,-45.88498
2972515156.25,-45.89144
2972515312.5,-45.89904
2972515468.75,-45.92587
2972515625.0,-45.87488
2972515781.25,-45.88564
2972515937.5,-45.87748
2972516093.75,-45.86884
2972516250.0,-45.91538
2972516406.25,-45.86878
2972516562.5,-45.90309
2972516718.75,-45.84849
2972516875.0,-45.89814
2972517031.25,-45.9143
2972517187.5,-45.85054
2972517343.75,-45.86599
2972517500.0,-45.85865
2972517656.25,-45.88195
2972517812.5,-45.84404
2972517968.75,-45.86225
2972518125.0,-45.86243
2972518281.25,-45.85304
2972518437.5,-45.85872
2972518593.75,-45.83398
2972518750.0,-45.87513
2972518906.25,-45.84091
2972519062.5,-45.84064
2972519218.75,-45.85347
2972519375.0,-45.83627
2972519531.25,-45.87997
2972519687.5,-45.8353
2972519843.75,-45.85405
2972520000.0,-45.82297
2972520156.25,-45.83103
2972520312.5,-45.83056
2972520468.75,-45.87242
2972520625.0,-45.84754
2972520781.25,-45.82911
2972520937.5,-45.84135
2972521093.75,-45.86415
2972521250.0,-45.84419
2972521406.25,-45.86153
2972521562.5,-45.85673
2972521718.75,-45.8546
2972521875.0,-45.8321
2972522031.25,-45.84252
2972522187.5,-45.862
2972522343.75,-45.83602
2972522500.0,-45.82802
2972522656.25,-45.84779
2972522812.5,-45.82367
2972522968.75,-45.83739
2972523125.0,-45.85395
2972523281.25,-45.85645
2972523437.5,-45.82104
2972523593.75,-45.80383
2972523750.0,-45.82431
2972523906.25,-45.81076
2972524062.5,-45.81364
2972524218.75,-45.80869
2972524375.0,-45.82566
2972524531.25,-45.8076
2972524687.5,-45.79462
2972524843.75,-45.81674
2972525000.0,-45.83572
2972525156.25,-45.80037
2972525312.5,-45.82747
2972525468.75,-45.81591
2972525625.0,-45.82058
2972525781.25,-45.77803
2972525937.5,-45.83236
2972526093.75,-45.77929
2972526250.0,-45.81206
2972526406.25,-45.83078
2972526562.5,-45.7923
2972526718.75,-45.80414
2972526875.0,-45.80806
2972527031.25,-45.82554
2972527187.5,-45.78329
2972527343.75,-45.79562
2972527500.0,-45.77335
2972527656.25,-45.79232
2972527812.5,-45.79783
2972527968.75,-45.78409
2972528125.0,-45.78231
2972528281.25,-45.77136
2972528437.5,-45.7859
2972528593.75,-45.77525
2972528750.0,-45.77225
2972528906.25,-45.77972
2972529062.5,-45.77614
2972529218.75,-45.78291
2972529375.0,-45.8007
2972529531.25,-45.80789
2972529687.5,-45.77391
2972529843.75,-45.76715
2972530000.0,-45.78981
2972530156.25,-45.75702
2972530312.5,-45.75167
2972530468.75,-45.75902
2972530625.0,-45.7599
2972530781.25,-45.74347
2972530937.5,-45.78757
2972531093.75,-45.77076
2972531250.0,-45.7724
2972531406.25,-45.76631
2972531562.5,-45.73538
2972531718.75,-45.79169
2972531875.0,-45.74685
2972532031.25,-45.74735
2972532187.5,-45.76288
2972532343.75,-45.77348
2972532500.0,-45.75971
2972532656.25,-45.75442
2972532812.5,-45.75016
2972532968.75,-45.73135
2972533125.0,-45.72256
2972533281.25,-45.72807
2972533437.5,-45.7345
2972533593.75,-45.72251
2972533750.0,-45.72667
2972533906.25,-45.72416
2972534062.5,-45.74885
2972534218.75,-45.74148
2972534375.0,-45.725
2972534531.25,-45.71604
2972534687.5,-45.70562
2972534843.75,-45.71423
2972535000.0,-45.71777
2972535156.25,-45.72522
2972535312.5,-45.73185
2972535468.75,-45.71355
2972535625.0,-45.72155
2972535781.25,-45.72801
2972535937.5,-45.723
2972536093.75,-45.70007
2972536250.0,-45.71286
2972536406.25,-45.74553
2972536562.5,-45.73164
2972536718.75,-45.69875
2972536875.0,-45.69162
2972537031.25,-45.74995
2972537187.5,-45.69553
2972537343.75,-45.70095
2972537500.0,-45.67804
2972537656.25,-45.73136
2972537812.5,-45.70353
2972537968.75,-45.7253
2972538125.0,-45.69596
2972538281.25,-45.70695
2972538437.5,-45.7246
2972538593.75,-45.68295
2972538750.0,-45.68139
2972538906.25,-45.69678
2972539062.5,-45.69238
2972539218.75,-45.69512
2972539375.0,-45.70158
2972539531.25,-45.67599
2972539687.5,-45.72544
2972539843.75,-45.68027
2972540000.0,-45.69607
2972540156.25,-45.65426
2972540312.5,-45.6954
2972540468.75,-45.69124
2972540625.0,-45.67339
2972540781.25,-45.67931
2972540937.5,-45.69019
2972541093.75,-45.69068
2972541250.0,-45.65119
2972541406.25,-45.68003
2972541562.5,-45.6815
2972541718.75,-45.64667
2972541875.0,-45.72147
2972542031.25,-45.64978
2972542187.5,-45.66573
2972542343.75,-45.69344
2972542500.0,-45.68967
2972542656.25,-45.67667
2972542812.5,-45.66114
2972542968.75,-45.66506
2972543125.0,-45.68645
2972543281.25,-45.67662
2972543437.5,-45.67741
2972543593.75,-45.65065
2972543750.0,-45.65858
2972543906.25,-45.66791
2972544062.5,-45.68888
2972544218.75,-45.65311
2972544375.0,-45.64818
2972544531.25,-45.66388
2972544687.5,-45.65656
2972544843.75,-45.62121
2972545000.0,-45.66022
2972545156.25,-45.65522
2972545312.5,-45.62914
2972545468.75,-45.65425
2972545625.0,-45.63026
2972545781.25,-45.62879
2972545937.5,-45.61255
2972546093.75,-45.62593
2972546250.0,-45.62011
2972546406.25,-45.62592
2972546562.5,-45.60963
2972546718.75,-45.65155
2972546875.0,-45.633
2972547031.25,-45.65544
2972547187.5,-45.63553
2972547343.75,-45.63349
2972547500.0,-45.60792
2972547656.25,-45.62029
2972547812.5,-45.60164
2972547968.75,-45.62004
2972548125.0,-45.63528
2972548281.25,-45.61497
2972548437.5,-45.60607
2972548593.75,-45.65776
2972548750.0,-45.62171
2972548906.25,-45.61882
2972549062.5,-45.61332
2972549218.75,-45.6306
2972549375.0,-45.62112
2972549531.25,-45.58861
2972549687.5,-45.6409
2972549843.75,-45.59251
2972550000.0,-45.63635
2972550156.25,-45.63013
2972550312.5,-45.62695
2972550468.75,-45.63314
2972550625.0,-45.5825
2972550781.25,-45.61502
2972550937.5,-45.58474
2972551093.75,-45.60197
2972551250.0,-45.57604
2972551406.25,-45.58025
2972551562.5,-45.58916
2972551718.75,-45.62402
2972551875.0,-45.61217
2972552031.25,-45.6226
2972552187.5,-45.601
2972552343.75,-45.6041
2972552500.0,-45.58513
2972552656.25,-45.55957
2972552812.5,-45.59153
2972552968.75,-45.56325
2972553125.0,-45.58564
2972553281.25,-45.60767
2972553437.5,-45.59364
2972553593.75,-45.56076
2972553750.0,-45.57047
2972553906.25,-45.58781
2972554062.5,-45.58356
2972554218.75,-45.5579
2972554375.0,-45.5667
2972554531.25,-45.56375
2972554687.5,-45.60524
2972554843.75,-45.57581
2972555000.0,-45.581
2972555156.25,-45.59191
2972555312.5,-45.60667
2972555468.75,-45.56424
2972555625.0,-45.58903
2972555781.25,-45.53576
2972555937.5,-45.57985
2972556093.75,-45.59279
2972556250.0,-45.555
2972556406.25,-45.5804
2972556562.5,-45.53893
2972556718.75,-45.57769
2972556875.0,-45.53398
2972557031.25,-45.5683
2972557187.5,-45.53309
2972557343.75,-45.54117
2972557500.0,-45.55877
2972557656.25,-45.5517
2972557812.5,-45.56675
2972557968.75,-45.57573
2972558125.0,-45.53461
2972558281.25,-45.51939
2972558437.5,-45.51741
2972558593.75,-45.52102
2972558750.0,-45.52843
2972558906.25,-45.56696
2972559062.5,-45.53318
2972559218.75,-45.52279
2972559375.0,-45.52769
2972559531.25,-45.50527
2972559687.5,-45.52401
2972559843.75,-45.53002
2972560000.0,-45.53622
2972560156.25,-45.50748
2972560312.5,-45.51545
2972560468.75,-45.53131
2972560625.0,-45.57885
2972560781.25,-45.54246
2972560937.5,-45.54407
2972561093.75,-45.52057
2972561250.0,-45.52396
2972561406.25,-45.53638
2972561562.5,-45.52222
2972561718.75,-45.51527
2972561875.0,-45.52407
2972562031.25,-45.52649
2972562187.5,-45.53362
2972562343.75,-45.50452
2972562500.0,-45.50696
2972562656.25,-45.52694
2972562812.5,-45.51757
2972562968.75,-45.49979
2972563125.0,-45.51498
2972563281.25,-45.47162
2972563437.5,-45.5192
2972563593.75,-45.52205
2972563750.0,-45.46138
2972563906.25,-45.50512
2972564062.5,-45.47099
2972564218.75,-45.50079
2972564375.0,-45.49183
2972564531.25,-45.46187
2972564687.5,-45.46582
2972564843.75,-45.49957
2972565000.0,-45.49337
2972565156.25,-45.473
2972565312.5,-45.48895
2972565468.75,-45.47803
2972565625.0,-45.45643
2972565781.25,-45.52281
2972565937.5,-45.48015
2972566093.75,-45.49483
2972566250.0,-45.51389
2972566406.25,-45.48683
2972566562.5,-45.46955
2972566718.75,-45.47615
2972566875.0,-45.46389
2972567031.25,-45.46501
2972567187.5,-45.50944
2972567343.75,-45.46507
2972567500.0,-45.48761
2972567656.25,-45.48724
2972567812.5,-45.47288
2972567968.75,-45.48966
2972568125.0,-45.45194
2972568281.25,-45.48063
2972568437.5,-45.45856
2972568593.75,-45.48039
2972568750.0,-45.44436
2972568906.25,-45.48914
2972569062.5,-45.44511
2972569218.75,-45.45463
2972569375.0,-45.45721
2972569531.25,-45.4455
2972569687.5,-45.44918
2972569843.75,-45.42287
2972570000.0,-45.45376
2972570156.25,-45.46173
2972570312.5,-45.42859
2972570468.75,-45.43102
2972570625.0,-45.42846
2972570781.25,-45.43901
2972570937.5,-45.45648
2972571093.75,-45.40456
2972571250.0,-45.42846
2972571406.25,-45.44761
2972571562.5,-45.42218
2972571718.75,-45.41479
2972571875.0,-45.45053
2972572031.25,-45.44344
2972572187.5,-45.41401
2972572343.75,-45.42682
2972572500.0,-45.4303
2972572656.25,-45.45329
2972572812.5,-45.40714
2972572968.75,-45.43571
2972573125.0,-45.41748
2972573281.25,-45.41635
2972573437.5,-45.44523
2972573593.75,-45.41672
2972573750.0,-45.42434
2972573906.25,-45.43396
2972574062.5,-45.45448
2972574218.75,-45.42702
2972574375.0,-45.39186
2972574531.25,-45.38365
2972574687.5,-45.39795
2972574843.75,-45.41914
2972575000.0,-45.41833
2972575156.25,-45.38305
2972575312.5,-45.39807
2972575468.75,-45.43039
2972575625.0,-45.43072
2972575781.25,-45.43521
2972575937.5,-45.42788
2972576093.75,-45.38272
2972576250.0,-45.42427
2972576406.25,-45.39508
2972576562.5,-45.40134
2972576718.75,-45.42552
2972576875.0,-45.40028
2972577031.25,-45.38763
2972577187.5,-45.40413
2972577343.75,-45.40863
2972577500.0,-45.41129
2972577656.25,-45.38805
2972577812.5,-45.39906
2972577968.75,-45.36516
2972578125.0,-45.3912
2972578281.25,-45.40309
2972578437.5,-45.38583
2972578593.75,-45.40313
2972578750.0,-45.37609
2972578906.25,-45.39662
2972579062.5,-45.35645
2972579218.75,-45.36423
2972579375.0,-45.37183
2972579531.25,-45.3642
2972579687.5,-45.37637
2972579843.75,-45.39738
2972580000.0,-45.37277
2972580156.25,-45.34917
2972580312.5,-45.36835
2972580468.75,-45.39009
2972580625.0,-45.3794
2972580781.25,-45.37287
2972580937.5,-45.33794
2972581093.75,-45.37296
2972581250.0,-45.35511
2972581406.25,-45.372
2972581562.5,-45.37341
2972581718.75,-45.37926
2972581875.0,-45.37255
2972582031.25,-45.33807
2972582187.5,-45.33184
2972582343.75,-45.33787
2972582500.0,-45.31831
2972582656.25,-45.34323
2972582812.5,-45.33273
2972582968.75,-45.34475
2972583125.0,-45.36275
2972583281.25,-45.34526
2972583437.5,-45.31402
2972583593.75,-45.38508
2972583750.0,-45.32054
2972583906.25,-45.35129
2972584062.5,-45.31967
2972584218.75,-45.35876
2972584375.0,-45.35812
2972584531.25,-45.33593
2972584687.5,-45.3208
2972584843.75,-45.31875
2972585000.0,-45.33569
2972585156.25,-45.3046
2972585312.5,-45.3476
2972585468.75,-45.31896
2972585625.0,-45.30705
2972585781.25,-45.31198
2972585937.5,-45.31497
2972586093.75,-45.27826
2972586250.0,-45.32682
2972586406.25,-45.33532
2972586562.5,-45.30931
2972586718.75,-45.30179
2972586875.0,-45.29711
2972587031.25,-45.32404
2972587187.5,-45.29861
2972587343.75,-45.261
2972587500.0,-45.29885
2972587656.25,-45.32605
2972587812.5,-45.31781
2972587968.75,-45.29432
2972588125.0,-45.30427
2972588281.25,-45.302
2972588437.5,-45.30899
2972588593.75,-45.30349
2972588750.0,-45.30483
2972588906.25,-45.3059
2972589062.5,-45.30117
2972589218.75,-45.31974
2972589375.0,-45.30512
2972589531.25,-45.30233
2972589687.5,-45.30891
2972589843.75,-45.28403
2972590000.0,-45.28316
2972590156.25,-45.28222
2972590312.5,-45.27666
2972590468.75,-45.2883
2972590625.0,-45.26843
2972590781.25,-45.29345
2972590937.5,-45.30087
2972591093.75,-45.27961
2972591250.0,-45.27837
2972591406.25,-45.28408
2972591562.5,-45.28009
2972591718.75,-45.2557
2972591875.0,-45.22346
2972592031.25,-45.29372
2972592187.5,-45.23434
2972592343.75,-45.24474
2972592500.0,-45.28276
2972592656.25,-45.25611
2972592812.5,-45.25953
2972592968.75,-45.26978
2972593125.0,-45.26872
2972593281.25,-45.28365
2972593437.5,-45.27324
2972593593.75,-45.26785
2972593750.0,-45.29543
2972593906.25,-45.21991
2972594062.5,-45.2802
2972594218.75,-45.25617
2972594375.0,-45.25501
2972594531.25,-45.24532
2972594687.5,-45.22762
2972594843.75,-45.22485
2972595000.0,-45.21363
2972595156.25,-45.22852
2972595312.5,-45.24692
2972595468.75,-45.21409
2972595625.0,-45.25037
2972595781.25,-45.24752
2972595937.5,-45.27124
2972596093.75,-45.23805
2972596250.0,-45.24256
2972596406.25,-45.2294
2972596562.5,-45.25419
2972596718.75,-45.22841
2972596875.0,-45.22211
2972597031.25,-45.22616
2972597187.5,-45.21935
2972597343.75,-45.22764
2972597500.0,-45.24078
2972597656.25,-45.21357
2972597812.5,-45.24831
2972597968.75,-45.19796
2972598125.0,-45.20752
2972598281.25,-45.21676
2972598437.5,-45.20173
2972598593.75,-45.23136
2972598750.0,-45.21869
2972598906.25,-45.21586
2972599062.5,-45.2154
2972599218.75,-45.24503
2972599375.0,-45.1909
2972599531.25,-45.22342
2972599687.5,-45.20523
2972599843.75,-45.20117
2972600000.0,-45.201
2972600156.25,-45.21036
2972600312.5,-45.25584
2972600468.75,-45.20647
2972600625.0,-45.20768
2972600781.25,-45.18007
2972600937.5,-45.21421
2972601093.75,-45.21064
2972601250.0,-45.17463
2972601406.25,-45.17448
2972601562.5,-45.18684
2972601718.75,-45.21309
2972601875.0,-45.16642
2972602031.25,-45.18678
2972602187.5,-45.20377
2972602343.75,-45.1725
2972602500.0,-45.18922
2972602656.25,-45.19527
2972602812.5,-45.21223
2972602968.75,-45.17271
2972603125.0,-45.17136
2972603281.25,-45.17873
2972603437.5,-45.18568
2972603593.75,-45.1717
2972603750.0,-45.17232
2972603906.25,-45.15876
2972604062.5,-45.17509
2972604218.75,-45.1481
2972604375.0,-45.13979
2972604531.25,-45.16674
2972604687.5,-45.15034
2972604843.75,-45.17868
2972605000.0,-45.15243
2972605156.25,-45.18201
2972605312.5,-45.16904
2972605468.75,-45.18029
2972605625.0,-45.14658
2972605781.25,-45.1762
2972605937.5,-45.13267
2972606093.75,-45.13562
2972606250.0,-45.13612
2972606406.25,-45.14714
2972606562.5,-45.13335
2972606718.75,-45.14109
2972606875.0,-45.16182
2972607031.25,-45.11013
2972607187.5,-45.12848
2972607343.75,-45.1339
2972607500.0,-45.16603
2972607656.25,-45.14438
2972607812.5,-45.13921
2972607968.75,-45.13292
2972608125.0,-45.15351
2972608281.25,-45.12601
2972608437.5,-45.16238
2972608593.75,-45.10929
2972608750.0,-45.15158
2972608906.25,-45.12572
2972609062.5,-45.09419
2972609218.75,-45.13581
2972609375.0,-45.12048
2972609531.25,-45.11438
2972609687.5,-45.11707
2972609843.75,-45.11868
2972610000.0,-45.12355
2972610156.25,-45.11662
2972610312.5,-45.13685
2972610468.75,-45.1237
2972610625.0,-45.13723
2972610781.25,-45.10096
2972610937.5,-45.15577
2972611093.75,-45.09538
2972611250.0,-45.09613
2972611406.25,-45.10145
2972611562.5,-45.08654
2972611718.75,-45.1045
2972611875.0,-45.11007
2972612031.25,-45.13134
2972612187.5,-45.09174
2972612343.75,-45.0874
2972612500.0,-45.08887
2972612656.25,-45.07016
2972612812.5,-45.09237
2972612968.75,-45.08609
2972613125.0,-45.09164
2972613281.25,-45.08646
2972613437.5,-45.09327
2972613593.75,-45.10721
2972613750.0,-45.08495
2972613906.25,-45.09127
2972614062.5,-45.10893
2972614218.75,-45.07553
2972614375.0,-45.07734
2972614531.25,-45.07755
2972614687.5,-45.07864
2972614843.75,-45.07053
2972615000.0,-45.09094
2972615156.25,-45.076
2972615312.5,-45.0721
2972615468.75,-45.10094
2972615625.0,-45.08561
2972615781.25,-45.0696
2972615937.5,-45.06618
2972616093.75,-45.04874
2972616250.0,-45.07969
2972616406.25,-45.0537
2972616562.5,-45.06124
2972616718.75,-45.09145
2972616875.0,-45.05962
2972617031.25,-45.07634
2972617187.5,-45.06976
2972617343.75,-45.04116
2972617500.0,-45.06306
2972617656.25,-45.03996
2972617812.5,-45.03865
2972617968.75,-45.02705
2972618125.0,-45.05733
2972618281.25,-45.07053
2972618437.5,-45.06256
2972618593.75,-45.01188
2972618750.0,-45.06348
2972618906.25,-45.0339
2972619062.5,-45.04038
2972619218.75,-45.06753
2972619375.0,-45.05384
2972619531.25,-45.07425
2972619687.5,-45.04619
2972619843.75,-45.05753
2972620000.0,-45.05119
2972620156.25,-45.04491
2972620312.5,-44.9972
2972620468.75,-45.03963
2972620625.0,-45.03762
2972620781.25,-45.0105
2972620937.5,-45.01874
2972621093.75,-45.028
2972621250.0,-45.00948
2972621406.25,-44.98027
2972621562.5,-45.00491
2972621718.75,-45.02558
2972621875.0,-45.01304
2972622031.25,-45.02295
2972622187.5,-45.02734
2972622343.75,-44.99205
2972622500.0,-45.02764
2972622656.25,-44.98185
2972622812.5,-45.00674
2972622968.75,-44.99744
2972623125.0,-45.02008
2972623281.25,-45.02467
2972623437.5,-45.0067
2972623593.75,-44.97969
2972623750.0,-45.00491
2972623906.25,-45.00138
2972624062.5,-44.99064
2972624218.75,-44.97661
2972624375.0,-44.9768
2972624531.25,-44.98571
2972624687.5,-44.96668
2972624843.75,-44.98897
2972625000.0,-45.0215
2972625156.25,-44.99022
2972625312.5,-45.01193
2972625468.75,-45.00777
2972625625.0,-45.01654
2972625781.25,-44.99572
2972625937.5,-44.98017
2972626093.75,-44.97871
2972626250.0,-44.97933
2972626406.25,-45.00872
2972626562.5,-45.00405
2972626718.75,-44.96362
2972626875.0,-44.98271
2972627031.25,-44.98204
2972627187.5,-44.96955
2972627343.75,-44.98816
2972627500.0,-44.96389
2972627656.25,-44.98946
2972627812.5,-44.95954
2972627968.75,-44.98767
2972628125.0,-44.98528
2972628281.25,-44.98218
2972628437.5,-44.97047
2972628593.75,-44.96174
2972628750.0,-45.00064
2972628906.25,-44.93256
2972629062.5,-44.98717
2972629218.75,-44.95969
2972629375.0,-44.96141
2972629531.25,-44.94905
2972629687.5,-44.93365
2972629843.75,-44.9439
2972630000.0,-44.97313
2972630156.25,-44.98406
2972630312.5,-44.93864
2972630468.75,-44.92734
2972630625.0,-44.93912
2972630781.25,-44.93297
2972630937.5,-44.94481
2972631093.75,-44.93482
2972631250.0,-44.93341
2972631406.25,-44.92418
2972631562.5,-44.95586
2972631718.75,-44.94802
2972631875.0,-44.9518
2972632031.25,-44.91782
2972632187.5,-44.93245
2972632343.75,-44.92154
2972632500.0,-44.9217
2972632656.25,-44.95443
2972632812.5,-44.93252
2972632968.75,-44.8973
2972633125.0,-44.91895
2972633281.25,-44.88651
2972633437.5,-44.93519
2972633593.75,-44.90236
2972633750.0,-44.91963
2972633906.25,-44.93713
2972634062.5,-44.93917
2972634218.75,-44.9023
2972634375.0,-44.91948
2972634531.25,-44.9515
2972634687.5,-44.91192
2972634843.75,-44.91433
2972635000.0,-44.90929
2972635156.25,-44.90086
2972635312.5,-44.89194
2972635468.75,-44.90193
2972635625.0,-44.88155
2972635781.25,-44.88889
2972635937.5,-44.90502
2972636093.75,-44.92554
2972636250.0,-44.89491
2972636406.25,-44.93534
2972636562.5,-44.89458
2972636718.75,-44.89528
2972636875.0,-44.91462
2972637031.25,-44.89088
2972637187.5,-44.86668
2972637343.75,-44.87881
2972637500.0,-44.88346
2972637656.25,-44.87365
2972637812.5,-44.89151
2972637968.75,-44.87572
2972638125.0,-44.88026
2972638281.25,-44.85657
2972638437.5,-44.85289
2972638593.75,-44.89161
2972638750.0,-44.89071
2972638906.25,-44.86938
2972639062.5,-44.8891
2972639218.75,-44.88481
2972639375.0,-44.84589
2972639531.25,-44.8955
2972639687.5,-44.88647
2972639843.75,-44.85995
2972640000.0,-44.86779
2972640156.25,-44.87725
2972640312.5,-44.8274
2972640468.75,-44.86958
2972640625.0,-44.86861
2972640781.25,-44.84865
2972640937.5,-44.86612
2972641093.75,-44.82049
2972641250.0,-44.85276
2972641406.25,-44.86372
2972641562.5,-44.86317
2972641718.75,-44.86882
2972641875.0,-44.81327
2972642031.25,-44.87092
2972642187.5,-44.83119
2972642343.75,-44.84671
2972642500.0,-44.82937
2972642656.25,-44.85851
2972642812.5,-44.82461
2972642968.75,-44.87867
2972643125.0,-44.82993
2972643281.25,-44.82768
2972643437.5,-44.83858
2972643593.75,-44.85298
2972643750.0,-44.8244
2972643906.25,-44.83371
2972644062.5,-44.85742
2972644218.75,-44.82415
2972644375.0,-44.81534
2972644531.25,-44.81655
2972644687.5,-44.81947
2972644843.75,-44.81908
2972645000.0,-44.8357
2972645156.25,-44.82392
2972645312.5,-44.80873
2972645468.75,-44.83195
2972645625.0,-44.81378
2972645781.25,-44.8324
2972645937.5,-44.80268
2972646093.75,-44.80568
2972646250.0,-44.81591
2972646406.25,-44.80978
2972646562.5,-44.81078
2972646718.75,-44.81923
2972646875.0,-44.80359
2972647031.25,-44.79925
2972647187.5,-44.79971
2972647343.75,-44.7876
2972647500.0,-44.80148
2972647656.25,-44.79147
2972647812.5,-44.79037
2972647968.75,-44.82224
2972648125.0,-44.77377
2972648281.25,-44.80612
2972648437.5,-44.78341
2972648593.75,-44.79165
2972648750.0,-44.78621
2972648906.25,-44.81601
2972649062.5,-44.81752
2972649218.75,-44.80683
2972649375.0,-44.77871
2972649531.25,-44.81115
2972649687.5,-44.76154
2972649843.75,-44.79892
2972650000.0,-44.77502
2972650156.25,-44.76052
2972650312.5,-44.78231
2972650468.75,-44.77234
2972650625.0,-44.78309
2972650781.25,-44.76242
2972650937.5,-44.7449
2972651093.75,-44.78738
2972651250.0,-44.77013
2972651406.25,-44.75176
2972651562.5,-44.74726
2972651718.75,-44.76789
2972651875.0,-44.72675
2972652031.25,-44.76922
2972652187.5,-44.7719
2972652343.75,-44.74391
2972652500.0,-44.75928
2972652656.25,-44.75056
2972652812.5,-44.75159
2972652968.75,-44.74275
2972653125.0,-44.73927
2972653281.25,-44.79245
2972653437.5,-44.75541
2972653593.75,-44.71526
2972653750.0,-44.75866
2972653906.25,-44.73887
2972654062.5,-44.7579
2972654218.75,-44.77706
2972654375.0,-44.71996
2972654531.25,-44.72759
2972654687.5,-44.74985
2972654843.75,-44.74169
2972655000.0,-44.75299
2972655156.25,-44.75494
2972655312.5,-44.73273
2972655468.75,-44.73154
2972655625.0,-44.69909
2972655781.25,-44.75929
2972655937.5,-44.73856
2972656093.75,-44.74565
2972656250.0,-44.70268
2972656406.25,-44.71334
2972656562.5,-44.73214
2972656718.75,-44.69595
2972656875.0,-44.69016
2972657031.25,-44.69139
2972657187.5,-44.72143
2972657343.75,-44.71061
2972657500.0,-44.68578
2972657656.25,-44.68856
2972657812.5,-44.68845
2972657968.75,-44.7035
2972658125.0,-44.73881
2972658281.25,-44.70374
2972658437.5,-44.71387
2972658593.75,-44.71639
2972658750.0,-44.68665
2972658906.25,-44.70597
2972659062.5,-44.69851
2972659218.75,-44.70741
2972659375.0,-44.69875
2972659531.25,-44.68236
2972659687.5,-44.70885
2972659843.75,-44.66785
2972660000.0,-44.7242
2972660156.25,-44.68285
2972660312.5,-44.67212
2972660468.75,-44.66474
2972660625.0,-44.68312
2972660781.25,-44.66265
2972660937.5,-44.67318
2972661093.75,-44.70897
2972661250.0,-44.66719
2972661406.25,-44.68189
2972661562.5,-44.68002
2972661718.75,-44.67261
2972661875.0,-44.66758
2972662031.25,-44.70085
2972662187.5,-44.66386
2972662343.75,-44.67603
2972662500.0,-44.63392
2972662656.25,-44.70624
2972662812.5,-44.67757
2972662968.75,-44.66128
2972663125.0,-44.65443
2972663281.25,-44.66115
2972663437.5,-44.64228
2972663593.75,-44.65131
2972663750.0,-44.64435
2972663906.25,-44.65631
2972664062.5,-44.6487
2972664218.75,-44.6333
2972664375.0,-44.67473
2972664531.25,-44.65594
2972664687.5,-44.63099
2972664843.75,-44.65005
2972665000.0,-44.64373
2972665156.25,-44.65078
2972665312.5,-44.6515
2972665468.75,-44.62228
2972665625.0,-44.64008
2972665781.25,-44.63956
2972665937.5,-44.61199
2972666093.75,-44.64326
2972666250.0,-44.61968
2972666406.25,-44.64283
2972666562.5,-44.62769
2972666718.75,-44.64098
2972666875.0,-44.62948
2972667031.25,-44.648
2972667187.5,-44.61186
2972667343.75,-44.65858
2972667500.0,-44.62371
2972667656.25,-44.5954
2972667812.5,-44.62094
2972667968.75,-44.65263
2972668125.0,-44.61795
2972668281.25,-44.60894
2972668437.5,-44.62325
2972668593.75,-44.59012
2972668750.0,-44.60917
2972668906.25,-44.57776
2972669062.5,-44.60547
2972669218.75,-44.57647
2972669375.0,-44.58241
2972669531.25,-44.60378
2972669687.5,-44.61257
2972669843.75,-44.61398
2972670000.0,-44.59726
2972670156.25,-44.55981
2972670312.5,-44.58741
2972670468.75,-44.62695
2972670625.0,-44.6125
2972670781.25,-44.57806
2972670937.5,-44.61876
2972671093.75,-44.60085
2972671250.0,-44.61052
2972671406.25,-44.60362
2972671562.5,-44.58973
2972671718.75,-44.60586
2972671875.0,-44.58244
2972672031.25,-44.5718
2972672187.5,-44.58345
2972672343.75,-44.58612
2972672500.0,-44.59916
2972672656.25,-44.5596
2972672812.5,-44.59327
2972672968.75,-44.55524
2972673125.0,-44.56971
2972673281.25,-44.56887
2972673437.5,-44.57776
2972673593.75,-44.56804
2972673750.0,-44.56853
2972673906.25,-44.53593
2972674062.5,-44.56103
2972674218.75,-44.56424
2972674375.0,-44.53851
2972674531.25,-44.56759
2972674687.5,-44.56109
2972674843.75,-44.57779
2972675000.0,-44.55575
2972675156.25,-44.57144
2972675312.5,-44.552
2972675468.75,-44.52407
2972675625.0,-44.52399
2972675781.25,-44.57122
2972675937.5,-44.55929
2972676093.75,-44.55251
2972676250.0,-44.55393
2972676406.25,-44.53579
2972676562.5,-44.53468
2972676718.75,-44.55602
2972676875.0,-44.49051
2972677031.25,-44.54856
2972677187.5,-44.5287
2972677343.75,-44.53131
2972677500.0,-44.56784
2972677656.25,-44.53632
2972677812.5,-44.53593
2972677968.75,-44.54073
2972678125.0,-44.54206
2972678281.25,-44.49945
2972678437.5,-44.53793
2972678593.75,-44.53058
2972678750.0,-44.51277
2972678906.25,-44.51006
2972679062.5,-44.50717
2972679218.75,-44.53054
2972679375.0,-44.54028
2972679531.25,-44.51286
2972679687.5,-44.48885
2972679843.75,-44.52177
2972680000.0,-44.5153
2972680156.25,-44.52076
2972680312.5,-44.50689
2972680468.75,-44.54715
2972680625.0,-44.5162
2972680781.25,-44.51839
2972680937.5,-44.51888
2972681093.75,-44.52262
2972681250.0,-44.50096
2972681406.25,-44.48309
2972681562.5,-44.50364
2972681718.75,-44.51775
2972681875.0,-44.5132
2972682031.25,-44.51559
2972682187.5,-44.50891
2972682343.75,-44.46794
2972682500.0,-44.48159
2972682656.25,-44.47576
2972682812.5,-44.50856
2972682968.75,-44.48517
2972683125.0,-44.49119
2972683281.25,-44.49938
2972683437.5,-44.45563
2972683593.75,-44.45013
2972683750.0,-44.47758
2972683906.25,-44.47353
2972684062.5,-44.46014
2972684218.75,-44.49359
2972684375.0,-44.48868
2972684531.25,-44.48526
2972684687.5,-44.4622
2972684843.75,-44.47274
2972685000.0,-44.44894
2972685156.25,-44.45994
2972685312.5,-44.4772
2972685468.75,-44.48652
2972685625.0,-44.44996
2972685781.25,-44.45306
2972685937.5,-44.44434
2972686093.75,-44.46127
2972686250.0,-44.44537
2972686406.25,-44.46282
2972686562.5,-44.43987
2972686718.75,-44.4411
2972686875.0,-44.44649
2972687031.25,-44.43241
2972687187.5,-44.44195
2972687343.75,-44.44626
2972687500.0,-44.47332
2972687656.25,-44.42778
2972687812.5,-44.42615
2972687968.75,-44.40887
2972688125.0,-44.44344
2972688281.25,-44.44953
2972688437.5,-44.47773
2972688593.75,-44.4567
2972688750.0,-44.42579
2972688906.25,-44.42896
2972689062.5,-44.45029
2972689218.75,-44.45607
2972689375.0,-44.42176
2972689531.25,-44.44044
2972689687.5,-44.41524
2972689843.75,-44.4414
2972690000.0,-44.44739
2972690156.25,-44.4059
2972690312.5,-44.38514
2972690468.75,-44.42804
2972690625.0,-44.40828
2972690781.25,-44.43943
2972690937.5,-44.40995
2972691093.75,-44.3904
2972691250.0,-44.43219
2972691406.25,-44.36932
2972691562.5,-44.41054
2972691718.75,-44.41871
2972691875.0,-44.418
2972692031.25,-44.40366
2972692187.5,-44.4109
2972692343.75,-44.38954
2972692500.0,-44.36296
2972692656.25,-44.36224
2972692812.5,-44.38385
2972692968.75,-44.40476
2972693125.0,-44.38783
2972693281.25,-44.37223
2972693437.5,-44.3996
2972693593.75,-44.40563
2972693750.0,-44.36819
2972693906.25,-44.37339
2972694062.5,-44.3796
2972694218.75,-44.39048
2972694375.0,-44.39218
2972694531.25,-44.37288
2972694687.5,-44.36163
2972694843.75,-44.38869
2972695000.0,-44.39345
2972695156.25,-44.37543
2972695312.5,-44.37468
2972695468.75,-44.35555
2972695625.0,-44.32854
2972695781.25,-44.39244
2972695937.5,-44.36274
2972696093.75,-44.35972
2972696250.0,-44.36276
2972696406.25,-44.35166
2972696562.5,-44.3801
2972696718.75,-44.38625
2972696875.0,-44.35446
2972697031.25,-44.34683
2972697187.5,-44.34019
2972697343.75,-44.35281
2972697500.0,-44.35809
2972697656.25,-44.35262
2972697812.5,-44.30238
2972697968.75,-44.33481
2972698125.0,-44.3489
2972698281.25,-44.36584
2972698437.5,-44.34775
2972698593.75,-44.36267
2972698750.0,-44.33944
2972698906.25,-44.33988
2972699062.5,-44.34034
2972699218.75,-44.33532
2972699375.0,-44.35922
2972699531.25,-44.33617
2972699687.5,-44.32645
2972699843.75,-44.33926
2972700000.0,-44.31713
2972700156.25,-44.3158
2972700312.5,-44.29923
2972700468.75,-44.31935
2972700625.0,-44.33091
2972700781.25,-44.30858
2972700937.5,-44.31058
2972701093.75,-44.3484
2972701250.0,-44.31039
2972701406.25,-44.3072
2972701562.5,-44.3161
2972701718.75,-44.29975
2972701875.0,-44.31079
2972702031.25,-44.32786
2972702187.5,-44.29228
2972702343.75,-44.28996
2972702500.0,-44.32146
2972702656.25,-44.30558
2972702812.5,-44.27806
2972702968.75,-44.30013
2972703125.0,-44.29557
2972703281.25,-44.28354
2972703437.5,-44.28104
2972703593.75,-44.29253
2972703750.0,-44.29111
2972703906.25,-44.26947
2972704062.5,-44.30702
2972704218.75,-44.29758
2972704375.0,-44.28419
2972704531.25,-44.26472
2972704687.5,-44.27788
2972704843.75,-44.2935
2972705000.0,-44.29411
2972705156.25,-44.28256
2972705312.5,-44.27424
2972705468.75,-44.27125
2972705625.0,-44.27517
2972705781.25,-44.26868
2972705937.5,-44.2798
2972706093.75,-44.27755
2972706250.0,-44.28247
2972706406.25,-44.25722
2972706562.5,-44.2509
2972706718.75,-44.26421
2972706875.0,-44.25279
2972707031.25,-44.28125
2972707187.5,-44.26842
2972707343.75,-44.27554
2972707500.0,-44.26575
2972707656.25,-44.27158
2972707812.5,-44.26891
2972707968.75,-44.26545
2972708125.0,-44.26723
2972708281.25,-44.25563
2972708437.5,-44.2553
2972708593.75,-44.24501
2972708750.0,-44.25769
2972708906.25,-44.22277
2972709062.5,-44.21551
2972709218.75,-44.25731
2972709375.0,-44.25011
2972709531.25,-44.22216
2972709687.5,-44.24232
2972709843.75,-44.24325
2972710000.0,-44.22443
2972710156.25,-44.23476
2972710312.5,-44.2015
2972710468.75,-44.25236
2972710625.0,-44.22406
2972710781.25,-44.22316
2972710937.5,-44.20245
2972711093.75,-44.21664
2972711250.0,-44.22353
2972711406.25,-44.23532
2972711562.5,-44.21896
2972711718.75,-44.24237
2972711875.0,-44.23208
2972712031.25,-44.18156
2972712187.5,-44.22383
2972712343.75,-44.20533
2972712500.0,-44.22392
2972712656.25,-44.22437
2972712812.5,-44.19902
2972712968.75,-44.21671
2972713125.0,-44.1971
2972713281.25,-44.22019
2972713437.5,-44.20957
2972713593.75,-44.23692
2972713750.0,-44.20746
2972713906.25,-44.1884
2972714062.5,-44.20381
2972714218.75,-44.20724
2972714375.0,-44.19458
2972714531.25,-44.19737
2972714687.5,-44.19413
2972714843.75,-44.20849
2972715000.0,-44.21404
2972715156.25,-44.18019
2972715312.5,-44.18079
2972715468.75,-44.18812
2972715625.0,-44.18515
2972715781.25,-44.16911
2972715937.5,-44.16407
2972716093.75,-44.19723
2972716250.0,-44.19509
2972716406.25,-44.15857
2972716562.5,-44.19676
2972716718.75,-44.15012
2972716875.0,-44.19709
2972717031.25,-44.17932
2972717187.5,-44.13625
2972717343.75,-44.1823
2972717500.0,-44.18518
2972717656.25,-44.14557
2972717812.5,-44.16925
2972717968.75,-44.14462
2972718125.0,-44.16111
2972718281.25,-44.15605
2972718437.5,-44.14572
2972718593.75,-44.1562
2972718750.0,-44.1468
2972718906.25,-44.15467
2972719062.5,-44.13657
2972719218.75,-44.16356
2972719375.0,-44.1534
2972719531.25,-44.14871
2972719687.5,-44.14073
2972719843.75,-44.123
2972720000.0,-44.14226
2972720156.25,-44.12443
2972720312.5,-44.13876
2972720468.75,-44.13201
2972720625.0,-44.1153
2972720781.25,-44.15064
2972720937.5,-44.14471
2972721093.75,-44.15636
2972721250.0,-44.13366
2972721406.25,-44.13013
2972721562.5,-44.12958
2972721718.75,-44.12272
2972721875.0,-44.12709
2972722031.25,-44.09893
2972722187.5,-44.14016
2972722343.75,-44.10832
2972722500.0,-44.13636
2972722656.25,-44.12301
2972722812.5,-44.12872
2972722968.75,-44.11904
2972723125.0,-44.10785
2972723281.25,-44.08825
2972723437.5,-44.10224
2972723593.75,-44.117
2972723750.0,-44.06296
2972723906.25,-44.11352
2972724062.5,-44.10524
2972724218.75,-44.09532
2972724375.0,-44.11702
2972724531.25,-44.1069
2972724687.5,-44.09999
2972724843.75,-44.09095
2972725000.0,-44.08513
2972725156.25,-44.09824
2972725312.5,-44.08693
2972725468.75,-44.0795
2972725625.0,-44.0805
2972725781.25,-44.0801
2972725937.5,-44.07186
2972726093.75,-44.05114
2972726250.0,-44.08219
2972726406.25,-44.11774
2972726562.5,-44.05256
2972726718.75,-44.09037
2972726875.0,-44.0663
2972727031.25,-44.06575
2972727187.5,-44.1002
2972727343.75,-44.06629
2972727500.0,-44.08424
2972727656.25,-44.06017
2972727812.5,-44.06997
2972727968.75,-44.06674
2972728125.0,-44.06721
2972728281.25,-44.04846
2972728437.5,-44.04643
2972728593.75,-44.05271
2972728750.0,-44.06487
2972728906.25,-44.03927
2972729062.5,-44.07822
2972729218.75,-44.04575
2972729375.0,-44.04983
2972729531.25,-44.04234
2972729687.5,-44.03429
2972729843.75,-44.06316
2972730000.0,-44.04117
2972730156.25,-44.05133
2972730312.5,-44.03749
2972730468.75,-44.04399
2972730625.0,-44.03801
2972730781.25,-44.02878
2972730937.5,-44.04305
2972731093.75,-44.0304
2972731250.0,-44.05322
2972731406.25,-44.05017
2972731562.5,-44.03305
2972731718.75,-44.04155
2972731875.0,-44.01347
2972732031.25,-44.03378
2972732187.5,-44.03606
2972732343.75,-44.02511
2972732500.0,-44.02781
2972732656.25,-44.01302
2972732812.5,-44.02481
2972732968.75,-44.00792
2972733125.0,-44.01474
2972733281.25,-44.00803
2972733437.5,-44.0058
2972733593.75,-44.01515
2972733750.0,-44.00925
2972733906.25,-44.00672
2972734062.5,-43.98796
2972734218.75,-44.00521
2972734375.0,-43.99033
2972734531.25,-44.00473
2972734687.5,-43.99122
2972734843.75,-44.00435
2972735000.0,-44.02329
2972735156.25,-44.01743
2972735312.5,-44.00743
2972735468.75,-44.00837
2972735625.0,-43.98932
2972735781.25,-43.9674
2972735937.5,-44.00565
2972736093.75,-43.98712
2972736250.0,-43.96608
2972736406.25,-43.98341
2972736562.5,-43.97548
2972736718.75,-44.00383
2972736875.0,-43.99009
2972737031.25,-43.97308
2972737187.5,-43.96667
2972737343.75,-43.97397
2972737500.0,-43.98167
2972737656.25,-43.98604
2972737812.5,-43.97087
2972737968.75,-43.95452
2972738125.0,-43.98975
2972738281.25,-43.96772
2972738437.5,-43.95085
2972738593.75,-43.99056
2972738750.0,-43.95139
2972738906.25,-43.96104
2972739062.5,-43.95349
2972739218.75,-43.96649
2972739375.0,-43.97665
2972739531.25,-43.98642
2972739687.5,-43.9681
2972739843.75,-43.93736
2972740000.0,-43.92517
2972740156.25,-43.96429
2972740312.5,-43.94678
2972740468.75,-43.9664
2972740625.0,-43.96303
2972740781.25,-43.91294
2972740937.5,-43.97156
2972741093.75,-43.93334
2972741250.0,-43.95835
2972741406.25,-43.9344
2972741562.5,-43.9355
2972741718.75,-43.91076
2972741875.0,-43.94914
2972742031.25,-43.92324
2972742187.5,-43.97441
2972742343.75,-43.94163
2972742500.0,-43.93379
2972742656.25,-43.94342
2972742812.5,-43.93122
2972742968.75,-43.91523
2972743125.0,-43.92632
2972743281.25,-43.931
2972743437.5,-43.91742
2972743593.75,-43.91092
2972743750.0,-43.89609
2972743906.25,-43.91674
2972744062.5,-43.91037
2972744218.75,-43.91738
2972744375.0,-43.93344
2972744531.25,-43.91616
2972744687.5,-43.91574
2972744843.75,-43.91993
2972745000.0,-43.89014
2972745156.25,-43.92854
2972745312.5,-43.89294
2972745468.75,-43.89
2972745625.0,-43.88855
2972745781.25,-43.89263
2972745937.5,-43.86515
2972746093.75,-43.90616
2972746250.0,-43.88829
2972746406.25,-43.90864
2972746562.5,-43.90936
2972746718.75,-43.87184
2972746875.0,-43.91047
2972747031.25,-43.88344
2972747187.5,-43.87854
2972747343.75,-43.89387
2972747500.0,-43.87119
2972747656.25,-43.91444
2972747812.5,-43.85578
2972747968.75,-43.86055
2972748125.0,-43.8619
2972748281.25,-43.84731
2972748437.5,-43.8936
2972748593.75,-43.84503
2972748750.0,-43.86851
2972748906.25,-43.86755
2972749062.5,-43.87882
2972749218.75,-43.86647
2972749375.0,-43.87372
2972749531.25,-43.90172
2972749687.5,-43.86099
2972749843.75,-43.89162
2972750000.0,-43.86291
2972750156.25,-43.87073
2972750312.5,-43.86611
2972750468.75,-43.83441
2972750625.0,-43.86677
2972750781.25,-43.83757
2972750937.5,-43.8419
2972751093.75,-43.88813
2972751250.0,-43.83875
2972751406.25,-43.84463
2972751562.5,-43.87074
2972751718.75,-43.85159
2972751875.0,-43.84111
2972752031.25,-43.85036
2972752187.5,-43.83913
2972752343.75,-43.80691
2972752500.0,-43.83004
2972752656.25,-43.83051
2972752812.5,-43.82506
2972752968.75,-43.81705
2972753125.0,-43.81128
2972753281.25,-43.84247
2972753437.5,-43.82999
2972753593.75,-43.82327
2972753750.0,-43.81849
2972753906.25,-43.82054
2972754062.5,-43.82799
2972754218.75,-43.82527
2972754375.0,-43.82922
2972754531.25,-43.79992
2972754687.5,-43.81123
2972754843.75,-43.8253
2972755000.0,-43.8159
2972755156.25,-43.80603
2972755312.5,-43.80791
2972755468.75,-43.79899
2972755625.0,-43.79202
2972755781.25,-43.8131
2972755937.5,-43.79305
2972756093.75,-43.80529
2972756250.0,-43.778
2972756406.25,-43.79707
2972756562.5,-43.81422
2972756718.75,-43.81223
2972756875.0,-43.78136
2972757031.25,-43.78355
2972757187.5,-43.79119
2972757343.75,-43.75896
2972757500.0,-43.76976
2972757656.25,-43.807
2972757812.5,-43.75881
2972757968.75,-43.79556
2972758125.0,-43.77227
2972758281.25,-43.76325
2972758437.5,-43.76087
2972758593.75,-43.75712
2972758750.0,-43.76322
2972758906.25,-43.75018
2972759062.5,-43.76497
2972759218.75,-43.74936
2972759375.0,-43.75592
2972759531.25,-43.77554
2972759687.5,-43.7762
2972759843.75,-43.76186
2972760000.0,-43.75434
2972760156.25,-43.75343
2972760312.5,-43.76382
2972760468.75,-43.72185
2972760625.0,-43.74748
2972760781.25,-43.73542
2972760937.5,-43.74898
2972761093.75,-43.77512
2972761250.0,-43.75423
2972761406.25,-43.72051
2972761562.5,-43.72375
2972761718.75,-43.72278
2972761875.0,-43.72243
2972762031.25,-43.7421
2972762187.5,-43.72367
2972762343.75,-43.72342
2972762500.0,-43.71863
2972762656.25,-43.74615
2972762812.5,-43.72583
2972762968.75,-43.73556
2972763125.0,-43.75967
2972763281.25,-43.72178
2972763437.5,-43.71198
2972763593.75,-43.72327
2972763750.0,-43.7023
2972763906.25,-43.73927
2972764062.5,-43.69589
2972764218.75,-43.71416
2972764375.0,-43.73159
2972764531.25,-43.70421
2972764687.5,-43.69548
2972764843.75,-43.71595
2972765000.0,-43.69624
2972765156.25,-43.71578
2972765312.5,-43.68131
2972765468.75,-43.68901
2972765625.0,-43.71849
2972765781.25,-43.72124
2972765937.5,-43.69308
2972766093.75,-43.70715
2972766250.0,-43.68164
2972766406.25,-43.69176
2972766562.5,-43.7032
2972766718.75,-43.69728
2972766875.0,-43.73568
2972767031.25,-43.66881
2972767187.5,-43.6791
2972767343.75,-43.67612
2972767500.0,-43.68765
2972767656.25,-43.71814
2972767812.5,-43.67642
2972767968.75,-43.67189
2972768125.0,-43.67186
2972768281.25,-43.6526
2972768437.5,-43.69778
2972768593.75,-43.6894
2972768750.0,-43.66556
2972768906.25,-43.67993
2972769062.5,-43.67423
2972769218.75,-43.6585
2972769375.0,-43.66815
2972769531.25,-43.66856
2972769687.5,-43.66463
2972769843.75,-43.6399
2972770000.0,-43.66138
2972770156.25,-43.66048
2972770312.5,-43.62768
2972770468.75,-43.65932
2972770625.0,-43.65582
2972770781.25,-43.65432
2972770937.5,-43.63734
2972771093.75,-43.64462
2972771250.0,-43.66404
2972771406.25,-43.64407
2972771562.5,-43.6339
2972771718.75,-43.63119
2972771875.0,-43.64113
2972772031.25,-43.61749
2972772187.5,-43.6427
2972772343.75,-43.65249
2972772500.0,-43.61843
2972772656.25,-43.64243
2972772812.5,-43.6108
2972772968.75,-43.62611
2972773125.0,-43.63506
2972773281.25,-43.6423
2972773437.5,-43.6254
2972773593.75,-43.61231
2972773750.0,-43.64241
2972773906.25,-43.63446
2972774062.5,-43.65502
2972774218.75,-43.61302
2972774375.0,-43.63925
2972774531.25,-43.59274
2972774687.5,-43.60633
2972774843.75,-43.578
2972775000.0,-43.61282
2972775156.25,-43.61761
2972775312.5,-43.61868
2972775468.75,-43.62065
2972775625.0,-43.62202
2972775781.25,-43.61621
2972775937.5,-43.58593
2972776093.75,-43.58094
2972776250.0,-43.58856
2972776406.25,-43.59015
2972776562.5,-43.58277
2972776718.75,-43.60133
2972776875.0,-43.58798
2972777031.25,-43.60533
2972777187.5,-43.60009
2972777343.75,-43.60227
2972777500.0,-43.58043
2972777656.25,-43.58039
2972777812.5,-43.58405
2972777968.75,-43.56686
2972778125.0,-43.56807
2972778281.25,-43.57082
2972778437.5,-43.58548
2972778593.75,-43.56952
2972778750.0,-43.57007
2972778906.25,-43.56073
2972779062.5,-43.54842
2972779218.75,-43.57317
2972779375.0,-43.54703
2972779531.25,-43.56773
2972779687.5,-43.56549
2972779843.75,-43.5666
2972780000.0,-43.564
2972780156.25,-43.56221
2972780312.5,-43.57055
2972780468.75,-43.55328
2972780625.0,-43.56253
2972780781.25,-43.57129
2972780937.5,-43.54543
2972781093.75,-43.55399
2972781250.0,-43.56514
2972781406.25,-43.53629
2972781562.5,-43.55335
2972781718.75,-43.53051
2972781875.0,-43.55268
2972782031.25,-43.53519
2972782187.5,-43.56885
2972782343.75,-43.54935
2972782500.0,-43.55351
2972782656.25,-43.52904
2972782812.5,-43.55235
2972782968.75,-43.54429
2972783125.0,-43.51349
2972783281.25,-43.50087
2972783437.5,-43.51335
2972783593.75,-43.54258
2972783750.0,-43.52812
2972783906.25,-43.53596
2972784062.5,-43.51631
2972784218.75,-43.50849
2972784375.0,-43.51156
2972784531.25,-43.52478
2972784687.5,-43.52486
2972784843.75,-43.51281
2972785000.0,-43.52397
2972785156.25,-43.5205
2972785312.5,-43.48887
2972785468.75,-43.48782
2972785625.0,-43.51534
2972785781.25,-43.52222
2972785937.5,-43.48981
2972786093.75,-43.50652
2972786250.0,-43.49706
2972786406.25,-43.5037
2972786562.5,-43.51034
2972786718.75,-43.48419
2972786875.0,-43.51564
2972787031.25,-43.50865
2972787187.5,-43.49314
2972787343.75,-43.50396
2972787500.0,-43.46378
2972787656.25,-43.47697
2972787812.5,-43.49025
2972787968.75,-43.48783
2972788125.0,-43.50424
2972788281.25,-43.49846
2972788437.5,-43.48503
2972788593.75,-43.46273
2972788750.0,-43.48666
2972788906.25,-43.46571
2972789062.5,-43.46642
2972789218.75,-43.4817
2972789375.0,-43.46391
2972789531.25,-43.45047
2972789687.5,-43.49031
2972789843.75,-43.46083
2972790000.0,-43.47945
2972790156.25,-43.452
2972790312.5,-43.44716
2972790468.75,-43.42805
2972790625.0,-43.46695
2972790781.25,-43.46724
2972790937.5,-43.47055
2972791093.75,-43.44852
2972791250.0,-43.44436
2972791406.25,-43.43304
2972791562.5,-43.43626
2972791718.75,-43.42812
2972791875.0,-43.45811
2972792031.25,-43.443
2972792187.5,-43.43805
2972792343.75,-43.44574
2972792500.0,-43.43872
2972792656.25,-43.43567
2972792812.5,-43.43453
2972792968.75,-43.43233
2972793125.0,-43.42432
2972793281.25,-43.4452
2972793437.5,-43.42554
2972793593.75,-43.41634
2972793750.0,-43.42322
2972793906.25,-43.42609
2972794062.5,-43.39792
2972794218.75,-43.45515
2972794375.0,-43.44434
2972794531.25,-43.42214
2972794687.5,-43.42426
2972794843.75,-43.39877
2972795000.0,-43.40508
2972795156.25,-43.40301
2972795312.5,-43.39326
2972795468.75,-43.39774
2972795625.0,-43.42561
2972795781.25,-43.39201
2972795937.5,-43.43097
2972796093.75,-43.41225
2972796250.0,-43.41056
2972796406.25,-43.38581
2972796562.5,-43.39923
2972796718.75,-43.39815
2972796875.0,-43.38276
2972797031.25,-43.41366
2972797187.5,-43.39238
2972797343.75,-43.38044
2972797500.0,-43.41074
2972797656.25,-43.40377
2972797812.5,-43.38287
2972797968.75,-43.37711
2972798125.0,-43.38453
2972798281.25,-43.38014
2972798437.5,-43.39104
2972798593.75,-43.39453
2972798750.0,-43.38078
2972798906.25,-43.38975
2972799062.5,-43.37557
2972799218.75,-43.37691
2972799375.0,-43.36194
2972799531.25,-43.38415
2972799687.5,-43.39591
2972799843.75,-43.36424
2972800000.0,-43.34755
2972800156.25,-43.35519
2972800312.5,-43.36072
2972800468.75,-43.35582
2972800625.0,-43.33903
2972800781.25,-43.36644
2972800937.5,-43.36563
2972801093.75,-43.35206
2972801250.0,-43.35138
2972801406.25,-43.3429
2972801562.5,-43.33849
2972801718.75,-43.34307
2972801875.0,-43.33374
2972802031.25,-43.30158
2972802187.5,-43.31317
2972802343.75,-43.32883
2972802500.0,-43.35292
2972802656.25,-43.36145
2972802812.5,-43.33471
2972802968.75,-43.33886
2972803125.0,-43.33107
2972803281.25,-43.32158
2972803437.5,-43.31768
2972803593.75,-43.31724
2972803750.0,-43.31348
2972803906.25,-43.31102
2972804062.5,-43.31849
2972804218.75,-43.31166
2972804375.0,-43.30642
2972804531.25,-43.31707
2972804687.5,-43.2999
2972804843.75,-43.31307
2972805000.0,-43.29982
2972805156.25,-43.30302
2972805312.5,-43.3245
2972805468.75,-43.2862
2972805625.0,-43.30185
2972805781.25,-43.32725
2972805937.5,-43.2848
2972806093.75,-43.31242
2972806250.0,-43.30817
2972806406.25,-43.26313
2972806562.5,-43.2823
2972806718.75,-43.27386
2972806875.0,-43.2666
2972807031.25,-43.28768
2972807187.5,-43.2791
2972807343.75,-43.28823
2972807500.0,-43.28708
2972807656.25,-43.28274
2972807812.5,-43.27064
2972807968.75,-43.29962
2972808125.0,-43.26255
2972808281.25,-43.266
2972808437.5,-43.28254
2972808593.75,-43.26624
2972808750.0,-43.26762
2972808906.25,-43.28687
2972809062.5,-43.2631
2972809218.75,-43.26237
2972809375.0,-43.22875
2972809531.25,-43.25161
2972809687.5,-43.25111
2972809843.75,-43.2643
2972810000.0,-43.24589
2972810156.25,-43.27224
2972810312.5,-43.25228
2972810468.75,-43.23949
2972810625.0,-43.25996
2972810781.25,-43.25721
2972810937.5,-43.29137
2972811093.75,-43.24092
2972811250.0,-43.251
2972811406.25,-43.23565
2972811562.5,-43.25142
2972811718.75,-43.24381
2972811875.0,-43.249
2972812031.25,-43.22697
2972812187.5,-43.23672
2972812343.75,-43.22657
2972812500.0,-43.21187
2972812656.25,-43.24608
2972812812.5,-43.23706
2972812968.75,-43.23581
2972813125.0,-43.22512
2972813281.25,-43.23065
2972813437.5,-43.24683
2972813593.75,-43.22018
2972813750.0,-43.22166
2972813906.25,-43.24303
2972814062.5,-43.22446
2972814218.75,-43.21064
2972814375.0,-43.19644
2972814531.25,-43.19397
2972814687.5,-43.20533
2972814843.75,-43.16828
2972815000.0,-43.2061
2972815156.25,-43.22527
2972815312.5,-43.19048
2972815468.75,-43.19402
2972815625.0,-43.18588
2972815781.25,-43.21628
2972815937.5,-43.19529
2972816093.75,-43.18083
2972816250.0,-43.20448
2972816406.25,-43.19193
2972816562.5,-43.19345
2972816718.75,-43.17703
2972816875.0,-43.18924
2972817031.25,-43.17556
2972817187.5,-43.18822
2972817343.75,-43.17035
2972817500.0,-43.16594
2972817656.25,-43.16676
2972817812.5,-43.20574
2972817968.75,-43.16198
2972818125.0,-43.1577
2972818281.25,-43.16837
2972818437.5,-43.17843
2972818593.75,-43.18796
2972818750.0,-43.16008
2972818906.25,-43.17923
2972819062.5,-43.15985
2972819218.75,-43.13887
2972819375.0,-43.18446
2972819531.25,-43.1601
2972819687.5,-43.17671
2972819843.75,-43.17815
2972820000.0,-43.15294
2972820156.25,-43.19297
2972820312.5,-43.16586
2972820468.75,-43.18317
2972820625.0,-43.13622
2972820781.25,-43.15673
2972820937.5,-43.16196
2972821093.75,-43.12011
2972821250.0,-43.12343
2972821406.25,-43.13627
2972821562.5,-43.12706
2972821718.75,-43.12654
2972821875.0,-43.1283
2972822031.25,-43.13126
2972822187.5,-43.12235
2972822343.75,-43.1085
2972822500.0,-43.10989
2972822656.25,-43.13132
2972822812.5,-43.11903
2972822968.75,-43.10504
2972823125.0,-43.11338
2972823281.25,-43.11567
2972823437.5,-43.11916
2972823593.75,-43.10693
2972823750.0,-43.09956
2972823906.25,-43.11468
2972824062.5,-43.12262
2972824218.75,-43.09116
2972824375.0,-43.07993
2972824531.25,-43.09554
2972824687.5,-43.10619
2972824843.75,-43.1059
2972825000.0,-43.08284
2972825156.25,-43.07258
2972825312.5,-43.09904
2972825468.75,-43.09598
2972825625.0,-43.09196
2972825781.25,-43.09556
2972825937.5,-43.10698
2972826093.75,-43.06327
2972826250.0,-43.05638
2972826406.25,-43.06816
2972826562.5,-43.06948
2972826718.75,-43.07091
2972826875.0,-43.10331
2972827031.25,-43.08708
2972827187.5,-43.08827
2972827343.75,-43.04847
2972827500.0,-43.07339
2972827656.25,-43.06275
2972827812.5,-43.06817
2972827968.75,-43.05982
2972828125.0,-43.08252
2972828281.25,-43.04639
2972828437.5,-43.0668
2972828593.75,-43.05825
2972828750.0,-43.06986
2972828906.25,-43.06075
2972829062.5,-43.04923
2972829218.75,-43.06293
2972829375.0,-43.02694
2972829531.25,-43.07259
2972829687.5,-43.05651
2972829843.75,-43.06875
2972830000.0,-43.05685
2972830156.25,-43.03351
2972830312.5,-43.04283
2972830468.75,-43.03123
2972830625.0,-43.05187
2972830781.25,-43.03784
2972830937.5,-43.02473
2972831093.75,-43.03889
2972831250.0,-43.03445
2972831406.25,-43.02374
2972831562.5,-43.03081
2972831718.75,-43.0358
2972831875.0,-43.04597
2972832031.25,-43.01954
2972832187.5,-43.03165
2972832343.75,-42.99839
2972832500.0,-43.03736
2972832656.25,-43.03435
2972832812.5,-43.03522
2972832968.75,-43.01446
2972833125.0,-43.02925
2972833281.25,-43.01325
2972833437.5,-43.00252
2972833593.75,-43.00446
2972833750.0,-42.98597
2972833906.25,-43.00215
2972834062.5,-43.01279
2972834218.75,-43.01029
2972834375.0,-43.01394
2972834531.25,-43.00468
2972834687.5,-43.00594
2972834843.75,-42.99955
2972835000.0,-42.98885
2972835156.25,-42.98083
2972835312.5,-42.98864
2972835468.75,-42.98367
2972835625.0,-42.98745
2972835781.25,-43.00166
2972835937.5,-42.99107
2972836093.75,-42.96744
2972836250.0,-42.97792
2972836406.25,-42.97416
2972836562.5,-42.98551
2972836718.75,-42.98077
2972836875.0,-42.96747
2972837031.25,-42.98303
2972837187.5,-42.96954
2972837343.75,-42.99011
2972837500.0,-42.9531
2972837656.25,-42.95697
2972837812.5,-42.96777
2972837968.75,-42.94465
2972838125.0,-42.94542
2972838281.25,-42.95367
2972838437.5,-42.97646
2972838593.75,-42.95909
2972838750.0,-42.9599
2972838906.25,-42.94384
2972839062.5,-42.94209
2972839218.75,-42.94334
2972839375.0,-42.95222
2972839531.25,-42.93342
2972839687.5,-42.91462
2972839843.75,-42.9474
2972840000.0,-42.95614
2972840156.25,-42.93549
2972840312.5,-42.94744
2972840468.75,-42.92669
2972840625.0,-42.93361
2972840781.25,-42.93872
2972840937.5,-42.94532
2972841093.75,-42.92435
2972841250.0,-42.91928
2972841406.25,-42.9297
2972841562.5,-42.92806
2972841718.75,-42.94253
2972841875.0,-42.88873
2972842031.25,-42.93729
2972842187.5,-42.91889
2972842343.75,-42.89662
2972842500.0,-42.90319
2972842656.25,-42.90647
2972842812.5,-42.90966
2972842968.75,-42.92463
2972843125.0,-42.91837
2972843281.25,-42.92686
2972843437.5,-42.87581
2972843593.75,-42.89979
2972843750.0,-42.87186
2972843906.25,-42.90283
2972844062.5,-42.90377
2972844218.75,-42.90348
2972844375.0,-42.88405
2972844531.25,-42.88572
2972844687.5,-42.89253
2972844843.75,-42.88877
2972845000.0,-42.89256
2972845156.25,-42.90866
2972845312.5,-42.89054
2972845468.75,-42.86892
2972845625.0,-42.90598
2972845781.25,-42.87688
2972845937.5,-42.8698
2972846093.75,-42.87457
2972846250.0,-42.86144
2972846406.25,-42.88642
2972846562.5,-42.87244
2972846718.75,-42.88002
2972846875.0,-42.84367
2972847031.25,-42.8642
2972847187.5,-42.89291
2972847343.75,-42.87704
2972847500.0,-42.87028
2972847656.25,-42.89775
2972847812.5,-42.85625
2972847968.75,-42.8756
2972848125.0,-42.85504
2972848281.25,-42.84541
2972848437.5,-42.83476
2972848593.75,-42.8543
2972848750.0,-42.82335
2972848906.25,-42.86266
2972849062.5,-42.83227
2972849218.75,-42.83862
2972849375.0,-42.83065
2972849531.25,-42.83296
2972849687.5,-42.86646
2972849843.75,-42.84396
2972850000.0,-42.8619
2972850156.25,-42.81268
2972850312.5,-42.855
2972850468.75,-42.84
2972850625.0,-42.82077
2972850781.25,-42.82639
2972850937.5,-42.83289
2972851093.75,-42.82181
2972851250.0,-42.818
2972851406.25,-42.84267
2972851562.5,-42.81363
2972851718.75,-42.7902
2972851875.0,-42.79755
2972852031.25,-42.81374
2972852187.5,-42.80688
2972852343.75,-42.78298
2972852500.0,-42.82053
2972852656.25,-42.8169
2972852812.5,-42.79032
2972852968.75,-42.78149
2972853125.0,-42.79263
2972853281.25,-42.8115
2972853437.5,-42.80712
2972853593.75,-42.80267
2972853750.0,-42.80622
2972853906.25,-42.79465
2972854062.5,-42.77655
2972854218.75,-42.77805
2972854375.0,-42.78622
2972854531.25,-42.776
2972854687.5,-42.77084
2972854843.75,-42.7843
2972855000.0,-42.77133
2972855156.25,-42.78895
2972855312.5,-42.77149
2972855468.75,-42.79309
2972855625.0,-42.75777
2972855781.25,-42.79513
2972855937.5,-42.74593
2972856093.75,-42.79271
2972856250.0,-42.77822
2972856406.25,-42.76181
2972856562.5,-42.74586
2972856718.75,-42.75105
2972856875.0,-42.76231
2972857031.25,-42.7324
2972857187.5,-42.76037
2972857343.75,-42.75206
2972857500.0,-42.74888
2972857656.25,-42.74324
2972857812.5,-42.74181
2972857968.75,-42.76199
2972858125.0,-42.78622
2972858281.25,-42.72696
2972858437.5,-42.74158
2972858593.75,-42.74463
2972858750.0,-42.74781
2972858906.25,-42.74875
2972859062.5,-42.69017
2972859218.75,-42.70692
2972859375.0,-42.73711
2972859531.25,-42.7249
2972859687.5,-42.73537
2972859843.75,-42.7234
2972860000.0,-42.71352
2972860156.25,-42.73048
2972860312.5,-42.72641
2972860468.75,-42.7069
2972860625.0,-42.71544
2972860781.25,-42.72223
2972860937.5,-42.74509
2972861093.75,-42.70864
2972861250.0,-42.70797
2972861406.25,-42.69802
2972861562.5,-42.72919
2972861718.75,-42.68648
2972861875.0,-42.70269
2972862031.25,-42.70462
2972862187.5,-42.70304
2972862343.75,-42.70461
2972862500.0,-42.69945
2972862656.25,-42.67929
2972862812.5,-42.68
2972862968.75,-42.69138
2972863125.0,-42.70159
2972863281.25,-42.67484
2972863437.5,-42.66423
2972863593.75,-42.69799
2972863750.0,-42.67883
2972863906.25,-42.69635
2972864062.5,-42.67659
2972864218.75,-42.6864
2972864375.0,-42.69102
2972864531.25,-42.67346
2972864687.5,-42.67926
2972864843.75,-42.68816
2972865000.0,-42.63839
2972865156.25,-42.66194
2972865312.5,-42.67456
2972865468.75,-42.6658
2972865625.0,-42.66462
2972865781.25,-42.65005
2972865937.5,-42.67173
2972866093.75,-42.65114
2972866250.0,-42.66903
2972866406.25,-42.67027
2972866562.5,-42.65605
2972866718.75,-42.65401
2972866875.0,-42.64685
2972867031.25,-42.67551
2972867187.5,-42.64142
2972867343.75,-42.66204
2972867500.0,-42.62967
2972867656.25,-42.66222
2972867812.5,-42.64064
2972867968.75,-42.63151
2972868125.0,-42.64756
2972868281.25,-42.65099
2972868437.5,-42.62179
2972868593.75,-42.65641
2972868750.0,-42.60989
2972868906.25,-42.62658
2972869062.5,-42.62475
2972869218.75,-42.63123
2972869375.0,-42.6412
2972869531.25,-42.62297
2972869687.5,-42.61216
2972869843.75,-42.61593
2972870000.0,-42.61765
2972870156.25,-42.61212
2972870312.5,-42.6267
2972870468.75,-42.6045
2972870625.0,-42.59346
2972870781.25,-42.60133
2972870937.5,-42.62966
2972871093.75,-42.59612
2972871250.0,-42.626
2972871406.25,-42.58279
2972871562.5,-42.57872
2972871718.75,-42.6024
2972871875.0,-42.58225
2972872031.25,-42.58578
2972872187.5,-42.58567
2972872343.75,-42.59796
2972872500.0,-42.58633
2972872656.25,-42.5866
2972872812.5,-42.57295
2972872968.75,-42.59662
2972873125.0,-42.58443
2972873281.25,-42.58098
2972873437.5,-42.56282
2972873593.75,-42.56704
2972873750.0,-42.56559
2972873906.25,-42.56082
2972874062.5,-42.59365
2972874218.75,-42.5701
2972874375.0,-42.57559
2972874531.25,-42.55088
2972874687.5,-42.57875
2972874843.75,-42.56823
2972875000.0,-42.57183
2972875156.25,-42.54678
2972875312.5,-42.57757
2972875468.75,-42.53838
2972875625.0,-42.5526
2972875781.25,-42.56847
2972875937.5,-42.54304
2972876093.75,-42.55171
2972876250.0,-42.53751
2972876406.25,-42.53577
2972876562.5,-42.54712
2972876718.75,-42.5498
2972876875.0,-42.50748
2972877031.25,-42.54548
2972877187.5,-42.52729
2972877343.75,-42.52024
2972877500.0,-42.5364
2972877656.25,-42.53714
2972877812.5,-42.53816
2972877968.75,-42.52186
2972878125.0,-42.52279
2972878281.25,-42.52489
2972878437.5,-42.51811
2972878593.75,-42.50838
2972878750.0,-42.50651
2972878906.25,-42.50119
2972879062.5,-42.53598
2972879218.75,-42.4934
2972879375.0,-42.51627
2972879531.25,-42.50234
2972879687.5,-42.4999
2972879843.75,-42.52455
2972880000.0,-42.4909
2972880156.25,-42.49972
2972880312.5,-42.5096
2972880468.75,-42.49485
2972880625.0,-42.5
2972880781.25,-42.48085
2972880937.5,-42.50492
2972881093.75,-42.49584
2972881250.0,-42.4809
2972881406.25,-42.4698
2972881562.5,-42.49403
2972881718.75,-42.46117
2972881875.0,-42.48625
2972882031.25,-42.49221
2972882187.5,-42.48505
2972882343.75,-42.49287
2972882500.0,-42.47369
2972882656.25,-42.47728
2972882812.5,-42.45206
2972882968.75,-42.45608
2972883125.0,-42.45522
2972883281.25,-42.47968
2972883437.5,-42.44749
2972883593.75,-42.45454
2972883750.0,-42.47204
2972883906.25,-42.45085
2972884062.5,-42.44831
2972884218.75,-42.47076
2972884375.0,-42.46041
2972884531.25,-42.44643
2972884687.5,-42.44139
2972884843.75,-42.42712
2972885000.0,-42.45548
2972885156.25,-42.44429
2972885312.5,-42.44098
2972885468.75,-42.44581
2972885625.0,-42.44265
2972885781.25,-42.41808
2972885937.5,-42.42803
2972886093.75,-42.44221
2972886250.0,-42.43193
2972886406.25,-42.43231
2972886562.5,-42.44066
2972886718.75,-42.42553
2972886875.0,-42.41912
2972887031.25,-42.40694
2972887187.5,-42.43422
2972887343.75,-42.40503
2972887500.0,-42.42912
2972887656.25,-42.39477
2972887812.5,-42.40644
2972887968.75,-42.43119
2972888125.0,-42.40139
2972888281.25,-42.40209
2972888437.5,-42.38033
2972888593.75,-42.40996
2972888750.0,-42.39638
2972888906.25,-42.4015
2972889062.5,-42.39973
2972889218.75,-42.39548
2972889375.0,-42.3975
2972889531.25,-42.40551
2972889687.5,-42.40717
2972889843.75,-42.37706
2972890000.0,-42.41557
2972890156.25,-42.40969
2972890312.5,-42.39166
2972890468.75,-42.37554
2972890625.0,-42.36887
2972890781.25,-42.38304
2972890937.5,-42.39328
2972891093.75,-42.36948
2972891250.0,-42.36767
2972891406.25,-42.36393
2972891562.5,-42.37291
2972891718.75,-42.3583
2972891875.0,-42.36671
2972892031.25,-42.35486
2972892187.5,-42.38145
2972892343.75,-42.35229
2972892500.0,-42.35886
2972892656.25,-42.38597
2972892812.5,-42.35496
2972892968.75,-42.35824
2972893125.0,-42.35942
2972893281.25,-42.37045
2972893437.5,-42.36675
2972893593.75,-42.35824
2972893750.0,-42.36037
2972893906.25,-42.35859
2972894062.5,-42.33239
2972894218.75,-42.34713
2972894375.0,-42.36403
2972894531.25,-42.34422
2972894687.5,-42.32607
2972894843.75,-42.33389
2972895000.0,-42.31949
2972895156.25,-42.31815
2972895312.5,-42.34405
2972895468.75,-42.3317
2972895625.0,-42.30735
2972895781.25,-42.32977
2972895937.5,-42.33765
2972896093.75,-42.31354
2972896250.0,-42.3266
2972896406.25,-42.31359
2972896562.5,-42.30634
2972896718.75,-42.32183
2972896875.0,-42.30547
2972897031.25,-42.30977
2972897187.5,-42.31187
2972897343.75,-42.29934
2972897500.0,-42.3109
2972897656.25,-42.29377
2972897812.5,-42.30883
2972897968.75,-42.28354
2972898125.0,-42.29873
2972898281.25,-42.30037
2972898437.5,-42.29277
2972898593.75,-42.29192
2972898750.0,-42.30279
2972898906.25,-42.28429
2972899062.5,-42.29236
2972899218.75,-42.29442
2972899375.0,-42.28191
2972899531.25,-42.29119
2972899687.5,-42.26221
2972899843.75,-42.29338
2972900000.0,-42.2836
2972900156.25,-42.23988
2972900312.5,-42.28168
2972900468.75,-42.263
2972900625.0,-42.28928
2972900781.25,-42.30433
2972900937.5,-42.28326
2972901093.75,-42.26822
2972901250.0,-42.2798
2972901406.25,-42.27427
2972901562.5,-42.25485
2972901718.75,-42.25283
2972901875.0,-42.25884
2972902031.25,-42.25793
2972902187.5,-42.24279
2972902343.75,-42.22522
2972902500.0,-42.23618
2972902656.25,-42.23117
2972902812.5,-42.25475
2972902968.75,-42.23679
2972903125.0,-42.24124
2972903281.25,-42.22413
2972903437.5,-42.23723
2972903593.75,-42.22766
2972903750.0,-42.24316
2972903906.25,-42.2448
2972904062.5,-42.22876
2972904218.75,-42.22437
2972904375.0,-42.23701
2972904531.25,-42.20867
2972904687.5,-42.23211
2972904843.75,-42.22891
2972905000.0,-42.22994
2972905156.25,-42.21841
2972905312.5,-42.22414
2972905468.75,-42.20311
2972905625.0,-42.198
2972905781.25,-42.2238
2972905937.5,-42.2143
2972906093.75,-42.19317
2972906250.0,-42.20422
2972906406.25,-42.20609
2972906562.5,-42.1915
2972906718.75,-42.21086
2972906875.0,-42.20704
2972907031.25,-42.18792
2972907187.5,-42.20142
2972907343.75,-42.18421
2972907500.0,-42.19395
2972907656.25,-42.18676
2972907812.5,-42.17681
2972907968.75,-42.18735
2972908125.0,-42.18893
2972908281.25,-42.1909
2972908437.5,-42.18097
2972908593.75,-42.16988
2972908750.0,-42.14518
2972908906.25,-42.16714
2972909062.5,-42.16991
2972909218.75,-42.16969
2972909375.0,-42.15536
2972909531.25,-42.16616
2972909687.5,-42.1672
2972909843.75,-42.15402
2972910000.0,-42.16753
2972910156.25,-42.16618
2972910312.5,-42.17785
2972910468.75,-42.16985
2972910625.0,-42.15107
2972910781.25,-42.17035
2972910937.5,-42.14728
2972911093.75,-42.16573
2972911250.0,-42.14372
2972911406.25,-42.14855
2972911562.5,-42.12318
2972911718.75,-42.15322
2972911875.0,-42.16388
2972912031.25,-42.13301
2972912187.5,-42.16013
2972912343.75,-42.11988
2972912500.0,-42.12514
2972912656.25,-42.1169
2972912812.5,-42.11559
2972912968.75,-42.11648
2972913125.0,-42.12836
2972913281.25,-42.11732
2972913437.5,-42.11041
2972913593.75,-42.09863
2972913750.0,-42.10151
2972913906.25,-42.11496
2972914062.5,-42.11287
2972914218.75,-42.13232
2972914375.0,-42.10215
2972914531.25,-42.08703
2972914687.5,-42.11539
2972914843.75,-42.09964
2972915000.0,-42.09962
2972915156.25,-42.08085
2972915312.5,-42.09575
2972915468.75,-42.07487
2972915625.0,-42.08354
2972915781.25,-42.08658
2972915937.5,-42.0797
2972916093.75,-42.07305
2972916250.0,-42.09823
2972916406.25,-42.10405
2972916562.5,-42.08627
2972916718.75,-42.07778
2972916875.0,-42.0796
2972917031.25,-42.07035
2972917187.5,-42.07922
2972917343.75,-42.05479
2972917500.0,-42.06934
2972917656.25,-42.06136
2972917812.5,-42.06238
2972917968.75,-42.05301
2972918125.0,-42.06701
2972918281.25,-42.0501
2972918437.5,-42.05589
2972918593.75,-42.0633
2972918750.0,-42.06792
2972918906.25,-42.02977
2972919062.5,-42.04703
2972919218.75,-42.06832
2972919375.0,-42.05851
2972919531.25,-42.05948
2972919687.5,-42.06258
2972919843.75,-42.03004
2972920000.0,-42.03844
2972920156.25,-42.07707
2972920312.5,-42.04888
2972920468.75,-42.03157
2972920625.0,-42.02023
2972920781.25,-41.98931
2972920937.5,-42.01427
2972921093.75,-42.02655
2972921250.0,-42.00037
2972921406.25,-42.03129
2972921562.5,-42.01761
2972921718.75,-42.01593
2972921875.0,-42.02884
2972922031.25,-42.03296
2972922187.5,-42.02794
2972922343.75,-42.00406
2972922500.0,-42.01065
2972922656.25,-42.0058
2972922812.5,-42.00241
2972922968.75,-42.02719
2972923125.0,-42.02708
2972923281.25,-41.98226
2972923437.5,-42.01913
2972923593.75,-41.99427
2972923750.0,-42.0145
2972923906.25,-41.99167
2972924062.5,-41.98728
2972924218.75,-41.98722
2972924375.0,-41.9711
2972924531.25,-41.97953
2972924687.5,-41.99264
2972924843.75,-41.95352
2972925000.0,-41.99493
2972925156.25,-41.9714
2972925312.5,-41.97371
2972925468.75,-41.98133
2972925625.0,-41.97415
2972925781.25,-41.96756
2972925937.5,-41.96196
2972926093.75,-41.95111
2972926250.0,-41.94572
2972926406.25,-41.95616
2972926562.5,-41.97556
2972926718.75,-41.96655
2972926875.0,-41.9545
2972927031.25,-41.96212
2972927187.5,-41.95577
2972927343.75,-41.94653
2972927500.0,-41.95985
2972927656.25,-41.93451
2972927812.5,-41.94611
2972927968.75,-41.9707
2972928125.0,-41.93949
2972928281.25,-41.94736
2972928437.5,-41.9253
2972928593.75,-41.91824
2972928750.0,-41.92533
2972928906.25,-41.9447
2972929062.5,-41.94512
2972929218.75,-41.93093
2972929375.0,-41.93231
2972929531.25,-41.9266
2972929687.5,-41.93975
2972929843.75,-41.92557
2972930000.0,-41.93169
2972930156.25,-41.90716
2972930312.5,-41.92847
2972930468.75,-41.92563
2972930625.0,-41.92124
2972930781.25,-41.91456
2972930937.5,-41.8932
2972931093.75,-41.90564
2972931250.0,-41.89209
2972931406.25,-41.89362
2972931562.5,-41.90225
2972931718.75,-41.89855
2972931875.0,-41.90005
2972932031.25,-41.91657
2972932187.5,-41.91233
2972932343.75,-41.89667
2972932500.0,-41.87026
2972932656.25,-41.87328
2972932812.5,-41.8963
2972932968.75,-41.89027
2972933125.0,-41.90725
2972933281.25,-41.87785
2972933437.5,-41.89956
2972933593.75,-41.89167
2972933750.0,-41.88652
2972933906.25,-41.89356
2972934062.5,-41.87659
2972934218.75,-41.88454
2972934375.0,-41.85686
2972934531.25,-41.87747
2972934687.5,-41.881
2972934843.75,-41.88627
2972935000.0,-41.84906
2972935156.25,-41.86122
2972935312.5,-41.85578
2972935468.75,-41.86516
2972935625.0,-41.85931
2972935781.25,-41.84829
2972935937.5,-41.87007
2972936093.75,-41.85044
2972936250.0,-41.87538
2972936406.25,-41.82654
2972936562.5,-41.82843
2972936718.75,-41.847
2972936875.0,-41.82681
2972937031.25,-41.84109
2972937187.5,-41.84994
2972937343.75,-41.81522
2972937500.0,-41.84386
2972937656.25,-41.83785
2972937812.5,-41.82829
2972937968.75,-41.82332
2972938125.0,-41.82597
2972938281.25,-41.8322
2972938437.5,-41.82347
2972938593.75,-41.81906
2972938750.0,-41.819
2972938906.25,-41.80542
2972939062.5,-41.78121
2972939218.75,-41.83578
2972939375.0,-41.81294
2972939531.25,-41.81762
2972939687.5,-41.82087
2972939843.75,-41.80259
2972940000.0,-41.8098
2972940156.25,-41.7998
2972940312.5,-41.80888
2972940468.75,-41.7954
2972940625.0,-41.79101
2972940781.25,-41.78504
2972940937.5,-41.79377
2972941093.75,-41.77618
2972941250.0,-41.78521
2972941406.25,-41.76574
2972941562.5,-41.7781
2972941718.75,-41.78968
2972941875.0,-41.77011
2972942031.25,-41.80159
2972942187.5,-41.76337
2972942343.75,-41.78457
2972942500.0,-41.7821
2972942656.25,-41.76615
2972942812.5,-41.76721
2972942968.75,-41.75443
2972943125.0,-41.76866
2972943281.25,-41.75009
2972943437.5,-41.76754
2972943593.75,-41.74569
2972943750.0,-41.76435
2972943906.25,-41.72398
2972944062.5,-41.76569
2972944218.75,-41.75369
2972944375.0,-41.73552
2972944531.25,-41.73564
2972944687.5,-41.72637
2972944843.75,-41.73584
2972945000.0,-41.74582
2972945156.25,-41.75773
2972945312.5,-41.72705
2972945468.75,-41.73268
2972945625.0,-41.73861
2972945781.25,-41.7312
2972945937.5,-41.73842
2972946093.75,-41.71939
2972946250.0,-41.73072
2972946406.25,-41.7208
2972946562.5,-41.73484
2972946718.75,-41.71733
2972946875.0,-41.72666
2972947031.25,-41.71305
2972947187.5,-41.71889
2972947343.75,-41.70399
2972947500.0,-41.7132
2972947656.25,-41.72197
2972947812.5,-41.73359
2972947968.75,-41.70774
2972948125.0,-41.71112
2972948281.25,-41.72504
2972948437.5,-41.69286
2972948593.75,-41.6957
2972948750.0,-41.71645
2972948906.25,-41.71934
2972949062.5,-41.70779
2972949218.75,-41.70042
2972949375.0,-41.6823
2972949531.25,-41.70086
2972949687.5,-41.66018
2972949843.75,-41.68517
2972950000.0,-41.69955
2972950156.25,-41.67355
2972950312.5,-41.67547
2972950468.75,-41.66619
2972950625.0,-41.6745
2972950781.25,-41.67241
2972950937.5,-41.65974
2972951093.75,-41.66215
2972951250.0,-41.6678
2972951406.25,-41.68195
2972951562.5,-41.66161
2972951718.75,-41.6567
2972951875.0,-41.6437
2972952031.25,-41.65519
2972952187.5,-41.65889
2972952343.75,-41.64139
2972952500.0,-41.64584
2972952656.25,-41.64782
2972952812.5,-41.65465
2972952968.75,-41.65401
2972953125.0,-41.64297
2972953281.25,-41.62557
2972953437.5,-41.65562
2972953593.75,-41.65349
2972953750.0,-41.60807
2972953906.25,-41.63453
2972954062.5,-41.62156
2972954218.75,-41.63934
2972954375.0,-41.62469
2972954531.25,-41.61326
2972954687.5,-41.61239
2972954843.75,-41.62053
2972955000.0,-41.63921
2972955156.25,-41.61486
2972955312.5,-41.60522
2972955468.75,-41.63538
2972955625.0,-41.58713
2972955781.25,-41.62039
2972955937.5,-41.60448
2972956093.75,-41.59732
2972956250.0,-41.60436
2972956406.25,-41.57324
2972956562.5,-41.61659
2972956718.75,-41.59064
2972956875.0,-41.59781
2972957031.25,-41.60579
2972957187.5,-41.58493
2972957343.75,-41.59299
2972957500.0,-41.55756
2972957656.25,-41.5896
2972957812.5,-41.58445
2972957968.75,-41.57065
2972958125.0,-41.56874
2972958281.25,-41.58641
2972958437.5,-41.57704
2972958593.75,-41.58565
2972958750.0,-41.55534
2972958906.25,-41.58721
2972959062.5,-41.5905
2972959218.75,-41.57294
2972959375.0,-41.57395
2972959531.25,-41.56045
2972959687.5,-41.5674
2972959843.75,-41.53997
2972960000.0,-41.56115
2972960156.25,-41.57681
2972960312.5,-41.56055
2972960468.75,-41.56544
2972960625.0,-41.54429
2972960781.25,-41.55776
2972960937.5,-41.52831
2972961093.75,-41.52261
2972961250.0,-41.55779
2972961406.25,-41.53434
2972961562.5,-41.53093
2972961718.75,-41.53216
2972961875.0,-41.53231
2972962031.25,-41.54052
2972962187.5,-41.52877
2972962343.75,-41.5273
2972962500.0,-41.54003
2972962656.25,-41.53394
2972962812.5,-41.52668
2972962968.75,-41.52372
2972963125.0,-41.51236
2972963281.25,-41.52134
2972963437.5,-41.52856
2972963593.75,-41.50853
2972963750.0,-41.50938
2972963906.25,-41.4964
2972964062.5,-41.50449
2972964218.75,-41.50013
2972964375.0,-41.51305
2972964531.25,-41.49889
2972964687.5,-41.49211
2972964843.75,-41.5088
2972965000.0,-41.49876
2972965156.25,-41.49855
2972965312.5,-41.48746
2972965468.75,-41.49109
2972965625.0,-41.47964
2972965781.25,-41.51403
2972965937.5,-41.48838
2972966093.75,-41.51454
2972966250.0,-41.49923
2972966406.25,-41.48189
2972966562.5,-41.47226
2972966718.75,-41.44679
2972966875.0,-41.48868
2972967031.25,-41.4669
2972967187.5,-41.46865
2972967343.75,-41.4441
2972967500.0,-41.46325
2972967656.25,-41.47628
2972967812.5,-41.47499
2972967968.75,-41.4584
2972968125.0,-41.45794
2972968281.25,-41.45361
2972968437.5,-41.45128
2972968593.75,-41.44347
2972968750.0,-41.46098
2972968906.25,-41.44337
2972969062.5,-41.44315
2972969218.75,-41.44283
2972969375.0,-41.4407
2972969531.25,-41.43294
2972969687.5,-41.43505
2972969843.75,-41.4441
2972970000.0,-41.42245
2972970156.25,-41.42897
2972970312.5,-41.43528
2972970468.75,-41.41961
2972970625.0,-41.42582
2972970781.25,-41.42371
2972970937.5,-41.40253
2972971093.75,-41.40779
2972971250.0,-41.43136
2972971406.25,-41.40155
2972971562.5,-41.42043
2972971718.75,-41.43041
2972971875.0,-41.41501
2972972031.25,-41.42064
2972972187.5,-41.38901
2972972343.75,-41.38411
2972972500.0,-41.38474
2972972656.25,-41.38181
2972972812.5,-41.4134
2972972968.75,-41.42115
2972973125.0,-41.39784
2972973281.25,-41.38326
2972973437.5,-41.39562
2972973593.75,-41.36414
2972973750.0,-41.38775
2972973906.25,-41.38398
2972974062.5,-41.36796
2972974218.75,-41.38193
2972974375.0,-41.36675
2972974531.25,-41.37204
2972974687.5,-41.37016
2972974843.75,-41.37014
2972975000.0,-41.36605
2972975156.25,-41.36088
2972975312.5,-41.36627
2972975468.75,-41.37889
2972975625.0,-41.36105
2972975781.25,-41.36787
2972975937.5,-41.36027
2972976093.75,-41.35047
2972976250.0,-41.34072
2972976406.25,-41.34439
2972976562.5,-41.36578
2972976718.75,-41.33329
2972976875.0,-41.35001
2972977031.25,-41.34181
2972977187.5,-41.3172
2972977343.75,-41.34991
2972977500.0,-41.33464
2972977656.25,-41.33512
2972977812.5,-41.33253
2972977968.75,-41.33123
2972978125.0,-41.33503
2972978281.25,-41.32069
2972978437.5,-41.33064
2972978593.75,-41.3234
2972978750.0,-41.31219
2972978906.25,-41.29952
2972979062.5,-41.30359
2972979218.75,-41.34159
2972979375.0,-41.32287
2972979531.25,-41.32352
2972979687.5,-41.31833
2972979843.75,-41.30726
2972980000.0,-41.31201
2972980156.25,-41.31038
2972980312.5,-41.32449
2972980468.75,-41.30421
2972980625.0,-41.30654
2972980781.25,-41.26222
2972980937.5,-41.28231
2972981093.75,-41.30026
2972981250.0,-41.29442
2972981406.25,-41.29036
2972981562.5,-41.29354
2972981718.75,-41.28223
2972981875.0,-41.2887
2972982031.25,-41.2903
2972982187.5,-41.26987
2972982343.75,-41.26917
2972982500.0,-41.28461
2972982656.25,-41.28254
2972982812.5,-41.25918
2972982968.75,-41.28121
2972983125.0,-41.25839
2972983281.25,-41.24111
2972983437.5,-41.25011
2972983593.75,-41.24324
2972983750.0,-41.24005
2972983906.25,-41.24274
2972984062.5,-41.26723
2972984218.75,-41.24747
2972984375.0,-41.26192
2972984531.25,-41.23016
2972984687.5,-41.25911
2972984843.75,-41.23614
2972985000.0,-41.24289
2972985156.25,-41.22095
2972985312.5,-41.23659
2972985468.75,-41.23356
2972985625.0,-41.23463
2972985781.25,-41.23456
2972985937.5,-41.2136
2972986093.75,-41.22633
2972986250.0,-41.21603
2972986406.25,-41.19992
2972986562.5,-41.22469
2972986718.75,-41.22468
2972986875.0,-41.21278
2972987031.25,-41.20459
2972987187.5,-41.21296
2972987343.75,-41.19513
2972987500.0,-41.21242
2972987656.25,-41.21436
2972987812.5,-41.21038
2972987968.75,-41.19252
2972988125.0,-41.19188
2972988281.25,-41.19387
2972988437.5,-41.22216
2972988593.75,-41.18845
2972988750.0,-41.19917
2972988906.25,-41.18368
2972989062.5,-41.17571
2972989218.75,-41.17646
2972989375.0,-41.19384
2972989531.25,-41.18496
2972989687.5,-41.17358
2972989843.75,-41.17558
2972990000.0,-41.18141
2972990156.25,-41.193
2972990312.5,-41.1964
2972990468.75,-41.16769
2972990625.0,-41.16736
2972990781.25,-41.18023
2972990937.5,-41.15144
2972991093.75,-41.18317
2972991250.0,-41.16452
2972991406.25,-41.16145
2972991562.5,-41.17311
2972991718.75,-41.14166
2972991875.0,-41.13848
2972992031.25,-41.16724
2972992187.5,-41.15005
2972992343.75,-41.14448
2972992500.0,-41.15005
2972992656.25,-41.15486
2972992812.5,-41.13969
2972992968.75,-41.13485
2972993125.0,-41.13251
2972993281.25,-41.13126
2972993437.5,-41.13063
2972993593.75,-41.14885
2972993750.0,-41.12528
2972993906.25,-41.11678
2972994062.5,-41.11974
2972994218.75,-41.11086
2972994375.0,-41.14225
2972994531.25,-41.11953
2972994687.5,-41.09813
2972994843.75,-41.12161
2972995000.0,-41.12659
2972995156.25,-41.10089
2972995312.5,-41.11007
2972995468.75,-41.11292
2972995625.0,-41.12222
2972995781.25,-41.09744
2972995937.5,-41.11337
2972996093.75,-41.08716
2972996250.0,-41.10059
2972996406.25,-41.09234
2972996562.5,-41.10956
2972996718.75,-41.09884
2972996875.0,-41.10232
2972997031.25,-41.09304
2972997187.5,-41.07552
2972997343.75,-41.08029
2972997500.0,-41.06044
2972997656.25,-41.06717
2972997812.5,-41.07351
2972997968.75,-41.06049
2972998125.0,-41.05927
2972998281.25,-41.06436
2972998437.5,-41.0769
2972998593.75,-41.07161
2972998750.0,-41.06847
2972998906.25,-41.04714
2972999062.5,-41.05614
2972999218.75,-41.02987
2972999375.0,-41.07183
2972999531.25,-41.04618
2972999687.5,-41.07372
2972999843.75,-41.06956
2973000000.0,-41.02895
2973000156.25,-41.03892
2973000312.5,-41.05019
2973000468.75,-41.019
2973000625.0,-41.04908
2973000781.25,-41.03989
2973000937.5,-41.03685
2973001093.75,-41.01396
2973001250.0,-41.02966
2973001406.25,-41.01694
2973001562.5,-41.0301
2973001718.75,-41.02753
2973001875.0,-41.02189
2973002031.25,-41.02477
2973002187.5,-41.02789
2973002343.75,-41.00614
2973002500.0,-41.00899
2973002656.25,-41.0028
2973002812.5,-40.99966
2973002968.75,-41.02376
2973003125.0,-41.01225
2973003281.25,-40.99835
2973003437.5,-40.99692
2973003593.75,-41.01712
2973003750.0,-41.00485
2973003906.25,-41.00408
2973004062.5,-40.99665
2973004218.75,-40.98201
2973004375.0,-41.00941
2973004531.25,-41.00204
2973004687.5,-40.9749
2973004843.75,-40.97525
2973005000.0,-40.99169
2973005156.25,-40.9739
2973005312.5,-40.98428
2973005468.75,-40.98308
2973005625.0,-40.99288
2973005781.25,-40.98988
2973005937.5,-40.97458
2973006093.75,-40.96683
2973006250.0,-40.96655
2973006406.25,-40.95797
2973006562.5,-40.95426
2973006718.75,-40.94527
2973006875.0,-40.95241
2973007031.25,-40.95523
2973007187.5,-40.94879
2973007343.75,-40.95189
2973007500.0,-40.96017
2973007656.25,-40.92672
2973007812.5,-40.92998
2973007968.75,-40.93426
2973008125.0,-40.94185
2973008281.25,-40.91844
2973008437.5,-40.92604
2973008593.75,-40.95276
2973008750.0,-40.9282
2973008906.25,-40.92376
2973009062.5,-40.93351
2973009218.75,-40.93869
2973009375.0,-40.91548
2973009531.25,-40.93196
2973009687.5,-40.94221
2973009843.75,-40.92033
2973010000.0,-40.93321
2973010156.25,-40.91386
2973010312.5,-40.93509
2973010468.75,-40.91651
2973010625.0,-40.91563
2973010781.25,-40.92229
2973010937.5,-40.89838
2973011093.75,-40.9041
2973011250.0,-40.90176
2973011406.25,-40.8917
2973011562.5,-40.8985
2973011718.75,-40.89693
2973011875.0,-40.89088
2973012031.25,-40.89099
2973012187.5,-40.87537
2973012343.75,-40.90639
2973012500.0,-40.90563
2973012656.25,-40.88072
2973012812.5,-40.87817
2973012968.75,-40.88729
2973013125.0,-40.87591
2973013281.25,-40.87918
2973013437.5,-40.89112
2973013593.75,-40.86596
2973013750.0,-40.87666
2973013906.25,-40.8578
2973014062.5,-40.85179
2973014218.75,-40.8313
2973014375.0,-40.88197
2973014531.25,-40.82687
2973014687.5,-40.84287
2973014843.75,-40.8531
2973015000.0,-40.82869
2973015156.25,-40.85695
2973015312.5,-40.85581
2973015468.75,-40.85046
2973015625.0,-40.81864
2973015781.25,-40.82482
2973015937.5,-40.82964
2973016093.75,-40.83281
2973016250.0,-40.83541
2973016406.25,-40.84469
2973016562.5,-40.83689
2973016718.75,-40.80799
2973016875.0,-40.81725
2973017031.25,-40.8486
2973017187.5,-40.82509
2973017343.75,-40.84379
2973017500.0,-40.81797
2973017656.25,-40.81792
2973017812.5,-40.83225
2973017968.75,-40.80484
2973018125.0,-40.79514
2973018281.25,-40.82384
2973018437.5,-40.80415
2973018593.75,-40.81284
2973018750.0,-40.7915
2973018906.25,-40.79876
2973019062.5,-40.80941
2973019218.75,-40.79224
2973019375.0,-40.78013
2973019531.25,-40.77796
2973019687.5,-40.79534
2973019843.75,-40.78498
2973020000.0,-40.77955
2973020156.25,-40.77453
2973020312.5,-40.76578
2973020468.75,-40.76379
2973020625.0,-40.77085
2973020781.25,-40.77102
2973020937.5,-40.76509
2973021093.75,-40.76812
2973021250.0,-40.76008
2973021406.25,-40.74672
2973021562.5,-40.75602
2973021718.75,-40.76258
2973021875.0,-40.76472
2973022031.25,-40.74639
2973022187.5,-40.75842
2973022343.75,-40.7448
2973022500.0,-40.75166
2973022656.25,-40.7477
2973022812.5,-40.75392
2973022968.75,-40.73805
2973023125.0,-40.75964
2973023281.25,-40.75039
2973023437.5,-40.74313
2973023593.75,-40.72107
2973023750.0,-40.73438
2973023906.25,-40.70455
2973024062.5,-40.7176
2973024218.75,-40.73002
2973024375.0,-40.72139
2973024531.25,-40.73951
2973024687.5,-40.72038
2973024843.75,-40.69909
2973025000.0,-40.70271
2973025156.25,-40.71082
2973025312.5,-40.69611
2973025468.75,-40.68706
2973025625.0,-40.68963
2973025781.25,-40.68947
2973025937.5,-40.6941
2973026093.75,-40.68904
2973026250.0,-40.69209
2973026406.25,-40.7016
2973026562.5,-40.68358
2973026718.75,-40.70059
2973026875.0,-40.69243
2973027031.25,-40.68317
2973027187.5,-40.69074
2973027343.75,-40.69525
2973027500.0,-40.68082
2973027656.25,-40.67618
2973027812.5,-40.67967
2973027968.75,-40.68645
2973028125.0,-40.66582
2973028281.25,-40.65847
2973028437.5,-40.67619
2973028593.75,-40.64929
2973028750.0,-40.69165
2973028906.25,-40.66268
2973029062.5,-40.66066
2973029218.75,-40.65545
2973029375.0,-40.64959
2973029531.25,-40.63848
2973029687.5,-40.63105
2973029843.75,-40.64968
2973030000.0,-40.64401
2973030156.25,-40.64109
2973030312.5,-40.63815
2973030468.75,-40.65083
2973030625.0,-40.63678
2973030781.25,-40.65292
2973030937.5,-40.6443
2973031093.75,-40.63691
2973031250.0,-40.63688
2973031406.25,-40.64204
2973031562.5,-40.61007
2973031718.75,-40.60471
2973031875.0,-40.62671
2973032031.25,-40.60817
2973032187.5,-40.61273
2973032343.75,-40.61087
2973032500.0,-40.59011
2973032656.25,-40.62059
2973032812.5,-40.61045
2973032968.75,-40.57845
2973033125.0,-40.58762
2973033281.25,-40.59629
2973033437.5,-40.60287
2973033593.75,-40.59411
2973033750.0,-40.60268
2973033906.25,-40.58776
2973034062.5,-40.57222
2973034218.75,-40.58045
2973034375.0,-40.58846
2973034531.25,-40.59555
2973034687.5,-40.58252
2973034843.75,-40.56397
2973035000.0,-40.56638
2973035156.25,-40.56745
2973035312.5,-40.54973
2973035468.75,-40.57485
2973035625.0,-40.57381
2973035781.25,-40.57474
2973035937.5,-40.56092
2973036093.75,-40.57074
2973036250.0,-40.56927
2973036406.25,-40.5598
2973036562.5,-40.54694
2973036718.75,-40.55739
2973036875.0,-40.55087
2973037031.25,-40.54787
2973037187.5,-40.55809
2973037343.75,-40.55418
2973037500.0,-40.53339
2973037656.25,-40.54108
2973037812.5,-40.53088
2973037968.75,-40.52847
2973038125.0,-40.52521
2973038281.25,-40.53104
2973038437.5,-40.51252
2973038593.75,-40.51606
2973038750.0,-40.5317
2973038906.25,-40.52681
2973039062.5,-40.53288
2973039218.75,-40.51698
2973039375.0,-40.52429
2973039531.25,-40.50542
2973039687.5,-40.51011
2973039843.75,-40.51761
2973040000.0,-40.52339
2973040156.25,-40.50357
2973040312.5,-40.47692
2973040468.75,-40.4963
2973040625.0,-40.49345
2973040781.25,-40.49429
2973040937.5,-40.49786
2973041093.75,-40.48872
2973041250.0,-40.48823
2973041406.25,-40.49189
2973041562.5,-40.46576
2973041718.75,-40.49201
2973041875.0,-40.4847
2973042031.25,-40.48095
2973042187.5,-40.48689
2973042343.75,-40.45403
2973042500.0,-40.48627
2973042656.25,-40.46848
2973042812.5,-40.46642
2973042968.75,-40.4688
2973043125.0,-40.44901
2973043281.25,-40.45323
2973043437.5,-40.45882
2973043593.75,-40.45395
2973043750.0,-40.44731
2973043906.25,-40.46532
2973044062.5,-40.4541
2973044218.75,-40.46608
2973044375.0,-40.4427
2973044531.25,-40.44786
2973044687.5,-40.44738
2973044843.75,-40.45249
2973045000.0,-40.42086
2973045156.25,-40.4412
2973045312.5,-40.42059
2973045468.75,-40.4495
2973045625.0,-40.42525
2973045781.25,-40.43378
2973045937.5,-40.42508
2973046093.75,-40.42421
2973046250.0,-40.42349
2973046406.25,-40.4007
2973046562.5,-40.40759
2973046718.75,-40.41569
2973046875.0,-40.4157
2973047031.25,-40.40963
2973047187.5,-40.39271
2973047343.75,-40.39444
2973047500.0,-40.40516
2973047656.25,-40.40105
2973047812.5,-40.3858
2973047968.75,-40.40611
2973048125.0,-40.40273
2973048281.25,-40.37709
2973048437.5,-40.38318
2973048593.75,-40.38601
2973048750.0,-40.37918
2973048906.25,-40.38248
2973049062.5,-40.36021
2973049218.75,-40.37891
2973049375.0,-40.39031
2973049531.25,-40.37551
2973049687.5,-40.35507
2973049843.75,-40.38731
2973050000.0,-40.35542
2973050156.25,-40.3678
2973050312.5,-40.34976
2973050468.75,-40.3518
2973050625.0,-40.33606
2973050781.25,-40.35725
2973050937.5,-40.3493
2973051093.75,-40.35235
2973051250.0,-40.34729
2973051406.25,-40.33938
2973051562.5,-40.35365
2973051718.75,-40.34009
2973051875.0,-40.32442
2973052031.25,-40.33755
2973052187.5,-40.33409
2973052343.75,-40.34479
2973052500.0,-40.33397
2973052656.25,-40.33301
2973052812.5,-40.32333
2973052968.75,-40.31443
2973053125.0,-40.31897
2973053281.25,-40.32112
2973053437.5,-40.32151
2973053593.75,-40.32952
2973053750.0,-40.3061
2973053906.25,-40.29547
2973054062.5,-40.31523
2973054218.75,-40.31411
2973054375.0,-40.2876
2973054531.25,-40.30062
2973054687.5,-40.31271
2973054843.75,-40.29622
2973055000.0,-40.29758
2973055156.25,-40.27669
2973055312.5,-40.28572
2973055468.75,-40.27622
2973055625.0,-40.27087
2973055781.25,-40.27788
2973055937.5,-40.28748
2973056093.75,-40.28444
2973056250.0,-40.26855
2973056406.25,-40.26824
2973056562.5,-40.27845
2973056718.75,-40.27229
2973056875.0,-40.25213
2973057031.25,-40.25878
2973057187.5,-40.2527
2973057343.75,-40.26201
2973057500.0,-40.24936
2973057656.25,-40.27113
2973057812.5,-40.27406
2973057968.75,-40.25628
2973058125.0,-40.2411
2973058281.25,-40.27678
2973058437.5,-40.24089
2973058593.75,-40.2557
2973058750.0,-40.24439
2973058906.25,-40.23668
2973059062.5,-40.22678
2973059218.75,-40.23067
2973059375.0,-40.22265
2973059531.25,-40.23034
2973059687.5,-40.23745
2973059843.75,-40.22399
2973060000.0,-40.21402
2973060156.25,-40.21809
2973060312.5,-40.2165
2973060468.75,-40.21458
2973060625.0,-40.21387
2973060781.25,-40.21024
2973060937.5,-40.20411
2973061093.75,-40.21931
2973061250.0,-40.19734
2973061406.25,-40.20971
2973061562.5,-40.19939
2973061718.75,-40.20189
2973061875.0,-40.19669
2973062031.25,-40.18552
2973062187.5,-40.1891
2973062343.75,-40.18258
2973062500.0,-40.18095
2973062656.25,-40.19778
2973062812.5,-40.20934
2973062968.75,-40.16339
2973063125.0,-40.17243
2973063281.25,-40.17518
2973063437.5,-40.16395
2973063593.75,-40.16599
2973063750.0,-40.17784
2973063906.25,-40.17006
2973064062.5,-40.16129
2973064218.75,-40.17395
2973064375.0,-40.16861
2973064531.25,-40.14418
2973064687.5,-40.15438
2973064843.75,-40.17186
2973065000.0,-40.15697
2973065156.25,-40.15801
2973065312.5,-40.15218
2973065468.75,-40.13714
2973065625.0,-40.14119
2973065781.25,-40.1457
2973065937.5,-40.14478
2973066093.75,-40.15286
2973066250.0,-40.14341
2973066406.25,-40.14956
2973066562.5,-40.1139
2973066718.75,-40.12139
2973066875.0,-40.12717
2973067031.25,-40.12886
2973067187.5,-40.13998
2973067343.75,-40.11502
2973067500.0,-40.11021
2973067656.25,-40.11266
2973067812.5,-40.10714
2973067968.75,-40.07799
2973068125.0,-40.12674
2973068281.25,-40.09951
2973068437.5,-40.08776
2973068593.75,-40.10239
2973068750.0,-40.09962
2973068906.25,-40.08728
2973069062.5,-40.08873
2973069218.75,-40.09591
2973069375.0,-40.07039
2973069531.25,-40.09847
2973069687.5,-40.08919
2973069843.75,-40.07467
2973070000.0,-40.09216
2973070156.25,-40.10197
2973070312.5,-40.06258
2973070468.75,-40.08412
2973070625.0,-40.07697
2973070781.25,-40.08264
2973070937.5,-40.06125
2973071093.75,-40.06018
2973071250.0,-40.07653
2973071406.25,-40.0605
2973071562.5,-40.0564
2973071718.75,-40.0485
2973071875.0,-40.0633
2973072031.25,-40.04824
2973072187.5,-40.0404
2973072343.75,-40.03305
2973072500.0,-40.04673
2973072656.25,-40.05371
2973072812.5,-40.04522
2973072968.75,-40.03661
2973073125.0,-40.02639
2973073281.25,-40.05264
2973073437.5,-40.02827
2973073593.75,-40.04101
2973073750.0,-40.00946
2973073906.25,-40.03011
2973074062.5,-40.01618
2973074218.75,-40.02649
2973074375.0,-40.01574
2973074531.25,-40.00562
2973074687.5,-40.00405
2973074843.75,-40.02596
2973075000.0,-40.00494
2973075156.25,-39.99952
2973075312.5,-40.01214
2973075468.75,-40.02104
2973075625.0,-40.00871
2973075781.25,-39.9847
2973075937.5,-39.99055
2973076093.75,-39.98653
2973076250.0,-39.98492
2973076406.25,-39.99785
2973076562.5,-39.99582
2973076718.75,-39.98564
2973076875.0,-39.97962
2973077031.25,-39.97865
2973077187.5,-39.99228
2973077343.75,-39.97071
2973077500.0,-39.96741
2973077656.25,-39.96968
2973077812.5,-39.96122
2973077968.75,-39.96153
2973078125.0,-39.96556
2973078281.25,-39.95641
2973078437.5,-39.96438
2973078593.75,-39.93992
2973078750.0,-39.94423
2973078906.25,-39.95585
2973079062.5,-39.94033
2973079218.75,-39.95118
2973079375.0,-39.95113
2973079531.25,-39.94366
2973079687.5,-39.94
2973079843.75,-39.9375
2973080000.0,-39.92955
2973080156.25,-39.93324
2973080312.5,-39.935
2973080468.75,-39.92989
2973080625.0,-39.92716
2973080781.25,-39.92943
2973080937.5,-39.92411
2973081093.75,-39.92406
2973081250.0,-39.91597
2973081406.25,-39.90622
2973081562.5,-39.89723
2973081718.75,-39.88979
2973081875.0,-39.89006
2973082031.25,-39.91051
2973082187.5,-39.90002
2973082343.75,-39.89325
2973082500.0,-39.89275
2973082656.25,-39.88984
2973082812.5,-39.88432
2973082968.75,-39.88261
2973083125.0,-39.88916
2973083281.25,-39.87936
2973083437.5,-39.86885
2973083593.75,-39.89408
2973083750.0,-39.8833
2973083906.25,-39.88159
2973084062.5,-39.90012
2973084218.75,-39.87828
2973084375.0,-39.86257
2973084531.25,-39.85931
2973084687.5,-39.87139
2973084843.75,-39.86821
2973085000.0,-39.85329
2973085156.25,-39.87374
2973085312.5,-39.85349
2973085468.75,-39.86403
2973085625.0,-39.84918
2973085781.25,-39.84779
2973085937.5,-39.83842
2973086093.75,-39.82869
2973086250.0,-39.84402
2973086406.25,-39.85044
2973086562.5,-39.83495
2973086718.75,-39.82645
2973086875.0,-39.83423
2973087031.25,-39.84029
2973087187.5,-39.84237
2973087343.75,-39.81975
2973087500.0,-39.82696
2973087656.25,-39.81612
2973087812.5,-39.82085
2973087968.75,-39.82245
2973088125.0,-39.81712
2973088281.25,-39.79879
2973088437.5,-39.80885
2973088593.75,-39.81805
2973088750.0,-39.77952
2973088906.25,-39.8064
2973089062.5,-39.80265
2973089218.75,-39.8068
2973089375.0,-39.8163
2973089531.25,-39.80496
2973089687.5,-39.78829
2973089843.75,-39.7994
2973090000.0,-39.77789
2973090156.25,-39.78203
2973090312.5,-39.76765
2973090468.75,-39.77857
2973090625.0,-39.77807
2973090781.25,-39.77576
2973090937.5,-39.77684
2973091093.75,-39.76011
2973091250.0,-39.76588
2973091406.25,-39.76855
2973091562.5,-39.76173
2973091718.75,-39.75777
2973091875.0,-39.75518
2973092031.25,-39.74691
2973092187.5,-39.76108
2973092343.75,-39.7518
2973092500.0,-39.72932
2973092656.25,-39.75359
2973092812.5,-39.74438
2973092968.75,-39.73658
2973093125.0,-39.73315
2973093281.25,-39.73587
2973093437.5,-39.72369
2973093593.75,-39.71959
2973093750.0,-39.7339
2973093906.25,-39.73684
2973094062.5,-39.73582
2973094218.75,-39.73483
2973094375.0,-39.71787
2973094531.25,-39.71774
2973094687.5,-39.72349
2973094843.75,-39.72249
2973095000.0,-39.72827
2973095156.25,-39.7158
2973095312.5,-39.70201
2973095468.75,-39.70016
2973095625.0,-39.71507
2973095781.25,-39.68615
2973095937.5,-39.6871
2973096093.75,-39.70659
2973096250.0,-39.6861
2973096406.25,-39.69284
2973096562.5,-39.67072
2973096718.75,-39.69087
2973096875.0,-39.68432
2973097031.25,-39.67732
2973097187.5,-39.66304
2973097343.75,-39.6899
2973097500.0,-39.67647
2973097656.25,-39.65958
2973097812.5,-39.65299
2973097968.75,-39.65393
2973098125.0,-39.65406
2973098281.25,-39.65817
2973098437.5,-39.67215
2973098593.75,-39.64874
2973098750.0,-39.64136
2973098906.25,-39.6649
2973099062.5,-39.63274
2973099218.75,-39.64069
2973099375.0,-39.64616
2973099531.25,-39.62908
2973099687.5,-39.6349
2973099843.75,-39.64
2973100000.0,-39.63843
2973100156.25,-39.63071
2973100312.5,-39.63483
2973100468.75,-39.63447
2973100625.0,-39.63465
2973100781.25,-39.63644
2973100937.5,-39.62481
2973101093.75,-39.61529
2973101250.0,-39.6174
2973101406.25,-39.62122
2973101562.5,-39.61522
2973101718.75,-39.61121
2973101875.0,-39.59007
2973102031.25,-39.59777
2973102187.5,-39.59319
2973102343.75,-39.59005
2973102500.0,-39.62414
2973102656.25,-39.60044
2973102812.5,-39.604
2973102968.75,-39.56382
2973103125.0,-39.58184
2973103281.25,-39.58799
2973103437.5,-39.58595
2973103593.75,-39.57816
2973103750.0,-39.57929
2973103906.25,-39.57551
2973104062.5,-39.56487
2973104218.75,-39.5543
2973104375.0,-39.57026
2973104531.25,-39.57147
2973104687.5,-39.57245
2973104843.75,-39.55817
2973105000.0,-39.55904
2973105156.25,-39.55101
2973105312.5,-39.55688
2973105468.75,-39.54667
2973105625.0,-39.56136
2973105781.25,-39.55814
2973105937.5,-39.55162
2973106093.75,-39.56092
2973106250.0,-39.55339
2973106406.25,-39.52717
2973106562.5,-39.52916
2973106718.75,-39.53085
2973106875.0,-39.52217
2973107031.25,-39.51685
2973107187.5,-39.53076
2973107343.75,-39.49656
2973107500.0,-39.51943
2973107656.25,-39.50636
2973107812.5,-39.51543
2973107968.75,-39.51573
2973108125.0,-39.51446
2973108281.25,-39.51014
2973108437.5,-39.50583
2973108593.75,-39.49363
2973108750.0,-39.49826
2973108906.25,-39.49206
2973109062.5,-39.50845
2973109218.75,-39.48537
2973109375.0,-39.49437
2973109531.25,-39.48956
2973109687.5,-39.48521
2973109843.75,-39.49123
2973110000.0,-39.491
2973110156.25,-39.48357
2973110312.5,-39.46891
2973110468.75,-39.46876
2973110625.0,-39.47117
2973110781.25,-39.48837
2973110937.5,-39.45181
2973111093.75,-39.45354
2973111250.0,-39.46339
2973111406.25,-39.45558
2973111562.5,-39.44598
2973111718.75,-39.453
2973111875.0,-39.44725
2973112031.25,-39.4494
2973112187.5,-39.43223
2973112343.75,-39.43174
2973112500.0,-39.43564
2973112656.25,-39.42977
2973112812.5,-39.43527
2973112968.75,-39.43147
2973113125.0,-39.42653
2973113281.25,-39.43015
2973113437.5,-39.43201
2973113593.75,-39.41814
2973113750.0,-39.41174
2973113906.25,-39.41355
2973114062.5,-39.41352
2973114218.75,-39.40709
2973114375.0,-39.42362
2973114531.25,-39.41098
2973114687.5,-39.40153
2973114843.75,-39.40623
2973115000.0,-39.41344
2973115156.25,-39.39642
2973115312.5,-39.39906
2973115468.75,-39.38645
2973115625.0,-39.38498
2973115781.25,-39.38799
2973115937.5,-39.37606
2973116093.75,-39.3912
2973116250.0,-39.39283
2973116406.25,-39.3731
2973116562.5,-39.37136
2973116718.75,-39.37873
2973116875.0,-39.38344
2973117031.25,-39.37357
2973117187.5,-39.36192
2973117343.75,-39.35991
2973117500.0,-39.3432
2973117656.25,-39.36512
2973117812.5,-39.36509
2973117968.75,-39.37387
2973118125.0,-39.35528
2973118281.25,-39.35154
2973118437.5,-39.34446
2973118593.75,-39.35943
2973118750.0,-39.34519
2973118906.25,-39.33232
2973119062.5,-39.33023
2973119218.75,-39.33165
2973119375.0,-39.32971
2973119531.25,-39.3332
2973119687.5,-39.32391
2973119843.75,-39.3274
2973120000.0,-39.31594
2973120156.25,-39.30961
2973120312.5,-39.30796
2973120468.75,-39.30645
2973120625.0,-39.32768
2973120781.25,-39.29132
2973120937.5,-39.29288
2973121093.75,-39.31234
2973121250.0,-39.29697
2973121406.25,-39.30225
2973121562.5,-39.30667
2973121718.75,-39.2854
2973121875.0,-39.29141
2973122031.25,-39.2961
2973122187.5,-39.29159
2973122343.75,-39.28503
2973122500.0,-39.28734
2973122656.25,-39.28679
2973122812.5,-39.28465
2973122968.75,-39.27983
2973123125.0,-39.27679
2973123281.25,-39.26624
2973123437.5,-39.27412
2973123593.75,-39.26516
2973123750.0,-39.27135
2973123906.25,-39.27675
2973124062.5,-39.24059
2973124218.75,-39.2817
2973124375.0,-39.26056
2973124531.25,-39.25266
2973124687.5,-39.25307
2973124843.75,-39.24401
2973125000.0,-39.23853
2973125156.25,-39.23837
2973125312.5,-39.22751
2973125468.75,-39.24323
2973125625.0,-39.25132
2973125781.25,-39.22533
2973125937.5,-39.21655
2973126093.75,-39.221
2973126250.0,-39.21468
2973126406.25,-39.21601
2973126562.5,-39.21822
2973126718.75,-39.21241
2973126875.0,-39.2197
2973127031.25,-39.22093
2973127187.5,-39.19971
2973127343.75,-39.2142
2973127500.0,-39.21776
2973127656.25,-39.19442
2973127812.5,-39.21032
2973127968.75,-39.2033
2973128125.0,-39.19613
2973128281.25,-39.21149
2973128437.5,-39.17624
2973128593.75,-39.17389
2973128750.0,-39.19019
2973128906.25,-39.19132
2973129062.5,-39.17377
2973129218.75,-39.16574
2973129375.0,-39.17254
2973129531.25,-39.18003
2973129687.5,-39.17541
2973129843.75,-39.16986
2973130000.0,-39.15678
2973130156.25,-39.16516
2973130312.5,-39.16162
2973130468.75,-39.16131
2973130625.0,-39.15242
2973130781.25,-39.15429
2973130937.5,-39.16518
2973131093.75,-39.14971
2973131250.0,-39.13385
2973131406.25,-39.14527
2973131562.5,-39.14429
2973131718.75,-39.15688
2973131875.0,-39.14869
2973132031.25,-39.1352
2973132187.5,-39.14059
2973132343.75,-39.13294
2973132500.0,-39.11682
2973132656.25,-39.11303
2973132812.5,-39.13274
2973132968.75,-39.13297
2973133125.0,-39.10918
2973133281.25,-39.12106
2973133437.5,-39.11064
2973133593.75,-39.11024
2973133750.0,-39.10613
2973133906.25,-39.10434
2973134062.5,-39.1176
2973134218.75,-39.11267
2973134375.0,-39.10154
2973134531.25,-39.10253
2973134687.5,-39.08518
2973134843.75,-39.08936
2973135000.0,-39.0712
2973135156.25,-39.0816
2973135312.5,-39.07718
2973135468.75,-39.07775
2973135625.0,-39.08281
2973135781.25,-39.07819
2973135937.5,-39.0687
2973136093.75,-39.07565
2973136250.0,-39.06762
2973136406.25,-39.06738
2973136562.5,-39.05885
2973136718.75,-39.06499
2973136875.0,-39.06556
2973137031.25,-39.05184
2973137187.5,-39.05154
2973137343.75,-39.04103
2973137500.0,-39.06382
2973137656.25,-39.05537
2973137812.5,-39.03527
2973137968.75,-39.04698
2973138125.0,-39.02775
2973138281.25,-39.03375
2973138437.5,-39.03625
2973138593.75,-39.01937
2973138750.0,-39.02665
2973138906.25,-39.0252
2973139062.5,-39.02366
2973139218.75,-39.01806
2973139375.0,-39.01611
2973139531.25,-38.99932
2973139687.5,-39.02621
2973139843.75,-39.00015
2973140000.0,-38.99661
2973140156.25,-39.0123
2973140312.5,-38.99489
2973140468.75,-39.00564
2973140625.0,-39.00184
2973140781.25,-38.9984
2973140937.5,-38.99611
2973141093.75,-38.98504
2973141250.0,-38.9854
2973141406.25,-38.98442
2973141562.5,-38.98542
2973141718.75,-38.97963
2973141875.0,-38.97161
2973142031.25,-38.96662
2973142187.5,-38.98588
2973142343.75,-38.96601
2973142500.0,-38.97464
2973142656.25,-38.95855
2973142812.5,-38.96552
2973142968.75,-38.96949
2973143125.0,-38.94789
2973143281.25,-38.94871
2973143437.5,-38.95696
2973143593.75,-38.94647
2973143750.0,-38.93398
2973143906.25,-38.93843
2973144062.5,-38.95386
2973144218.75,-38.93668
2973144375.0,-38.94551
2973144531.25,-38.95052
2973144687.5,-38.93415
2973144843.75,-38.92166
2973145000.0,-38.91902
2973145156.25,-38.92527
2973145312.5,-38.90723
2973145468.75,-38.91747
2973145625.0,-38.91102
2973145781.25,-38.91158
2973145937.5,-38.91117
2973146093.75,-38.90718
2973146250.0,-38.88607
2973146406.25,-38.89557
2973146562.5,-38.89862
2973146718.75,-38.90285
2973146875.0,-38.89671
2973147031.25,-38.89861
2973147187.5,-38.88117
2973147343.75,-38.88438
2973147500.0,-38.89238
2973147656.25,-38.88098
2973147812.5,-38.88381
2973147968.75,-38.87614
2973148125.0,-38.87572
2973148281.25,-38.85836
2973148437.5,-38.86086
2973148593.75,-38.86263
2973148750.0,-38.86165
2973148906.25,-38.85775
2973149062.5,-38.84911
2973149218.75,-38.84676
2973149375.0,-38.84857
2973149531.25,-38.86292
2973149687.5,-38.86804
2973149843.75,-38.84958
2973150000.0,-38.83605
2973150156.25,-38.84357
2973150312.5,-38.83156
2973150468.75,-38.83031
2973150625.0,-38.82909
2973150781.25,-38.83988
2973150937.5,-38.8279
2973151093.75,-38.81696
2973151250.0,-38.81856
2973151406.25,-38.82229
2973151562.5,-38.79644
2973151718.75,-38.81985
2973151875.0,-38.81697
2973152031.25,-38.81306
2973152187.5,-38.81211
2973152343.75,-38.79174
2973152500.0,-38.79475
2973152656.25,-38.79503
2973152812.5,-38.79385
2973152968.75,-38.78456
2973153125.0,-38.78804
2973153281.25,-38.7856
2973153437.5,-38.77189
2973153593.75,-38.78238
2973153750.0,-38.7746
2973153906.25,-38.77222
2973154062.5,-38.77588
2973154218.75,-38.77332
2973154375.0,-38.77135
2973154531.25,-38.78446
2973154687.5,-38.75051
2973154843.75,-38.75119
2973155000.0,-38.76982
2973155156.25,-38.76105
2973155312.5,-38.76595
2973155468.75,-38.75682
2973155625.0,-38.75419
2973155781.25,-38.74902
2973155937.5,-38.74821
2973156093.75,-38.72237
2973156250.0,-38.73988
2973156406.25,-38.73333
2973156562.5,-38.73957
2973156718.75,-38.73584
2973156875.0,-38.72754
2973157031.25,-38.71568
2973157187.5,-38.72978
2973157343.75,-38.72175
2973157500.0,-38.72081
2973157656.25,-38.6993
2973157812.5,-38.71983
2973157968.75,-38.70203
2973158125.0,-38.69882
2973158281.25,-38.69436
2973158437.5,-38.69136
2973158593.75,-38.70069
2973158750.0,-38.70988
2973158906.25,-38.69189
2973159062.5,-38.68406
2973159218.75,-38.68232
2973159375.0,-38.68655
2973159531.25,-38.66859
2973159687.5,-38.67531
2973159843.75,-38.68542
2973160000.0,-38.67548
2973160156.25,-38.65823
2973160312.5,-38.67553
2973160468.75,-38.67311
2973160625.0,-38.66732
2973160781.25,-38.65309
2973160937.5,-38.66338
2973161093.75,-38.66552
2973161250.0,-38.66183
2973161406.25,-38.65904
2973161562.5,-38.65131
2973161718.75,-38.65405
2973161875.0,-38.65118
2973162031.25,-38.64298
2973162187.5,-38.63296
2973162343.75,-38.6324
2973162500.0,-38.63081
2973162656.25,-38.6365
2973162812.5,-38.62484
2973162968.75,-38.61907
2973163125.0,-38.62337
2973163281.25,-38.62865
2973163437.5,-38.63637
2973163593.75,-38.60604
2973163750.0,-38.60076
2973163906.25,-38.60139
2973164062.5,-38.61428
2973164218.75,-38.59566
2973164375.0,-38.59577
2973164531.25,-38.60481
2973164687.5,-38.58456
2973164843.75,-38.5999
2973165000.0,-38.58589
2973165156.25,-38.58931
2973165312.5,-38.59016
2973165468.75,-38.58965
2973165625.0,-38.5914
2973165781.25,-38.57507
2973165937.5,-38.57754
2973166093.75,-38.57769
2973166250.0,-38.55619
2973166406.25,-38.55992
2973166562.5,-38.56198
2973166718.75,-38.56205
2973166875.0,-38.56635
2973167031.25,-38.55413
2973167187.5,-38.54958
2973167343.75,-38.56887
2973167500.0,-38.53772
2973167656.25,-38.55033
2973167812.5,-38.54461
2973167968.75,-38.54512
2973168125.0,-38.52957
2973168281.25,-38.53225
2973168437.5,-38.55285
2973168593.75,-38.53814
2973168750.0,-38.53576
2973168906.25,-38.51448
2973169062.5,-38.51972
2973169218.75,-38.53806
2973169375.0,-38.52329
2973169531.25,-38.52018
2973169687.5,-38.52708
2973169843.75,-38.5067
2973170000.0,-38.50706
2973170156.25,-38.50379
2973170312.5,-38.4947
2973170468.75,-38.49005
2973170625.0,-38.48771
2973170781.25,-38.49994
2973170937.5,-38.4962
2973171093.75,-38.47607
2973171250.0,-38.48255
2973171406.25,-38.4815
2973171562.5,-38.47007
2973171718.75,-38.47489
2973171875.0,-38.4653
2973172031.25,-38.47051
2973172187.5,-38.47855
2973172343.75,-38.46595
2973172500.0,-38.4562
2973172656.25,-38.46099
2973172812.5,-38.47996
2973172968.75,-38.45567
2973173125.0,-38.44473
2973173281.25,-38.45397
2973173437.5,-38.44679
2973173593.75,-38.4354
2973173750.0,-38.44116
2973173906.25,-38.45875
2973174062.5,-38.44608
2973174218.75,-38.42582
2973174375.0,-38.4242
2973174531.25,-38.41867
2973174687.5,-38.43606
2973174843.75,-38.41629
2973175000.0,-38.40454
2973175156.25,-38.41533
2973175312.5,-38.41838
2973175468.75,-38.40758
2973175625.0,-38.40485
2973175781.25,-38.40631
2973175937.5,-38.39699
2973176093.75,-38.39032
2973176250.0,-38.40539
2973176406.25,-38.39266
2973176562.5,-38.39273
2973176718.75,-38.38081
2973176875.0,-38.38326
2973177031.25,-38.39033
2973177187.5,-38.38537
2973177343.75,-38.38851
2973177500.0,-38.36764
2973177656.25,-38.38297
2973177812.5,-38.37362
2973177968.75,-38.36581
2973178125.0,-38.36236
2973178281.25,-38.35505
2973178437.5,-38.35804
2973178593.75,-38.35423
2973178750.0,-38.34981
2973178906.25,-38.35455
2973179062.5,-38.3366
2973179218.75,-38.34512
2973179375.0,-38.34841
2973179531.25,-38.34416
2973179687.5,-38.33893
2973179843.75,-38.32336
2973180000.0,-38.3196
2973180156.25,-38.32912
2973180312.5,-38.3292
2973180468.75,-38.31954
2973180625.0,-38.33258
2973180781.25,-38.3377
2973180937.5,-38.31372
2973181093.75,-38.3196
2973181250.0,-38.31397
2973181406.25,-38.31452
2973181562.5,-38.31859
2973181718.75,-38.29893
2973181875.0,-38.30729
2973182031.25,-38.3108
2973182187.5,-38.29564
2973182343.75,-38.28814
2973182500.0,-38.27479
2973182656.25,-38.28283
2973182812.5,-38.29804
2973182968.75,-38.28138
2973183125.0,-38.28078
2973183281.25,-38.27818
2973183437.5,-38.26913
2973183593.75,-38.25578
2973183750.0,-38.2624
2973183906.25,-38.27257
2973184062.5,-38.25618
2973184218.75,-38.26457
2973184375.0,-38.25853
2973184531.25,-38.27029
2973184687.5,-38.23544
2973184843.75,-38.24781
2973185000.0,-38.24214
2973185156.25,-38.24534
2973185312.5,-38.24876
2973185468.75,-38.24559
2973185625.0,-38.24618
2973185781.25,-38.24125
2973185937.5,-38.23162
2973186093.75,-38.23245
2973186250.0,-38.22118
2973186406.25,-38.21832
2973186562.5,-38.21737
2973186718.75,-38.22371
2973186875.0,-38.18665
2973187031.25,-38.21383
2973187187.5,-38.21642
2973187343.75,-38.21293
2973187500.0,-38.20794
2973187656.25,-38.19818
2973187812.5,-38.19754
2973187968.75,-38.19574
2973188125.0,-38.19633
2973188281.25,-38.17981
2973188437.5,-38.19111
2973188593.75,-38.18666
2973188750.0,-38.18236
2973188906.25,-38.17881
2973189062.5,-38.17205
2973189218.75,-38.18451
2973189375.0,-38.17885
2973189531.25,-38.15194
2973189687.5,-38.17012
2973189843.75,-38.17646
2973190000.0,-38.14905
2973190156.25,-38.15361
2973190312.5,-38.15956
2973190468.75,-38.15172
2973190625.0,-38.14849
2973190781.25,-38.14671
2973190937.5,-38.14565
2973191093.75,-38.14062
2973191250.0,-38.13939
2973191406.25,-38.13607
2973191562.5,-38.13037
2973191718.75,-38.11621
2973191875.0,-38.13128
2973192031.25,-38.11221
2973192187.5,-38.12171
2973192343.75,-38.12225
2973192500.0,-38.11261
2973192656.25,-38.12037
2973192812.5,-38.12032
2973192968.75,-38.12492
2973193125.0,-38.10553
2973193281.25,-38.11063
2973193437.5,-38.104
2973193593.75,-38.10883
2973193750.0,-38.09463
2973193906.25,-38.08843
2973194062.5,-38.08708
2973194218.75,-38.09748
2973194375.0,-38.08384
2973194531.25,-38.07813
2973194687.5,-38.07993
2973194843.75,-38.06187
2973195000.0,-38.08155
2973195156.25,-38.06247
2973195312.5,-38.06484
2973195468.75,-38.06394
2973195625.0,-38.04804
2973195781.25,-38.05801
2973195937.5,-38.05652
2973196093.75,-38.05787
2973196250.0,-38.05382
2973196406.25,-38.04777
2973196562.5,-38.04406
2973196718.75,-38.0367
2973196875.0,-38.03491
2973197031.25,-38.03802
2973197187.5,-38.02629
2973197343.75,-38.0482
2973197500.0,-38.02668
2973197656.25,-38.0152
2973197812.5,-38.01602
2973197968.75,-38.01494
2973198125.0,-38.02495
2973198281.25,-38.00232
2973198437.5,-38.00213
2973198593.75,-38.01209
2973198750.0,-37.99004
2973198906.25,-38.00129
2973199062.5,-37.9997
2973199218.75,-37.98281
2973199375.0,-37.99136
2973199531.25,-38.00044
2973199687.5,-37.98415
2973199843.75,-37.98936
2973200000.0,-37.9955
2973200156.25,-37.98015
2973200312.5,-37.9776
2973200468.75,-37.98542
2973200625.0,-37.96421
2973200781.25,-37.95737
2973200937.5,-37.96512
2973201093.75,-37.94949
2973201250.0,-37.9523
2973201406.25,-37.95809
2973201562.5,-37.9514
2973201718.75,-37.94577
2973201875.0,-37.93204
2973202031.25,-37.93739
2973202187.5,-37.93916
2973202343.75,-37.93484
2973202500.0,-37.93438
2973202656.25,-37.93599
2973202812.5,-37.91533
2973202968.75,-37.92229
2973203125.0,-37.92816
2973203281.25,-37.91575
2973203437.5,-37.92474
2973203593.75,-37.9259
2973203750.0,-37.9061
2973203906.25,-37.90738
2973204062.5,-37.90142
2973204218.75,-37.90894
2973204375.0,-37.90329
2973204531.25,-37.89488
2973204687.5,-37.88953
2973204843.75,-37.87823
2973205000.0,-37.89799
2973205156.25,-37.89646
2973205312.5,-37.893
2973205468.75,-37.89167
2973205625.0,-37.87735
2973205781.25,-37.88676
2973205937.5,-37.87843
2973206093.75,-37.88519
2973206250.0,-37.87891
2973206406.25,-37.86712
2973206562.5,-37.85936
2973206718.75,-37.85981
2973206875.0,-37.85915
2973207031.25,-37.84921
2973207187.5,-37.84485
2973207343.75,-37.85518
2973207500.0,-37.84543
2973207656.25,-37.84148
2973207812.5,-37.83762
2973207968.75,-37.83146
2973208125.0,-37.82699
2973208281.25,-37.83811
2973208437.5,-37.82646
2973208593.75,-37.81474
2973208750.0,-37.8335
2973208906.25,-37.81454
2973209062.5,-37.82354
2973209218.75,-37.80117
2973209375.0,-37.81368
2973209531.25,-37.80238
2973209687.5,-37.79776
2973209843.75,-37.80252
2973210000.0,-37.80392
2973210156.25,-37.80367
2973210312.5,-37.79209
2973210468.75,-37.79011
2973210625.0,-37.79256
2973210781.25,-37.78417
2973210937.5,-37.78584
2973211093.75,-37.79015
2973211250.0,-37.78004
2973211406.25,-37.76783
2973211562.5,-37.77424
2973211718.75,-37.77506
2973211875.0,-37.76725
2973212031.25,-37.75415
2973212187.5,-37.75327
2973212343.75,-37.7429
2973212500.0,-37.75877
2973212656.25,-37.75314
2973212812.5,-37.75613
2973212968.75,-37.74578
2973213125.0,-37.72239
2973213281.25,-37.72797
2973213437.5,-37.73552
2973213593.75,-37.73903
2973213750.0,-37.72469
2973213906.25,-37.73449
2973214062.5,-37.72543
2973214218.75,-37.71298
2973214375.0,-37.70575
2973214531.25,-37.7035
2973214687.5,-37.70727
2973214843.75,-37.70436
2973215000.0,-37.70391
2973215156.25,-37.70602
2973215312.5,-37.71215
2973215468.75,-37.69855
2973215625.0,-37.69967
2973215781.25,-37.70388
2973215937.5,-37.69147
2973216093.75,-37.69407
2973216250.0,-37.69534
2973216406.25,-37.67781
2973216562.5,-37.66718
2973216718.75,-37.67837
2973216875.0,-37.67408
2973217031.25,-37.66805
2973217187.5,-37.66568
2973217343.75,-37.66791
2973217500.0,-37.64895
2973217656.25,-37.65634
2973217812.5,-37.6553
2973217968.75,-37.6516
2973218125.0,-37.65332
2973218281.25,-37.65807
2973218437.5,-37.6314
2973218593.75,-37.64157
2973218750.0,-37.63179
2973218906.25,-37.63421
2973219062.5,-37.62758
2973219218.75,-37.63676
2973219375.0,-37.64478
2973219531.25,-37.62621
2973219687.5,-37.62497
2973219843.75,-37.61796
2973220000.0,-37.60604
2973220156.25,-37.60889
2973220312.5,-37.59487
2973220468.75,-37.59562
2973220625.0,-37.60091
2973220781.25,-37.61463
2973220937.5,-37.59242
2973221093.75,-37.59093
2973221250.0,-37.58873
2973221406.25,-37.5938
2973221562.5,-37.58067
2973221718.75,-37.57111
2973221875.0,-37.57926
2973222031.25,-37.57871
2973222187.5,-37.56968
2973222343.75,-37.56916
2973222500.0,-37.56564
2973222656.25,-37.55661
2973222812.5,-37.56074
2973222968.75,-37.56832
2973223125.0,-37.56179
2973223281.25,-37.55157
2973223437.5,-37.55849
2973223593.75,-37.55023
2973223750.0,-37.54187
2973223906.25,-37.54174
2973224062.5,-37.54506
2973224218.75,-37.54401
2973224375.0,-37.54504
2973224531.25,-37.52225
2973224687.5,-37.53197
2973224843.75,-37.53313
2973225000.0,-37.52081
2973225156.25,-37.50413
2973225312.5,-37.51323
2973225468.75,-37.51187
2973225625.0,-37.50518
2973225781.25,-37.51122
2973225937.5,-37.5022
2973226093.75,-37.50459
2973226250.0,-37.49378
2973226406.25,-37.48789
2973226562.5,-37.49592
2973226718.75,-37.49146
2973226875.0,-37.48726
2973227031.25,-37.46739
2973227187.5,-37.47035
2973227343.75,-37.48019
2973227500.0,-37.46482
2973227656.25,-37.47751
2973227812.5,-37.46288
2973227968.75,-37.45124
2973228125.0,-37.46063
2973228281.25,-37.47525
2973228437.5,-37.44821
2973228593.75,-37.46405
2973228750.0,-37.45572
2973228906.25,-37.44342
2973229062.5,-37.44533
2973229218.75,-37.44169
2973229375.0,-37.43084
2973229531.25,-37.43185
2973229687.5,-37.43055
2973229843.75,-37.43297
2973230000.0,-37.41599
2973230156.25,-37.43525
2973230312.5,-37.4162
2973230468.75,-37.40534
2973230625.0,-37.41824
2973230781.25,-37.41423
2973230937.5,-37.41481
2973231093.75,-37.41298
2973231250.0,-37.40855
2973231406.25,-37.38558
2973231562.5,-37.38461
2973231718.75,-37.37975
2973231875.0,-37.38953
2973232031.25,-37.38192
2973232187.5,-37.3894
2973232343.75,-37.38462
2973232500.0,-37.37827
2973232656.25,-37.38309
2973232812.5,-37.37918
2973232968.75,-37.35545
2973233125.0,-37.37288
2973233281.25,-37.36028
2973233437.5,-37.36115
2973233593.75,-37.34809
2973233750.0,-37.36079
2973233906.25,-37.34309
2973234062.5,-37.33063
2973234218.75,-37.3536
2973234375.0,-37.33791
2973234531.25,-37.34002
2973234687.5,-37.35208
2973234843.75,-37.3348
2973235000.0,-37.32735
2973235156.25,-37.3144
2973235312.5,-37.32644
2973235468.75,-37.32271
2973235625.0,-37.32025
2973235781.25,-37.30971
2973235937.5,-37.29868
2973236093.75,-37.31311
2973236250.0,-37.29033
2973236406.25,-37.31055
2973236562.5,-37.30317
2973236718.75,-37.29735
2973236875.0,-37.30007
2973237031.25,-37.30253
2973237187.5,-37.29119
2973237343.75,-37.28044
2973237500.0,-37.28979
2973237656.25,-37.27972
2973237812.5,-37.27598
2973237968.75,-37.27108
2973238125.0,-37.27324
2973238281.25,-37.26828
2973238437.5,-37.26826
2973238593.75,-37.25928
2973238750.0,-37.2629
2973238906.25,-37.25304
2973239062.5,-37.25018
2973239218.75,-37.24665
2973239375.0,-37.25619
2973239531.25,-37.24262
2973239687.5,-37.23771
2973239843.75,-37.24297
2973240000.0,-37.23568
2973240156.25,-37.23968
2973240312.5,-37.22676
2973240468.75,-37.23075
2973240625.0,-37.21695
2973240781.25,-37.22445
2973240937.5,-37.19632
2973241093.75,-37.21923
2973241250.0,-37.20072
2973241406.25,-37.21794
2973241562.5,-37.21139
2973241718.75,-37.20606
2973241875.0,-37.20458
2973242031.25,-37.19913
2973242187.5,-37.18951
2973242343.75,-37.1956
2973242500.0,-37.18994
2973242656.25,-37.18316
2973242812.5,-37.17156
2973242968.75,-37.17757
2973243125.0,-37.17161
2973243281.25,-37.17792
2973243437.5,-37.17721
2973243593.75,-37.16341
2973243750.0,-37.17385
2973243906.25,-37.15297
2973244062.5,-37.15019
2973244218.75,-37.14016
2973244375.0,-37.15126
2973244531.25,-37.14182
2973244687.5,-37.14469
2973244843.75,-37.13328
2973245000.0,-37.13284
2973245156.25,-37.14369
2973245312.5,-37.1298
2973245468.75,-37.1264
2973245625.0,-37.12154
2973245781.25,-37.12025
2973245937.5,-37.11409
2973246093.75,-37.12242
2973246250.0,-37.11312
2973246406.25,-37.10679
2973246562.5,-37.10522
2973246718.75,-37.10878
2973246875.0,-37.10191
2973247031.25,-37.104
2973247187.5,-37.09166
2973247343.75,-37.08627
2973247500.0,-37.08956
2973247656.25,-37.09115
2973247812.5,-37.08749
2973247968.75,-37.07319
2973248125.0,-37.07924
2973248281.25,-37.07394
2973248437.5,-37.06528
2973248593.75,-37.06556
2973248750.0,-37.07225
2973248906.25,-37.05402
2973249062.5,-37.0549
2973249218.75,-37.0551
2973249375.0,-37.06816
2973249531.25,-37.04394
2973249687.5,-37.06017
2973249843.75,-37.05563
2973250000.0,-37.02096
2973250156.25,-37.03734
2973250312.5,-37.03975
2973250468.75,-37.02619
2973250625.0,-37.03466
2973250781.25,-37.02451
2973250937.5,-37.01893
2973251093.75,-37.01649
2973251250.0,-37.01595
2973251406.25,-36.9982
2973251562.5,-37.01012
2973251718.75,-37.01865
2973251875.0,-37.00149
2973252031.25,-36.99621
2973252187.5,-36.99564
2973252343.75,-37.00341
2973252500.0,-36.98553
2973252656.25,-36.98336
2973252812.5,-36.9827
2973252968.75,-36.98459
2973253125.0,-36.98709
2973253281.25,-36.96561
2973253437.5,-36.97419
2973253593.75,-36.97297
2973253750.0,-36.95611
2973253906.25,-36.96368
2973254062.5,-36.95831
2973254218.75,-36.95287
2973254375.0,-36.95835
2973254531.25,-36.94674
2973254687.5,-36.92627
2973254843.75,-36.94824
2973255000.0,-36.93296
2973255156.25,-36.94385
2973255312.5,-36.93683
2973255468.75,-36.94049
2973255625.0,-36.93076
2973255781.25,-36.91536
2973255937.5,-36.91543
2973256093.75,-36.92332
2973256250.0,-36.9077
2973256406.25,-36.92099
2973256562.5,-36.8934
2973256718.75,-36.9009
2973256875.0,-36.90674
2973257031.25,-36.9123
2973257187.5,-36.90342
2973257343.75,-36.88839
2973257500.0,-36.89161
2973257656.25,-36.88127
2973257812.5,-36.88857
2973257968.75,-36.8822
2973258125.0,-36.87367
2973258281.25,-36.87877
2973258437.5,-36.86663
2973258593.75,-36.8702
2973258750.0,-36.87555
2973258906.25,-36.85511
2973259062.5,-36.85421
2973259218.75,-36.85062
2973259375.0,-36.86296
2973259531.25,-36.84319
2973259687.5,-36.85341
2973259843.75,-36.83633
2973260000.0,-36.83856
2973260156.25,-36.83975
2973260312.5,-36.84235
2973260468.75,-36.83296
2973260625.0,-36.82661
2973260781.25,-36.82594
2973260937.5,-36.82286
2973261093.75,-36.81429
2973261250.0,-36.81801
2973261406.25,-36.80442
2973261562.5,-36.82076
2973261718.75,-36.80708
2973261875.0,-36.80964
2973262031.25,-36.80348
2973262187.5,-36.80206
2973262343.75,-36.79288
2973262500.0,-36.78589
2973262656.25,-36.78206
2973262812.5,-36.78603
2973262968.75,-36.78703
2973263125.0,-36.78341
2973263281.25,-36.77091
2973263437.5,-36.78925
2973263593.75,-36.77208
2973263750.0,-36.77084
2973263906.25,-36.76484
2973264062.5,-36.76094
2973264218.75,-36.76527
2973264375.0,-36.75472
2973264531.25,-36.74702
2973264687.5,-36.74294
2973264843.75,-36.74638
2973265000.0,-36.73776
2973265156.25,-36.73055
2973265312.5,-36.73767
2973265468.75,-36.73317
2973265625.0,-36.70894
2973265781.25,-36.71066
2973265937.5,-36.72085
2973266093.75,-36.72563
2973266250.0,-36.70715
2973266406.25,-36.71812
2973266562.5,-36.69712
2973266718.75,-36.70353
2973266875.0,-36.70373
2973267031.25,-36.71187
2973267187.5,-36.71336
2973267343.75,-36.68744
2973267500.0,-36.69657
2973267656.25,-36.6942
2973267812.5,-36.68431
2973267968.75,-36.66574
2973268125.0,-36.68017
2973268281.25,-36.66677
2973268437.5,-36.67727
2973268593.75,-36.66166
2973268750.0,-36.66679
2973268906.25,-36.6687
2973269062.5,-36.66233
2973269218.75,-36.65524
2973269375.0,-36.65633
2973269531.25,-36.65644
2973269687.5,-36.64592
2973269843.75,-36.65088
2973270000.0,-36.64906
2973270156.25,-36.62361
2973270312.5,-36.62473
2973270468.75,-36.62648
2973270625.0,-36.63176
2973270781.25,-36.62535
2973270937.5,-36.62079
2973271093.75,-36.6147
2973271250.0,-36.6215
2973271406.25,-36.60518
2973271562.5,-36.60179
2973271718.75,-36.60074
2973271875.0,-36.60486
2973272031.25,-36.59678
2973272187.5,-36.5976
2973272343.75,-36.57842
2973272500.0,-36.57985
2973272656.25,-36.59471
2973272812.5,-36.57696
2973272968.75,-36.57362
2973273125.0,-36.57296
2973273281.25,-36.58264
2973273437.5,-36.56782
2973273593.75,-36.55656
2973273750.0,-36.55496
2973273906.25,-36.55732
2973274062.5,-36.55625
2973274218.75,-36.55495
2973274375.0,-36.54737
2973274531.25,-36.53492
2973274687.5,-36.53651
2973274843.75,-36.54157
2973275000.0,-36.53154
2973275156.25,-36.53526
2973275312.5,-36.52661
2973275468.75,-36.5275
2973275625.0,-36.52858
2973275781.25,-36.52144
2973275937.5,-36.50698
2973276093.75,-36.50461
2973276250.0,-36.51077
2973276406.25,-36.51293
2973276562.5,-36.4937
2973276718.75,-36.50311
2973276875.0,-36.48904
2973277031.25,-36.47448
2973277187.5,-36.49172
2973277343.75,-36.49158
2973277500.0,-36.49765
2973277656.25,-36.47934
2973277812.5,-36.49215
2973277968.75,-36.47363
2973278125.0,-36.47135
2973278281.25,-36.47873
2973278437.5,-36.46495
2973278593.75,-36.45957
2973278750.0,-36.45582
2973278906.25,-36.45578
2973279062.5,-36.45624
2973279218.75,-36.45274
2973279375.0,-36.43854
2973279531.25,-36.45394
2973279687.5,-36.42788
2973279843.75,-36.43718
2973280000.0,-36.41811
2973280156.25,-36.43554
2973280312.5,-36.42531
2973280468.75,-36.4183
2973280625.0,-36.4286
2973280781.25,-36.42033
2973280937.5,-36.41114
2973281093.75,-36.4076
2973281250.0,-36.40641
2973281406.25,-36.39369
2973281562.5,-36.39791
2973281718.75,-36.39687
2973281875.0,-36.39035
2973282031.25,-36.38116
2973282187.5,-36.38136
2973282343.75,-36.3774
2973282500.0,-36.37238
2973282656.25,-36.36979
2973282812.5,-36.37291
2973282968.75,-36.36068
2973283125.0,-36.37246
2973283281.25,-36.36186
2973283437.5,-36.36304
2973283593.75,-36.36095
2973283750.0,-36.35289
2973283906.25,-36.34911
2973284062.5,-36.34554
2973284218.75,-36.3437
2973284375.0,-36.34615
2973284531.25,-36.34299
2973284687.5,-36.32648
2973284843.75,-36.32885
2973285000.0,-36.33237
2973285156.25,-36.32639
2973285312.5,-36.32933
2973285468.75,-36.32333
2973285625.0,-36.31523
2973285781.25,-36.31604
2973285937.5,-36.31352
2973286093.75,-36.31213
2973286250.0,-36.30518
2973286406.25,-36.3038
2973286562.5,-36.29649
2973286718.75,-36.29212
2973286875.0,-36.2813
2973287031.25,-36.28516
2973287187.5,-36.27989
2973287343.75,-36.27042
2973287500.0,-36.26939
2973287656.25,-36.2755
2973287812.5,-36.27851
2973287968.75,-36.262
2973288125.0,-36.27359
2973288281.25,-36.25388
2973288437.5,-36.25432
2973288593.75,-36.26008
2973288750.0,-36.25196
2973288906.25,-36.245
2973289062.5,-36.24201
2973289218.75,-36.24353
2973289375.0,-36.23159
2973289531.25,-36.21647
2973289687.5,-36.23222
2973289843.75,-36.23636
2973290000.0,-36.21951
2973290156.25,-36.21664
2973290312.5,-36.21618
2973290468.75,-36.21852
2973290625.0,-36.20988
2973290781.25,-36.20183
2973290937.5,-36.20885
2973291093.75,-36.20436
2973291250.0,-36.1931
2973291406.25,-36.19737
2973291562.5,-36.18254
2973291718.75,-36.19554
2973291875.0,-36.19796
2973292031.25,-36.17456
2973292187.5,-36.17318
2973292343.75,-36.17172
2973292500.0,-36.17481
2973292656.25,-36.16697
2973292812.5,-36.16885
2973292968.75,-36.16301
2973293125.0,-36.14888
2973293281.25,-36.14805
2973293437.5,-36.14395
2973293593.75,-36.14435
2973293750.0,-36.13385
2973293906.25,-36.15101
2973294062.5,-36.13613
2973294218.75,-36.14671
2973294375.0,-36.12159
2973294531.25,-36.13237
2973294687.5,-36.11152
2973294843.75,-36.12467
2973295000.0,-36.12957
2973295156.25,-36.11685
2973295312.5,-36.10963
2973295468.75,-36.10729
2973295625.0,-36.10728
2973295781.25,-36.10204
2973295937.5,-36.09878
2973296093.75,-36.09111
2973296250.0,-36.08977
2973296406.25,-36.09225
2973296562.5,-36.08302
2973296718.75,-36.08334
2973296875.0,-36.06915
2973297031.25,-36.07588
2973297187.5,-36.07136
2973297343.75,-36.0755
2973297500.0,-36.05804
2973297656.25,-36.04623
2973297812.5,-36.05918
2973297968.75,-36.05868
2973298125.0,-36.04733
2973298281.25,-36.03094
2973298437.5,-36.04398
2973298593.75,-36.0424
2973298750.0,-36.0359
2973298906.25,-36.0332
2973299062.5,-36.02906
2973299218.75,-36.02108
2973299375.0,-36.02039
2973299531.25,-36.00815
2973299687.5,-36.0173
2973299843.75,-36.01138
2973300000.0,-36.01488
2973300156.25,-36.00124
2973300312.5,-36.00283
2973300468.75,-36.00365
2973300625.0,-35.99739
2973300781.25,-36.00906
2973300937.5,-35.99118
2973301093.75,-35.98024
2973301250.0,-35.974
2973301406.25,-35.97704
2973301562.5,-35.97422
2973301718.75,-35.9637
2973301875.0,-35.95565
2973302031.25,-35.94763
2973302187.5,-35.95338
2973302343.75,-35.95367
2973302500.0,-35.94835
2973302656.25,-35.94618
2973302812.5,-35.93839
2973302968.75,-35.95233
2973303125.0,-35.93523
2973303281.25,-35.94667
2973303437.5,-35.92826
2973303593.75,-35.92514
2973303750.0,-35.92597
2973303906.25,-35.92255
2973304062.5,-35.9128
2973304218.75,-35.92015
2973304375.0,-35.9191
2973304531.25,-35.89931
2973304687.5,-35.90192
2973304843.75,-35.89279
2973305000.0,-35.89505
2973305156.25,-35.88592
2973305312.5,-35.88753
2973305468.75,-35.88603
2973305625.0,-35.8844
2973305781.25,-35.88194
2973305937.5,-35.88702
2973306093.75,-35.86207
2973306250.0,-35.87857
2973306406.25,-35.87822
2973306562.5,-35.86301
2973306718.75,-35.86344
2973306875.0,-35.85303
2973307031.25,-35.85574
2973307187.5,-35.84832
2973307343.75,-35.8363
2973307500.0,-35.84882
2973307656.25,-35.85881
2973307812.5,-35.84553
2973307968.75,-35.83126
2973308125.0,-35.82602
2973308281.25,-35.83376
2973308437.5,-35.82254
2973308593.75,-35.81909
2973308750.0,-35.82444
2973308906.25,-35.8037
2973309062.5,-35.81567
2973309218.75,-35.80735
2973309375.0,-35.81165
2973309531.25,-35.80931
2973309687.5,-35.79295
2973309843.75,-35.79728
2973310000.0,-35.7792
2973310156.25,-35.77449
2973310312.5,-35.77663
2973310468.75,-35.77768
2973310625.0,-35.77906
2973310781.25,-35.77124
2973310937.5,-35.76006
2973311093.75,-35.76771
2973311250.0,-35.75927
2973311406.25,-35.75904
2973311562.5,-35.75258
2973311718.75,-35.75864
2973311875.0,-35.7587
2973312031.25,-35.75518
2973312187.5,-35.73726
2973312343.75,-35.74008
2973312500.0,-35.72903
2973312656.25,-35.73918
2973312812.5,-35.71835
2973312968.75,-35.7195
2973313125.0,-35.7268
2973313281.25,-35.71046
2973313437.5,-35.71256
2973313593.75,-35.70137
2973313750.0,-35.70797
2973313906.25,-35.70055
2973314062.5,-35.69278
2973314218.75,-35.69878
2973314375.0,-35.6984
2973314531.25,-35.68944
2973314687.5,-35.68961
2973314843.75,-35.68428
2973315000.0,-35.67879
2973315156.25,-35.67885
2973315312.5,-35.67625
2973315468.75,-35.66953
2973315625.0,-35.66978
2973315781.25,-35.66067
2973315937.5,-35.6619
2973316093.75,-35.65638
2973316250.0,-35.65984
2973316406.25,-35.65004
2973316562.5,-35.6424
2973316718.75,-35.63898
2973316875.0,-35.62375
2973317031.25,-35.63773
2973317187.5,-35.62976
2973317343.75,-35.61719
2973317500.0,-35.61996
2973317656.25,-35.6199
2973317812.5,-35.60879
2973317968.75,-35.62178
2973318125.0,-35.60749
2973318281.25,-35.60471
2973318437.5,-35.59776
2973318593.75,-35.59579
2973318750.0,-35.59866
2973318906.25,-35.59818
2973319062.5,-35.58797
2973319218.75,-35.58939
2973319375.0,-35.58572
2973319531.25,-35.58728
2973319687.5,-35.58104
2973319843.75,-35.57154
2973320000.0,-35.57405
2973320156.25,-35.55617
2973320312.5,-35.5555
2973320468.75,-35.54762
2973320625.0,-35.55551
2973320781.25,-35.55104
2973320937.5,-35.54302
2973321093.75,-35.53501
2973321250.0,-35.53868
2973321406.25,-35.5332
2973321562.5,-35.53951
2973321718.75,-35.54002
2973321875.0,-35.51442
2973322031.25,-35.53264
2973322187.5,-35.52598
2973322343.75,-35.50775
2973322500.0,-35.51443
2973322656.25,-35.5092
2973322812.5,-35.50647
2973322968.75,-35.5049
2973323125.0,-35.49916
2973323281.25,-35.49202
2973323437.5,-35.4988
2973323593.75,-35.48841
2973323750.0,-35.48481
2973323906.25,-35.4734
2973324062.5,-35.48145
2973324218.75,-35.46628
2973324375.0,-35.47058
2973324531.25,-35.46638
2973324687.5,-35.46483
2973324843.75,-35.4594
2973325000.0,-35.4622
2973325156.25,-35.44606
2973325312.5,-35.4559
2973325468.75,-35.45369
2973325625.0,-35.4389
2973325781.25,-35.43399
2973325937.5,-35.43865
2973326093.75,-35.43698
2973326250.0,-35.41203
2973326406.25,-35.41438
2973326562.5,-35.41811
2973326718.75,-35.41817
2973326875.0,-35.41244
2973327031.25,-35.41199
2973327187.5,-35.40572
2973327343.75,-35.40284
2973327500.0,-35.39515
2973327656.25,-35.40247
2973327812.5,-35.38861
2973327968.75,-35.38815
2973328125.0,-35.38371
2973328281.25,-35.38171
2973328437.5,-35.37987
2973328593.75,-35.37487
2973328750.0,-35.37258
2973328906.25,-35.37445
2973329062.5,-35.37548
2973329218.75,-35.36399
2973329375.0,-35.36104
2973329531.25,-35.35639
2973329687.5,-35.34512
2973329843.75,-35.35742
2973330000.0,-35.33891
2973330156.25,-35.33651
2973330312.5,-35.33624
2973330468.75,-35.32731
2973330625.0,-35.33571
2973330781.25,-35.32233
2973330937.5,-35.30849
2973331093.75,-35.31663
2973331250.0,-35.30877
2973331406.25,-35.30571
2973331562.5,-35.30959
2973331718.75,-35.3047
2973331875.0,-35.3119
2973332031.25,-35.29403
2973332187.5,-35.29079
2973332343.75,-35.28891
2973332500.0,-35.29833
2973332656.25,-35.28554
2973332812.5,-35.28442
2973332968.75,-35.272
2973333125.0,-35.271
2973333281.25,-35.25762
2973333437.5,-35.26375
2973333593.75,-35.25983
2973333750.0,-35.26048
2973333906.25,-35.24867
2973334062.5,-35.24712
2973334218.75,-35.24287
2973334375.0,-35.23877
2973334531.25,-35.2458
2973334687.5,-35.23204
2973334843.75,-35.24147
2973335000.0,-35.2248
2973335156.25,-35.22454
2973335312.5,-35.22217
2973335468.75,-35.21537
2973335625.0,-35.22146
2973335781.25,-35.20763
2973335937.5,-35.20676
2973336093.75,-35.20992
2973336250.0,-35.20603
2973336406.25,-35.19501
2973336562.5,-35.19593
2973336718.75,-35.19564
2973336875.0,-35.17661
2973337031.25,-35.18105
2973337187.5,-35.18654
2973337343.75,-35.17409
2973337500.0,-35.16639
2973337656.25,-35.16328
2973337812.5,-35.16302
2973337968.75,-35.15047
2973338125.0,-35.15924
2973338281.25,-35.14082
2973338437.5,-35.14926
2973338593.75,-35.15127
2973338750.0,-35.13764
2973338906.25,-35.13677
2973339062.5,-35.13464
2973339218.75,-35.12201
2973339375.0,-35.134
2973339531.25,-35.11035
2973339687.5,-35.1259
2973339843.75,-35.1087
2973340000.0,-35.10963
2973340156.25,-35.10901
2973340312.5,-35.10269
2973340468.75,-35.10288
2973340625.0,-35.09655
2973340781.25,-35.09098
2973340937.5,-35.09772
2973341093.75,-35.09504
2973341250.0,-35.07903
2973341406.25,-35.0749
2973341562.5,-35.07017
2973341718.75,-35.07317
2973341875.0,-35.07331
2973342031.25,-35.06091
2973342187.5,-35.0657
2973342343.75,-35.04733
2973342500.0,-35.04926
2973342656.25,-35.04752
2973342812.5,-35.04668
2973342968.75,-35.05095
2973343125.0,-35.03883
2973343281.25,-35.02959
2973343437.5,-35.03197
2973343593.75,-35.02633
2973343750.0,-35.01709
2973343906.25,-35.02166
2973344062.5,-35.01632
2973344218.75,-35.00559
2973344375.0,-35.00701
2973344531.25,-35.0018
2973344687.5,-35.00094
2973344843.75,-35.01019
2973345000.0,-34.99012
2973345156.25,-35.00157
2973345312.5,-34.99202
2973345468.75,-34.9776
2973345625.0,-34.98343
2973345781.25,-34.98047
2973345937.5,-34.97017
2973346093.75,-34.97451
2973346250.0,-34.96821
2973346406.25,-34.96043
2973346562.5,-34.96387
2973346718.75,-34.94737
2973346875.0,-34.95276
2973347031.25,-34.94511
2973347187.5,-34.9464
2973347343.75,-34.93528
2973347500.0,-34.93645
2973347656.25,-34.93256
2973347812.5,-34.93227
2973347968.75,-34.92806
2973348125.0,-34.9213
2973348281.25,-34.91987
2973348437.5,-34.90634
2973348593.75,-34.91836
2973348750.0,-34.90139
2973348906.25,-34.9002
2973349062.5,-34.90119
2973349218.75,-34.89282
2973349375.0,-34.89297
2973349531.25,-34.89644
2973349687.5,-34.89532
2973349843.75,-34.88626
2973350000.0,-34.86099
2973350156.25,-34.87095
2973350312.5,-34.86651
2973350468.75,-34.85456
2973350625.0,-34.8601
2973350781.25,-34.86771
2973350937.5,-34.86462
2973351093.75,-34.85489
2973351250.0,-34.84152
2973351406.25,-34.84358
2973351562.5,-34.83949
2973351718.75,-34.84208
2973351875.0,-34.83879
2973352031.25,-34.83339
2973352187.5,-34.82666
2973352343.75,-34.82251
2973352500.0,-34.81453
2973352656.25,-34.82383
2973352812.5,-34.80201
2973352968.75,-34.80169
2973353125.0,-34.80802
2973353281.25,-34.7963
2973353437.5,-34.79321
2973353593.75,-34.78474
2973353750.0,-34.77375
2973353906.25,-34.79168
2973354062.5,-34.78902
2973354218.75,-34.78169
2973354375.0,-34.76664
2973354531.25,-34.76372
2973354687.5,-34.75839
2973354843.75,-34.76327
2973355000.0,-34.75413
2973355156.25,-34.7474
2973355312.5,-34.7595
2973355468.75,-34.74434
2973355625.0,-34.74068
2973355781.25,-34.74089
2973355937.5,-34.73644
2973356093.75,-34.74429
2973356250.0,-34.72684
2973356406.25,-34.72191
2973356562.5,-34.73037
2973356718.75,-34.71368
2973356875.0,-34.71624
2973357031.25,-34.71091
2973357187.5,-34.70802
2973357343.75,-34.69826
2973357500.0,-34.70187
2973357656.25,-34.69661
2973357812.5,-34.69128
2973357968.75,-34.68354
2973358125.0,-34.67916
2973358281.25,-34.67543
2973358437.5,-34.6701
2973358593.75,-34.67365
2973358750.0,-34.6675
2973358906.25,-34.66198
2973359062.5,-34.66154
2973359218.75,-34.65017
2973359375.0,-34.65587
2973359531.25,-34.65173
2973359687.5,-34.65063
2973359843.75,-34.63552
2973360000.0,-34.63307
2973360156.25,-34.62618
2973360312.5,-34.62018
2973360468.75,-34.63486
2973360625.0,-34.63169
2973360781.25,-34.61782
2973360937.5,-34.61238
2973361093.75,-34.60742
2973361250.0,-34.60922
2973361406.25,-34.61023
2973361562.5,-34.59761
2973361718.75,-34.58955
2973361875.0,-34.59597
2973362031.25,-34.59806
2973362187.5,-34.58817
2973362343.75,-34.58021
2973362500.0,-34.57393
2973362656.25,-34.56598
2973362812.5,-34.57911
2973362968.75,-34.57001
2973363125.0,-34.55154
2973363281.25,-34.55464
2973363437.5,-34.56064
2973363593.75,-34.55728
2973363750.0,-34.54677
2973363906.25,-34.54791
2973364062.5,-34.54202
2973364218.75,-34.53441
2973364375.0,-34.53742
2973364531.25,-34.51978
2973364687.5,-34.52827
2973364843.75,-34.52156
2973365000.0,-34.51831
2973365156.25,-34.51601
2973365312.5,-34.51207
2973365468.75,-34.50554
2973365625.0,-34.50322
2973365781.25,-34.50409
2973365937.5,-34.49403
2973366093.75,-34.49438
2973366250.0,-34.49235
2973366406.25,-34.48944
2973366562.5,-34.47677
2973366718.75,-34.4763
2973366875.0,-34.46273
2973367031.25,-34.46604
2973367187.5,-34.4565
2973367343.75,-34.46103
2973367500.0,-34.44629
2973367656.25,-34.45236
2973367812.5,-34.44551
2973367968.75,-34.44847
2973368125.0,-34.4405
2973368281.25,-34.43769
2973368437.5,-34.43834
2973368593.75,-34.42735
2973368750.0,-34.43513
2973368906.25,-34.41649
2973369062.5,-34.42235
2973369218.75,-34.40799
2973369375.0,-34.39825
2973369531.25,-34.40773
2973369687.5,-34.40417
2973369843.75,-34.40221
2973370000.0,-34.40226
2973370156.25,-34.38494
2973370312.5,-34.38547
2973370468.75,-34.38582
2973370625.0,-34.37366
2973370781.25,-34.38204
2973370937.5,-34.37142
2973371093.75,-34.36371
2973371250.0,-34.36232
2973371406.25,-34.36158
2973371562.5,-34.35348
2973371718.75,-34.35732
2973371875.0,-34.34293
2973372031.25,-34.34445
2973372187.5,-34.34067
2973372343.75,-34.34491
2973372500.0,-34.33082
2973372656.25,-34.32038
2973372812.5,-34.32619
2973372968.75,-34.31011
2973373125.0,-34.31881
2973373281.25,-34.31556
2973373437.5,-34.31373
2973373593.75,-34.31181
2973373750.0,-34.30046
2973373906.25,-34.30538
2973374062.5,-34.29249
2973374218.75,-34.3
2973374375.0,-34.27675
2973374531.25,-34.28542
2973374687.5,-34.28171
2973374843.75,-34.27831
2973375000.0,-34.27897
2973375156.25,-34.26663
2973375312.5,-34.2677
2973375468.75,-34.26023
2973375625.0,-34.25583
2973375781.25,-34.23959
2973375937.5,-34.24293
2973376093.75,-34.23681
2973376250.0,-34.23351
2973376406.25,-34.23734
2973376562.5,-34.22352
2973376718.75,-34.22113
2973376875.0,-34.22932
2973377031.25,-34.2203
2973377187.5,-34.21633
2973377343.75,-34.20992
2973377500.0,-34.20727
2973377656.25,-34.20146
2973377812.5,-34.19475
2973377968.75,-34.18455
2973378125.0,-34.18885
2973378281.25,-34.18467
2973378437.5,-34.18771
2973378593.75,-34.18228
2973378750.0,-34.1745
2973378906.25,-34.17984
2973379062.5,-34.17195
2973379218.75,-34.16926
2973379375.0,-34.15795
2973379531.25,-34.15932
2973379687.5,-34.14893
2973379843.75,-34.14449
2973380000.0,-34.14731
2973380156.25,-34.148
2973380312.5,-34.14251
2973380468.75,-34.1374
2973380625.0,-34.12461
2973380781.25,-34.12868
2973380937.5,-34.12247
2973381093.75,-34.11704
2973381250.0,-34.11786
2973381406.25,-34.11458
2973381562.5,-34.10757
2973381718.75,-34.09813
2973381875.0,-34.09422
2973382031.25,-34.09851
2973382187.5,-34.10021
2973382343.75,-34.08878
2973382500.0,-34.07535
2973382656.25,-34.07528
2973382812.5,-34.07612
2973382968.75,-34.07296
2973383125.0,-34.06757
2973383281.25,-34.06638
2973383437.5,-34.06115
2973383593.75,-34.06007
2973383750.0,-34.05903
2973383906.25,-34.04443
2973384062.5,-34.04581
2973384218.75,-34.04367
2973384375.0,-34.04778
2973384531.25,-34.03127
2973384687.5,-34.02771
2973384843.75,-34.02208
2973385000.0,-34.02345
2973385156.25,-34.01606
2973385312.5,-34.01015
2973385468.75,-34.00352
2973385625.0,-34.00702
2973385781.25,-34.0069
2973385937.5,-33.9879
2973386093.75,-34.00044
2973386250.0,-33.99183
2973386406.25,-33.98048
2973386562.5,-33.97896
2973386718.75,-33.97838
2973386875.0,-33.96785
2973387031.25,-33.97003
2973387187.5,-33.96616
2973387343.75,-33.96734
2973387500.0,-33.96706
2973387656.25,-33.95396
2973387812.5,-33.95599
2973387968.75,-33.94533
2973388125.0,-33.94713
2973388281.25,-33.93207
2973388437.5,-33.93315
2973388593.75,-33.92588
2973388750.0,-33.92616
2973388906.25,-33.91904
2973389062.5,-33.91364
2973389218.75,-33.91771
2973389375.0,-33.91196
2973389531.25,-33.90606
2973389687.5,-33.9098
2973389843.75,-33.8963
2973390000.0,-33.89383
2973390156.25,-33.89403
2973390312.5,-33.88797
2973390468.75,-33.8811
2973390625.0,-33.87358
2973390781.25,-33.87694
2973390937.5,-33.87579
2973391093.75,-33.87862
2973391250.0,-33.86226
2973391406.25,-33.86262
2973391562.5,-33.85577
2973391718.75,-33.85098
2973391875.0,-33.85099
2973392031.25,-33.84396
2973392187.5,-33.84545
2973392343.75,-33.84047
2973392500.0,-33.83647
2973392656.25,-33.82819
2973392812.5,-33.83311
2973392968.75,-33.82952
2973393125.0,-33.82386
2973393281.25,-33.81184
2973393437.5,-33.8036
2973393593.75,-33.80345
2973393750.0,-33.7947
2973393906.25,-33.78968
2973394062.5,-33.78913
2973394218.75,-33.78931
2973394375.0,-33.78598
2973394531.25,-33.77589
2973394687.5,-33.78102
2973394843.75,-33.77091
2973395000.0,-33.77078
2973395156.25,-33.76945
2973395312.5,-33.7578
2973395468.75,-33.746
2973395625.0,-33.74557
2973395781.25,-33.73819
2973395937.5,-33.75272
2973396093.75,-33.74253
2973396250.0,-33.74075
2973396406.25,-33.72533
2973396562.5,-33.72985
2973396718.75,-33.7143
2973396875.0,-33.7217
2973397031.25,-33.70976
2973397187.5,-33.71513
2973397343.75,-33.70828
2973397500.0,-33.69994
2973397656.25,-33.68911
2973397812.5,-33.69339
2973397968.75,-33.69758
2973398125.0,-33.68176
2973398281.25,-33.68568
2973398437.5,-33.6785
2973398593.75,-33.67929
2973398750.0,-33.66992
2973398906.25,-33.67768
2973399062.5,-33.66585
2973399218.75,-33.65732
2973399375.0,-33.65945
2973399531.25,-33.65991
2973399687.5,-33.64997
2973399843.75,-33.64672
2973400000.0,-33.63616
2973400156.25,-33.63987
2973400312.5,-33.63145
2973400468.75,-33.62078
2973400625.0,-33.61571
2973400781.25,-33.62731
2973400937.5,-33.61283
2973401093.75,-33.61612
2973401250.0,-33.60496
2973401406.25,-33.60548
2973401562.5,-33.60918
2973401718.75,-33.59499
2973401875.0,-33.59387
2973402031.25,-33.58567
2973402187.5,-33.58836
2973402343.75,-33.58405
2973402500.0,-33.5747
2973402656.25,-33.57064
2973402812.5,-33.56023
2973402968.75,-33.56242
2973403125.0,-33.56738
2973403281.25,-33.55346
2973403437.5,-33.55395
2973403593.75,-33.54446
2973403750.0,-33.5462
2973403906.25,-33.5431
2973404062.5,-33.53495
2973404218.75,-33.53598
2973404375.0,-33.5266
2973404531.25,-33.52491
2973404687.5,-33.52149
2973404843.75,-33.51688
2973405000.0,-33.51532
2973405156.25,-33.51426
2973405312.5,-33.50914
2973405468.75,-33.49361
2973405625.0,-33.48994
2973405781.25,-33.49547
2973405937.5,-33.48763
2973406093.75,-33.48238
2973406250.0,-33.4798
2973406406.25,-33.48212
2973406562.5,-33.46847
2973406718.75,-33.46882
2973406875.0,-33.44875
2973407031.25,-33.45845
2973407187.5,-33.45318
2973407343.75,-33.44705
2973407500.0,-33.44794
2973407656.25,-33.44798
2973407812.5,-33.43557
2973407968.75,-33.44051
2973408125.0,-33.43184
2973408281.25,-33.42849
2973408437.5,-33.42279
2973408593.75,-33.41486
2973408750.0,-33.41504
2973408906.25,-33.40704
2973409062.5,-33.40294
2973409218.75,-33.40461
2973409375.0,-33.39403
2973409531.25,-33.39393
2973409687.5,-33.38211
2973409843.75,-33.39093
2973410000.0,-33.37723
2973410156.25,-33.38305
2973410312.5,-33.37051
2973410468.75,-33.3662
2973410625.0,-33.35945
2973410781.25,-33.35741
2973410937.5,-33.35414
2973411093.75,-33.35026
2973411250.0,-33.34717
2973411406.25,-33.34451
2973411562.5,-33.33821
2973411718.75,-33.33636
2973411875.0,-33.32931
2973412031.25,-33.33453
2973412187.5,-33.32529
2973412343.75,-33.32055
2973412500.0,-33.31435
2973412656.25,-33.30645
2973412812.5,-33.31279
2973412968.75,-33.29827
2973413125.0,-33.29884
2973413281.25,-33.28839
2973413437.5,-33.28721
2973413593.75,-33.29344
2973413750.0,-33.27554
2973413906.25,-33.28349
2973414062.5,-33.27018
2973414218.75,-33.26599
2973414375.0,-33.26571
2973414531.25,-33.26588
2973414687.5,-33.25619
2973414843.75,-33.24713
2973415000.0,-33.25543
2973415156.25,-33.2515
2973415312.5,-33.24646
2973415468.75,-33.23256
2973415625.0,-33.23626
2973415781.25,-33.22476
2973415937.5,-33.22356
2973416093.75,-33.22203
2973416250.0,-33.21735
2973416406.25,-33.21443
2973416562.5,-33.20955
2973416718.75,-33.20779
2973416875.0,-33.20039
2973417031.25,-33.19681
2973417187.5,-33.19056
2973417343.75,-33.18132
2973417500.0,-33.18458
2973417656.25,-33.18424
2973417812.5,-33.16742
2973417968.75,-33.17031
2973418125.0,-33.1687
2973418281.25,-33.16403
2973418437.5,-33.15389
2973418593.75,-33.16311
2973418750.0,-33.1589
2973418906.25,-33.13974
2973419062.5,-33.13782
2973419218.75,-33.13958
2973419375.0,-33.12954
2973419531.25,-33.12097
2973419687.5,-33.12289
2973419843.75,-33.11336
2973420000.0,-33.1198
2973420156.25,-33.11015
2973420312.5,-33.10602
2973420468.75,-33.10108
2973420625.0,-33.09161
2973420781.25,-33.1001
2973420937.5,-33.09745
2973421093.75,-33.09049
2973421250.0,-33.08932
2973421406.25,-33.07849
2973421562.5,-33.0823
2973421718.75,-33.07038
2973421875.0,-33.06797
2973422031.25,-33.05992
2973422187.5,-33.06682
2973422343.75,-33.06456
2973422500.0,-33.0475
2973422656.25,-33.04719
2973422812.5,-33.04245
2973422968.75,-33.03255
2973423125.0,-33.03773
2973423281.25,-33.03613
2973423437.5,-33.02414
2973423593.75,-33.02315
2973423750.0,-33.01828
2973423906.25,-33.01352
2973424062.5,-33.00974
2973424218.75,-33.00855
2973424375.0,-33.00656
2973424531.25,-33.00047
2973424687.5,-32.99436
2973424843.75,-32.99389
2973425000.0,-32.985
2973425156.25,-32.98163
2973425312.5,-32.97675
2973425468.75,-32.97473
2973425625.0,-32.95564
2973425781.25,-32.95769
2973425937.5,-32.96521
2973426093.75,-32.95182
2973426250.0,-32.9514
2973426406.25,-32.94644
2973426562.5,-32.94357
2973426718.75,-32.94549
2973426875.0,-32.936
2973427031.25,-32.9269
2973427187.5,-32.92601
2973427343.75,-32.91931
2973427500.0,-32.91111
2973427656.25,-32.90872
2973427812.5,-32.91476
2973427968.75,-32.90324
2973428125.0,-32.90347
2973428281.25,-32.89942
2973428437.5,-32.89651
2973428593.75,-32.88885
2973428750.0,-32.88269
2973428906.25,-32.88417
2973429062.5,-32.87275
2973429218.75,-32.87543
2973429375.0,-32.86985
2973429531.25,-32.8698
2973429687.5,-32.86359
2973429843.75,-32.86232
2973430000.0,-32.84933
2973430156.25,-32.84716
2973430312.5,-32.84403
2973430468.75,-32.83714
2973430625.0,-32.83731
2973430781.25,-32.83294
2973430937.5,-32.8333
2973431093.75,-32.81802
2973431250.0,-32.82267
2973431406.25,-32.81991
2973431562.5,-32.81557
2973431718.75,-32.80902
2973431875.0,-32.80304
2973432031.25,-32.79641
2973432187.5,-32.80201
2973432343.75,-32.78818
2973432500.0,-32.78764
2973432656.25,-32.78333
2973432812.5,-32.77942
2973432968.75,-32.77486
2973433125.0,-32.76189
2973433281.25,-32.76703
2973433437.5,-32.75652
2973433593.75,-32.75513
2973433750.0,-32.74662
2973433906.25,-32.74546
2973434062.5,-32.74274
2973434218.75,-32.7441
2973434375.0,-32.7315
2973434531.25,-32.73024
2973434687.5,-32.73085
2973434843.75,-32.72729
2973435000.0,-32.71495
2973435156.25,-32.7081
2973435312.5,-32.70271
2973435468.75,-32.7052
2973435625.0,-32.70506
2973435781.25,-32.7049
2973435937.5,-32.6978
2973436093.75,-32.68525
2973436250.0,-32.69206
2973436406.25,-32.68235
2973436562.5,-32.67537
2973436718.75,-32.66922
2973436875.0,-32.66814
2973437031.25,-32.66578
2973437187.5,-32.66533
2973437343.75,-32.65627
2973437500.0,-32.64708
2973437656.25,-32.64393
2973437812.5,-32.64064
2973437968.75,-32.64706
2973438125.0,-32.63415
2973438281.25,-32.6298
2973438437.5,-32.62654
2973438593.75,-32.61595
2973438750.0,-32.62186
2973438906.25,-32.60843
2973439062.5,-32.6075
2973439218.75,-32.60944
2973439375.0,-32.60206
2973439531.25,-32.59872
2973439687.5,-32.59022
2973439843.75,-32.58627
2973440000.0,-32.58043
2973440156.25,-32.57499
2973440312.5,-32.58583
2973440468.75,-32.57093
2973440625.0,-32.56009
2973440781.25,-32.5611
2973440937.5,-32.55562
2973441093.75,-32.55588
2973441250.0,-32.55104
2973441406.25,-32.5502
2973441562.5,-32.5363
2973441718.75,-32.54477
2973441875.0,-32.53222
2973442031.25,-32.52925
2973442187.5,-32.52812
2973442343.75,-32.51737
2973442500.0,-32.51695
2973442656.25,-32.5104
2973442812.5,-32.50758
2973442968.75,-32.49704
2973443125.0,-32.49716
2973443281.25,-32.49115
2973443437.5,-32.48825
2973443593.75,-32.49096
2973443750.0,-32.4874
2973443906.25,-32.48138
2973444062.5,-32.46888
2973444218.75,-32.46468
2973444375.0,-32.45826
2973444531.25,-32.45986
2973444687.5,-32.45333
2973444843.75,-32.45013
2973445000.0,-32.44658
2973445156.25,-32.44201
2973445312.5,-32.44483
2973445468.75,-32.42962
2973445625.0,-32.43494
2973445781.25,-32.42522
2973445937.5,-32.42362
2973446093.75,-32.42079
2973446250.0,-32.42203
2973446406.25,-32.40821
2973446562.5,-32.40032
2973446718.75,-32.40316
2973446875.0,-32.4016
2973447031.25,-32.38893
2973447187.5,-32.39085
2973447343.75,-32.39312
2973447500.0,-32.3862
2973447656.25,-32.38313
2973447812.5,-32.36863
2973447968.75,-32.37094
2973448125.0,-32.36961
2973448281.25,-32.36479
2973448437.5,-32.35947
2973448593.75,-32.35408
2973448750.0,-32.3455
2973448906.25,-32.34488
2973449062.5,-32.334
2973449218.75,-32.33734
2973449375.0,-32.32702
2973449531.25,-32.32188
2973449687.5,-32.31615
2973449843.75,-32.32241
2973450000.0,-32.30844
2973450156.25,-32.3046
2973450312.5,-32.3087
2973450468.75,-32.29816
2973450625.0,-32.30143
2973450781.25,-32.28362
2973450937.5,-32.28979
2973451093.75,-32.28139
2973451250.0,-32.28041
2973451406.25,-32.27147
2973451562.5,-32.2733
2973451718.75,-32.26216
2973451875.0,-32.24842
2973452031.25,-32.25571
2973452187.5,-32.25405
2973452343.75,-32.25695
2973452500.0,-32.24417
2973452656.25,-32.23478
2973452812.5,-32.23846
2973452968.75,-32.23464
2973453125.0,-32.22425
2973453281.25,-32.22952
2973453437.5,-32.22001
2973453593.75,-32.21753
2973453750.0,-32.20528
2973453906.25,-32.214
2973454062.5,-32.20005
2973454218.75,-32.19559
2973454375.0,-32.20303
2973454531.25,-32.18888
2973454687.5,-32.19341
2973454843.75,-32.17794
2973455000.0,-32.18018
2973455156.25,-32.17358
2973455312.5,-32.1631
2973455468.75,-32.15718
2973455625.0,-32.16678
2973455781.25,-32.15279
2973455937.5,-32.14621
2973456093.75,-32.14748
2973456250.0,-32.14412
2973456406.25,-32.14067
2973456562.5,-32.13509
2973456718.75,-32.12929
2973456875.0,-32.12338
2973457031.25,-32.12285
2973457187.5,-32.11752
2973457343.75,-32.1138
2973457500.0,-32.10958
2973457656.25,-32.10229
2973457812.5,-32.10048
2973457968.75,-32.09514
2973458125.0,-32.09621
2973458281.25,-32.08119
2973458437.5,-32.07955
2973458593.75,-32.07749
2973458750.0,-32.07391
2973458906.25,-32.06916
2973459062.5,-32.06418
2973459218.75,-32.06511
2973459375.0,-32.0537
2973459531.25,-32.05354
2973459687.5,-32.05668
2973459843.75,-32.03951
2973460000.0,-32.03491
2973460156.25,-32.03611
2973460312.5,-32.0354
2973460468.75,-32.027
2973460625.0,-32.02294
2973460781.25,-32.01657
2973460937.5,-32.01219
2973461093.75,-32.01012
2973461250.0,-32.00391
2973461406.25,-32.00323
2973461562.5,-31.99751
2973461718.75,-31.99758
2973461875.0,-31.99899
2973462031.25,-31.98277
2973462187.5,-31.98609
2973462343.75,-31.97291
2973462500.0,-31.9769
2973462656.25,-31.97
2973462812.5,-31.95983
2973462968.75,-31.95873
2973463125.0,-31.96083
2973463281.25,-31.95303
2973463437.5,-31.94516
2973463593.75,-31.93756
2973463750.0,-31.94264
2973463906.25,-31.93137
2973464062.5,-31.92451
2973464218.75,-31.92049
2973464375.0,-31.92473
2973464531.25,-31.91916
2973464687.5,-31.91364
2973464843.75,-31.90032
2973465000.0,-31.90557
2973465156.25,-31.89897
2973465312.5,-31.89901
2973465468.75,-31.89008
2973465625.0,-31.89771
2973465781.25,-31.87804
2973465937.5,-31.87218
2973466093.75,-31.87752
2973466250.0,-31.87339
2973466406.25,-31.8604
2973466562.5,-31.85913
2973466718.75,-31.86066
2973466875.0,-31.85151
2973467031.25,-31.8493
2973467187.5,-31.84195
2973467343.75,-31.84027
2973467500.0,-31.83727
2973467656.25,-31.82739
2973467812.5,-31.8278
2973467968.75,-31.82074
2973468125.0,-31.81828
2973468281.25,-31.81607
2973468437.5,-31.81211
2973468593.75,-31.80856
2973468750.0,-31.80371
2973468906.25,-31.79615
2973469062.5,-31.79877
2973469218.75,-31.7869
2973469375.0,-31.78379
2973469531.25,-31.78382
2973469687.5,-31.77261
2973469843.75,-31.76412
2973470000.0,-31.76453
2973470156.25,-31.76463
2973470312.5,-31.7524
2973470468.75,-31.76088
2973470625.0,-31.74822
2973470781.25,-31.74676
2973470937.5,-31.73598
2973471093.75,-31.73364
2973471250.0,-31.737
2973471406.25,-31.72095
2973471562.5,-31.72169
2973471718.75,-31.71783
2973471875.0,-31.71334
2973472031.25,-31.71621
2973472187.5,-31.70473
2973472343.75,-31.70358
2973472500.0,-31.70287
2973472656.25,-31.69835
2973472812.5,-31.69212
2973472968.75,-31.683
2973473125.0,-31.68398
2973473281.25,-31.67538
2973473437.5,-31.67298
2973473593.75,-31.67286
2973473750.0,-31.66382
2973473906.25,-31.66419
2973474062.5,-31.65379
2973474218.75,-31.65648
2973474375.0,-31.65257
2973474531.25,-31.63915
2973474687.5,-31.64411
2973474843.75,-31.6353
2973475000.0,-31.62976
2973475156.25,-31.63383
2973475312.5,-31.61916
2973475468.75,-31.62012
2973475625.0,-31.60919
2973475781.25,-31.61538
2973475937.5,-31.60954
2973476093.75,-31.60459
2973476250.0,-31.59509
2973476406.25,-31.59525
2973476562.5,-31.59057
2973476718.75,-31.58607
2973476875.0,-31.58337
2973477031.25,-31.57687
2973477187.5,-31.57177
2973477343.75,-31.56597
2973477500.0,-31.56387
2973477656.25,-31.5579
2973477812.5,-31.55008
2973477968.75,-31.54965
2973478125.0,-31.54821
2973478281.25,-31.54249
2973478437.5,-31.53359
2973478593.75,-31.53359
2973478750.0,-31.53443
2973478906.25,-31.52423
2973479062.5,-31.51829
2973479218.75,-31.5186
2973479375.0,-31.51163
2973479531.25,-31.50754
2973479687.5,-31.49913
2973479843.75,-31.49503
2973480000.0,-31.49412
2973480156.25,-31.48832
2973480312.5,-31.49169
2973480468.75,-31.49077
2973480625.0,-31.48049
2973480781.25,-31.47371
2973480937.5,-31.46934
2973481093.75,-31.46349
2973481250.0,-31.4586
2973481406.25,-31.45969
2973481562.5,-31.44704
2973481718.75,-31.45585
2973481875.0,-31.44533
2973482031.25,-31.43995
2973482187.5,-31.43361
2973482343.75,-31.42903
2973482500.0,-31.42741
2973482656.25,-31.41648
2973482812.5,-31.41665
2973482968.75,-31.41557
2973483125.0,-31.41049
2973483281.25,-31.40538
2973483437.5,-31.40179
2973483593.75,-31.39616
2973483750.0,-31.39871
2973483906.25,-31.3836
2973484062.5,-31.38904
2973484218.75,-31.38303
2973484375.0,-31.3756
2973484531.25,-31.3773
2973484687.5,-31.37047
2973484843.75,-31.36254
2973485000.0,-31.36423
2973485156.25,-31.35136
2973485312.5,-31.35375
2973485468.75,-31.34755
2973485625.0,-31.33947
2973485781.25,-31.33879
2973485937.5,-31.33396
2973486093.75,-31.33642
2973486250.0,-31.32973
2973486406.25,-31.32528
2973486562.5,-31.32309
2973486718.75,-31.31646
2973486875.0,-31.30965
2973487031.25,-31.30579
2973487187.5,-31.30132
2973487343.75,-31.29626
2973487500.0,-31.29831
2973487656.25,-31.29299
2973487812.5,-31.28368
2973487968.75,-31.27441
2973488125.0,-31.28182
2973488281.25,-31.27539
2973488437.5,-31.26725
2973488593.75,-31.25686
2973488750.0,-31.26289
2973488906.25,-31.25958
2973489062.5,-31.24611
2973489218.75,-31.2478
2973489375.0,-31.24286
2973489531.25,-31.23679
2973489687.5,-31.23372
2973489843.75,-31.22526
2973490000.0,-31.22516
2973490156.25,-31.22005
2973490312.5,-31.21622
2973490468.75,-31.21231
2973490625.0,-31.20734
2973490781.25,-31.1984
2973490937.5,-31.19979
2973491093.75,-31.20156
2973491250.0,-31.19153
2973491406.25,-31.18464
2973491562.5,-31.18706
2973491718.75,-31.17756
2973491875.0,-31.17549
2973492031.25,-31.16858
2973492187.5,-31.16688
2973492343.75,-31.16611
2973492500.0,-31.15504
2973492656.25,-31.15374
2973492812.5,-31.14299
2973492968.75,-31.14268
2973493125.0,-31.14317
2973493281.25,-31.14359
2973493437.5,-31.1297
2973493593.75,-31.12496
2973493750.0,-31.12209
2973493906.25,-31.11956
2973494062.5,-31.11315
2973494218.75,-31.11268
2973494375.0,-31.10558
2973494531.25,-31.10794
2973494687.5,-31.1013
2973494843.75,-31.0977
2973495000.0,-31.09169
2973495156.25,-31.08725
2973495312.5,-31.08148
2973495468.75,-31.07941
2973495625.0,-31.0718
2973495781.25,-31.07534
2973495937.5,-31.06494
2973496093.75,-31.06197
2973496250.0,-31.05822
2973496406.25,-31.05005
2973496562.5,-31.05149
2973496718.75,-31.0468
2973496875.0,-31.04348
2973497031.25,-31.03645
2973497187.5,-31.02934
2973497343.75,-31.02566
2973497500.0,-31.02665
2973497656.25,-31.01587
2973497812.5,-31.02068
2973497968.75,-31.01632
2973498125.0,-31.0082
2973498281.25,-31.01123
2973498437.5,-31.00096
2973498593.75,-30.99332
2973498750.0,-30.98651
2973498906.25,-30.98431
2973499062.5,-30.98075
2973499218.75,-30.97861
2973499375.0,-30.97116
2973499531.25,-30.96766
2973499687.5,-30.96802
2973499843.75,-30.95583
2973500000.0,-30.95033
2973500156.25,-30.95848
2973500312.5,-30.94916
2973500468.75,-30.94012
2973500625.0,-30.94114
2973500781.25,-30.93257
2973500937.5,-30.9401
2973501093.75,-30.93115
2973501250.0,-30.93279
2973501406.25,-30.92176
2973501562.5,-30.91776
2973501718.75,-30.91134
2973501875.0,-30.91208
2973502031.25,-30.90444
2973502187.5,-30.90011
2973502343.75,-30.89289
2973502500.0,-30.88924
2973502656.25,-30.89149
2973502812.5,-30.88478
2973502968.75,-30.8776
2973503125.0,-30.87463
2973503281.25,-30.87158
2973503437.5,-30.86662
2973503593.75,-30.86707
2973503750.0,-30.85752
2973503906.25,-30.85524
2973504062.5,-30.84787
2973504218.75,-30.84605
2973504375.0,-30.83809
2973504531.25,-30.83636
2973504687.5,-30.83011
2973504843.75,-30.8306
2973505000.0,-30.82361
2973505156.25,-30.82454
2973505312.5,-30.81691
2973505468.75,-30.81864
2973505625.0,-30.81076
2973505781.25,-30.80803
2973505937.5,-30.80167
2973506093.75,-30.79883
2973506250.0,-30.79282
2973506406.25,-30.79175
2973506562.5,-30.79008
2973506718.75,-30.78188
2973506875.0,-30.77665
2973507031.25,-30.77439
2973507187.5,-30.76871
2973507343.75,-30.76695
2973507500.0,-30.75642
2973507656.25,-30.75448
2973507812.5,-30.75538
2973507968.75,-30.74925
2973508125.0,-30.74555
2973508281.25,-30.73765
2973508437.5,-30.73757
2973508593.75,-30.73353
2973508750.0,-30.72518
2973508906.25,-30.72531
2973509062.5,-30.7205
2973509218.75,-30.71644
2973509375.0,-30.712
2973509531.25,-30.71239
2973509687.5,-30.70109
2973509843.75,-30.70105
2973510000.0,-30.70288
2973510156.25,-30.69172
2973510312.5,-30.69066
2973510468.75,-30.68368
2973510625.0,-30.67923
2973510781.25,-30.6786
2973510937.5,-30.67205
2973511093.75,-30.6676
2973511250.0,-30.66944
2973511406.25,-30.66017
2973511562.5,-30.65473
2973511718.75,-30.65125
2973511875.0,-30.64364
2973512031.25,-30.64112
2973512187.5,-30.64183
2973512343.75,-30.63241
2973512500.0,-30.62551
2973512656.25,-30.62737
2973512812.5,-30.62401
2973512968.75,-30.61574
2973513125.0,-30.62012
2973513281.25,-30.61107
2973513437.5,-30.6097
2973513593.75,-30.60878
2973513750.0,-30.59944
2973513906.25,-30.59471
2973514062.5,-30.59101
2973514218.75,-30.58439
2973514375.0,-30.58276
2973514531.25,-30.57863
2973514687.5,-30.57506
2973514843.75,-30.57148
2973515000.0,-30.56086
2973515156.25,-30.56493
2973515312.5,-30.56095
2973515468.75,-30.55674
2973515625.0,-30.55308
2973515781.25,-30.55119
2973515937.5,-30.54533
2973516093.75,-30.53921
2973516250.0,-30.53368
2973516406.25,-30.5293
2973516562.5,-30.53178
2973516718.75,-30.52158
2973516875.0,-30.5212
2973517031.25,-30.51581
2973517187.5,-30.51216
2973517343.75,-30.50423
2973517500.0,-30.50746
2973517656.25,-30.49577
2973517812.5,-30.50081
2973517968.75,-30.48897
2973518125.0,-30.48954
2973518281.25,-30.48862
2973518437.5,-30.47772
2973518593.75,-30.48607
2973518750.0,-30.47264
2973518906.25,-30.47273
2973519062.5,-30.4657
2973519218.75,-30.4633
2973519375.0,-30.45226
2973519531.25,-30.45748
2973519687.5,-30.45367
2973519843.75,-30.44011
2973520000.0,-30.43793
2973520156.25,-30.43714
2973520312.5,-30.43076
2973520468.75,-30.42944
2973520625.0,-30.42038
2973520781.25,-30.42676
2973520937.5,-30.41516
2973521093.75,-30.41224
2973521250.0,-30.41024
2973521406.25,-30.4043
2973521562.5,-30.40377
2973521718.75,-30.40358
2973521875.0,-30.3942
2973522031.25,-30.39147
2973522187.5,-30.38915
2973522343.75,-30.38633
2973522500.0,-30.38074
2973522656.25,-30.37632
2973522812.5,-30.37111
2973522968.75,-30.36948
2973523125.0,-30.36301
2973523281.25,-30.35978
2973523437.5,-30.35673
2973523593.75,-30.34843
2973523750.0,-30.34779
2973523906.25,-30.34573
2973524062.5,-30.34019
2973524218.75,-30.33728
2973524375.0,-30.33161
2973524531.25,-30.32704
2973524687.5,-30.32689
2973524843.75,-30.32403
2973525000.0,-30.31738
2973525156.25,-30.31787
2973525312.5,-30.3133
2973525468.75,-30.30467
2973525625.0,-30.30089
2973525781.25,-30.29405
2973525937.5,-30.2944
2973526093.75,-30.28767
2973526250.0,-30.28729
2973526406.25,-30.27992
2973526562.5,-30.28136
2973526718.75,-30.27595
2973526875.0,-30.27573
2973527031.25,-30.26894
2973527187.5,-30.26484
2973527343.75,-30.2576
2973527500.0,-30.25181
2973527656.25,-30.24872
2973527812.5,-30.25184
2973527968.75,-30.24846
2973528125.0,-30.24009
2973528281.25,-30.2395
2973528437.5,-30.23894
2973528593.75,-30.22939
2973528750.0,-30.23513
2973528906.25,-30.22068
2973529062.5,-30.215
2973529218.75,-30.21822
2973529375.0,-30.20982
2973529531.25,-30.20414
2973529687.5,-30.20305
2973529843.75,-30.19696
2973530000.0,-30.19744
2973530156.25,-30.19355
2973530312.5,-30.18463
2973530468.75,-30.18735
2973530625.0,-30.18418
2973530781.25,-30.18263
2973530937.5,-30.17197
2973531093.75,-30.16667
2973531250.0,-30.16725
2973531406.25,-30.15944
2973531562.5,-30.15475
2973531718.75,-30.15715
2973531875.0,-30.15388
2973532031.25,-30.14812
2973532187.5,-30.14586
2973532343.75,-30.14638
2973532500.0,-30.13502
2973532656.25,-30.13538
2973532812.5,-30.13094
2973532968.75,-30.12702
2973533125.0,-30.11602
2973533281.25,-30.11292
2973533437.5,-30.1148
2973533593.75,-30.10813
2973533750.0,-30.1105
2973533906.25,-30.10435
2973534062.5,-30.09879
2973534218.75,-30.0989
2973534375.0,-30.09401
2973534531.25,-30.09025
2973534687.5,-30.08627
2973534843.75,-30.08505
2973535000.0,-30.07771
2973535156.25,-30.07455
2973535312.5,-30.06594
2973535468.75,-30.06574
2973535625.0,-30.05788
2973535781.25,-30.06055
2973535937.5,-30.05321
2973536093.75,-30.04833
2973536250.0,-30.04807
2973536406.25,-30.04857
2973536562.5,-30.04626
2973536718.75,-30.03375
2973536875.0,-30.03333
2973537031.25,-30.03275
2973537187.5,-30.02861
2973537343.75,-30.02729
2973537500.0,-30.01871
2973537656.25,-30.01632
2973537812.5,-30.00972
2973537968.75,-30.00902
2973538125.0,-30.00353
2973538281.25,-30.00266
2973538437.5,-30.00434
2973538593.75,-29.98957
2973538750.0,-29.99303
2973538906.25,-29.99055
2973539062.5,-29.98352
2973539218.75,-29.97882
2973539375.0,-29.98403
2973539531.25,-29.96965
2973539687.5,-29.96885
2973539843.75,-29.96796
2973540000.0,-29.96255
2973540156.25,-29.96233
2973540312.5,-29.95262
2973540468.75,-29.94975
2973540625.0,-29.94836
2973540781.25,-29.94548
2973540937.5,-29.93587
2973541093.75,-29.93974
2973541250.0,-29.93305
2973541406.25,-29.93317
2973541562.5,-29.93037
2973541718.75,-29.92005
2973541875.0,-29.91877
2973542031.25,-29.91954
2973542187.5,-29.91548
2973542343.75,-29.9081
2973542500.0,-29.90129
2973542656.25,-29.90993
2973542812.5,-29.90158
2973542968.75,-29.89455
2973543125.0,-29.88998
2973543281.25,-29.8907
2973543437.5,-29.8847
2973543593.75,-29.87912
2973543750.0,-29.87819
2973543906.25,-29.87531
2973544062.5,-29.86992
2973544218.75,-29.86616
2973544375.0,-29.86416
2973544531.25,-29.86176
2973544687.5,-29.85866
2973544843.75,-29.85471
2973545000.0,-29.85383
2973545156.25,-29.85159
2973545312.5,-29.84411
2973545468.75,-29.84246
2973545625.0,-29.83975
2973545781.25,-29.83228
2973545937.5,-29.83095
2973546093.75,-29.82842
2973546250.0,-29.82021
2973546406.25,-29.81994
2973546562.5,-29.81972
2973546718.75,-29.81423
2973546875.0,-29.81096
2973547031.25,-29.80948
2973547187.5,-29.80693
2973547343.75,-29.80326
2973547500.0,-29.79368
2973547656.25,-29.79378
2973547812.5,-29.78571
2973547968.75,-29.79189
2973548125.0,-29.7862
2973548281.25,-29.77893
2973548437.5,-29.78125
2973548593.75,-29.77069
2973548750.0,-29.76828
2973548906.25,-29.76666
2973549062.5,-29.7667
2973549218.75,-29.76323
2973549375.0,-29.75591
2973549531.25,-29.75751
2973549687.5,-29.74944
2973549843.75,-29.75123
2973550000.0,-29.74097
2973550156.25,-29.74209
2973550312.5,-29.73482
2973550468.75,-29.73415
2973550625.0,-29.72853
2973550781.25,-29.731
2973550937.5,-29.73012
2973551093.75,-29.71986
2973551250.0,-29.71527
2973551406.25,-29.71837
2973551562.5,-29.71352
2973551718.75,-29.70595
2973551875.0,-29.70627
2973552031.25,-29.70048
2973552187.5,-29.69473
2973552343.75,-29.69154
2973552500.0,-29.68764
2973552656.25,-29.68117
2973552812.5,-29.68871
2973552968.75,-29.68317
2973553125.0,-29.68027
2973553281.25,-29.68155
2973553437.5,-29.67136
2973553593.75,-29.67794
2973553750.0,-29.66617
2973553906.25,-29.66159
2973554062.5,-29.65801
2973554218.75,-29.66413
2973554375.0,-29.65324
2973554531.25,-29.65283
2973554687.5,-29.64848
2973554843.75,-29.64249
2973555000.0,-29.64361
2973555156.25,-29.64039
2973555312.5,-29.63551
2973555468.75,-29.63135
2973555625.0,-29.62519
2973555781.25,-29.62685
2973555937.5,-29.62682
2973556093.75,-29.61797
2973556250.0,-29.62043
2973556406.25,-29.61344
2973556562.5,-29.61259
2973556718.75,-29.6031
2973556875.0,-29.60758
2973557031.25,-29.59886
2973557187.5,-29.60163
2973557343.75,-29.59501
2973557500.0,-29.59633
2973557656.25,-29.58652
2973557812.5,-29.58556
2973557968.75,-29.5858
2973558125.0,-29.58142
2973558281.25,-29.57794
2973558437.5,-29.57349
2973558593.75,-29.57409
2973558750.0,-29.56535
2973558906.25,-29.55984
2973559062.5,-29.55685
2973559218.75,-29.55989
2973559375.0,-29.55655
2973559531.25,-29.54644
2973559687.5,-29.54832
2973559843.75,-29.54248
2973560000.0,-29.54143
2973560156.25,-29.54229
2973560312.5,-29.53697
2973560468.75,-29.5362
2973560625.0,-29.52901
2973560781.25,-29.52792
2973560937.5,-29.52214
2973561093.75,-29.51957
2973561250.0,-29.52407
2973561406.25,-29.51924
2973561562.5,-29.51485
2973561718.75,-29.51169
2973561875.0,-29.50768
2973562031.25,-29.50149
2973562187.5,-29.50501
2973562343.75,-29.49903
2973562500.0,-29.49873
2973562656.25,-29.49572
2973562812.5,-29.49288
2973562968.75,-29.48654
2973563125.0,-29.48335
2973563281.25,-29.48533
2973563437.5,-29.48004
2973563593.75,-29.47399
2973563750.0,-29.47291
2973563906.25,-29.46736
2973564062.5,-29.46967
2973564218.75,-29.46921
2973564375.0,-29.46128
2973564531.25,-29.4608
2973564687.5,-29.45594
2973564843.75,-29.45473
2973565000.0,-29.44938
2973565156.25,-29.4531
2973565312.5,-29.44722
2973565468.75,-29.43694
2973565625.0,-29.43742
2973565781.25,-29.43786
2973565937.5,-29.43015
2973566093.75,-29.43047
2973566250.0,-29.43348
2973566406.25,-29.42584
2973566562.5,-29.4214
2973566718.75,-29.42479
2973566875.0,-29.41666
2973567031.25,-29.41611
2973567187.5,-29.4085
2973567343.75,-29.41339
2973567500.0,-29.40314
2973567656.25,-29.40483
2973567812.5,-29.40533
2973567968.75,-29.39543
2973568125.0,-29.39282
2973568281.25,-29.39618
2973568437.5,-29.39353
2973568593.75,-29.3894
2973568750.0,-29.37636
2973568906.25,-29.38136
2973569062.5,-29.38298
2973569218.75,-29.3779
2973569375.0,-29.37103
2973569531.25,-29.37799
2973569687.5,-29.37403
2973569843.75,-29.36806
2973570000.0,-29.36641
2973570156.25,-29.3585
2973570312.5,-29.35947
2973570468.75,-29.35337
2973570625.0,-29.35355
2973570781.25,-29.35105
2973570937.5,-29.3516
2973571093.75,-29.34019
2973571250.0,-29.34345
2973571406.25,-29.34504
2973571562.5,-29.34002
2973571718.75,-29.33528
2973571875.0,-29.33175
2973572031.25,-29.3316
2973572187.5,-29.33268
2973572343.75,-29.32307
2973572500.0,-29.32059
2973572656.25,-29.32849
2973572812.5,-29.31687
2973572968.75,-29.31286
2973573125.0,-29.30639
2973573281.25,-29.30912
2973573437.5,-29.30691
2973573593.75,-29.30235
2973573750.0,-29.30121
2973573906.25,-29.29985
2973574062.5,-29.29829
2973574218.75,-29.29573
2973574375.0,-29.2937
2973574531.25,-29.28909
2973574687.5,-29.28281
2973574843.75,-29.28654
2973575000.0,-29.28273
2973575156.25,-29.2822
2973575312.5,-29.27739
2973575468.75,-29.27247
2973575625.0,-29.2708
2973575781.25,-29.26873
2973575937.5,-29.2657
2973576093.75,-29.27239
2973576250.0,-29.25511
2973576406.25,-29.26189
2973576562.5,-29.25492
2973576718.75,-29.25109
2973576875.0,-29.2519
2973577031.25,-29.24977
2973577187.5,-29.24088
2973577343.75,-29.24464
2973577500.0,-29.24386
2973577656.25,-29.24236
2973577812.5,-29.23689
2973577968.75,-29.24017
2973578125.0,-29.2358
2973578281.25,-29.23291
2973578437.5,-29.22971
2973578593.75,-29.22349
2973578750.0,-29.2283
2973578906.25,-29.22853
2973579062.5,-29.21754
2973579218.75,-29.21872
2973579375.0,-29.21883
2973579531.25,-29.2159
2973579687.5,-29.21103
2973579843.75,-29.20739
2973580000.0,-29.20894
2973580156.25,-29.2102
2973580312.5,-29.20159
2973580468.75,-29.19775
2973580625.0,-29.20318
2973580781.25,-29.19914
2973580937.5,-29.19544
2973581093.75,-29.19082
2973581250.0,-29.18871
2973581406.25,-29.18602
2973581562.5,-29.186
2973581718.75,-29.17615
2973581875.0,-29.18644
2973582031.25,-29.18021
2973582187.5,-29.17584
2973582343.75,-29.17515
2973582500.0,-29.17128
2973582656.25,-29.16909
2973582812.5,-29.17432
2973582968.75,-29.16895
2973583125.0,-29.16451
2973583281.25,-29.16213
2973583437.5,-29.15949
2973583593.75,-29.15698
2973583750.0,-29.15298
2973583906.25,-29.15515
2973584062.5,-29.15014
2973584218.75,-29.15212
2973584375.0,-29.14924
2973584531.25,-29.14634
2973584687.5,-29.1406
2973584843.75,-29.1347
2973585000.0,-29.14485
2973585156.25,-29.13419
2973585312.5,-29.139
2973585468.75,-29.13555
2973585625.0,-29.12973
2973585781.25,-29.12766
2973585937.5,-29.12256
2973586093.75,-29.12593
2973586250.0,-29.12661
2973586406.25,-29.12082
2973586562.5,-29.11983
2973586718.75,-29.1184
2973586875.0,-29.1158
2973587031.25,-29.11186
2973587187.5,-29.10927
2973587343.75,-29.11234
2973587500.0,-29.10914
2973587656.25,-29.10481
2973587812.5,-29.10044
2973587968.75,-29.10294
2973588125.0,-29.09944
2973588281.25,-29.0994
2973588437.5,-29.10217
2973588593.75,-29.10079
2973588750.0,-29.09548
2973588906.25,-29.0901
2973589062.5,-29.09167
2973589218.75,-29.08981
2973589375.0,-29.08742
2973589531.25,-29.08431
2973589687.5,-29.07881
2973589843.75,-29.08772
2973590000.0,-29.07934
2973590156.25,-29.07554
2973590312.5,-29.07448
2973590468.75,-29.0688
2973590625.0,-29.0727
2973590781.25,-29.06455
2973590937.5,-29.06143
2973591093.75,-29.06333
2973591250.0,-29.06413
2973591406.25,-29.06068
2973591562.5,-29.05865
2973591718.75,-29.05761
2973591875.0,-29.05442
2973592031.25,-29.05536
2973592187.5,-29.05515
2973592343.75,-29.0528
2973592500.0,-29.0498
2973592656.25,-29.04539
2973592812.5,-29.04688
2973592968.75,-29.0467
2973593125.0,-29.0442
2973593281.25,-29.04278
2973593437.5,-29.04052
2973593593.75,-29.03536
2973593750.0,-29.03771
2973593906.25,-29.03587
2973594062.5,-29.03439
2973594218.75,-29.03127
2973594375.0,-29.03064
2973594531.25,-29.02706
2973594687.5,-29.02608
2973594843.75,-29.02883
2973595000.0,-29.02111
2973595156.25,-29.02763
2973595312.5,-29.02306
2973595468.75,-29.01552
2973595625.0,-29.0199
2973595781.25,-29.01278
2973595937.5,-29.01267
2973596093.75,-29.01041
2973596250.0,-29.00724
2973596406.25,-29.01296
2973596562.5,-29.01236
2973596718.75,-29.01032
2973596875.0,-29.00768
2973597031.25,-29.00759
2973597187.5,-29.00029
2973597343.75,-29.00398
2973597500.0,-28.99623
2973597656.25,-28.99944
2973597812.5,-28.9954
2973597968.75,-29.00107
2973598125.0,-28.9932
2973598281.25,-28.98569
2973598437.5,-28.99217
2973598593.75,-28.99386
2973598750.0,-28.98861
2973598906.25,-28.98893
2973599062.5,-28.99259
2973599218.75,-28.98621
2973599375.0,-28.98276
2973599531.25,-28.98088
2973599687.5,-28.98185
2973599843.75,-28.98068
2973600000.0,-28.97768
2973600156.25,-28.97305
2973600312.5,-28.97782
2973600468.75,-28.97586
2973600625.0,-28.96918
2973600781.25,-28.97374
2973600937.5,-28.97026
2973601093.75,-28.96467
2973601250.0,-28.96527
2973601406.25,-28.96431
2973601562.5,-28.97075
2973601718.75,-28.96189
2973601875.0,-28.96602
2973602031.25,-28.96383
2973602187.5,-28.95996
2973602343.75,-28.96193
2973602500.0,-28.95866
2973602656.25,-28.96115
2973602812.5,-28.95385
2973602968.75,-28.95954
2973603125.0,-28.94934
2973603281.25,-28.95277
2973603437.5,-28.94827
2973603593.75,-28.95358
2973603750.0,-28.94845
2973603906.25,-28.947
2973604062.5,-28.94952
2973604218.75,-28.94257
2973604375.0,-28.94186
2973604531.25,-28.93782
2973604687.5,-28.93944
2973604843.75,-28.94164
2973605000.0,-28.94078
2973605156.25,-28.94186
2973605312.5,-28.94316
2973605468.75,-28.93987
2973605625.0,-28.9333
2973605781.25,-28.93466
2973605937.5,-28.93325
2973606093.75,-28.93292
2973606250.0,-28.92805
2973606406.25,-28.93189
2973606562.5,-28.9289
2973606718.75,-28.92825
2973606875.0,-28.92986
2973607031.25,-28.93045
2973607187.5,-28.92908
2973607343.75,-28.92739
2973607500.0,-28.9222
2973607656.25,-28.92235
2973607812.5,-28.92265
2973607968.75,-28.91936
2973608125.0,-28.91912
2973608281.25,-28.91882
2973608437.5,-28.9149
2973608593.75,-28.91664
2973608750.0,-28.91512
2973608906.25,-28.91671
2973609062.5,-28.91472
2973609218.75,-28.91436
2973609375.0,-28.91673
2973609531.25,-28.90884
2973609687.5,-28.91329
2973609843.75,-28.91287
2973610000.0,-28.91496
2973610156.25,-28.91252
2973610312.5,-28.90474
2973610468.75,-28.90416
2973610625.0,-28.91119
2973610781.25,-28.90464
2973610937.5,-28.90806
2973611093.75,-28.90301
2973611250.0,-28.90797
2973611406.25,-28.90308
2973611562.5,-28.90161
2973611718.75,-28.89857
2973611875.0,-28.89782
2973612031.25,-28.89986
2973612187.5,-28.90178
2973612343.75,-28.89695
2973612500.0,-28.90009
2973612656.25,-28.89597
2973612812.5,-28.89397
2973612968.75,-28.89956
2973613125.0,-28.89459
2973613281.25,-28.89348
2973613437.5,-28.89453
2973613593.75,-28.89392
2973613750.0,-28.8957
2973613906.25,-28.89332
2973614062.5,-28.89297
2973614218.75,-28.89392
2973614375.0,-28.88771
2973614531.25,-28.89279
2973614687.5,-28.88798
2973614843.75,-28.89005
2973615000.0,-28.8861
2973615156.25,-28.89003
2973615312.5,-28.88791
2973615468.75,-28.88924
2973615625.0,-28.88145
2973615781.25,-28.88572
2973615937.5,-28.88771
2973616093.75,-28.88424
2973616250.0,-28.88565
2973616406.25,-28.88743
2973616562.5,-28.88044
2973616718.75,-28.88293
2973616875.0,-28.87996
2973617031.25,-28.88456
2973617187.5,-28.8807
2973617343.75,-28.87855
2973617500.0,-28.88185
2973617656.25,-28.87958
2973617812.5,-28.87975
2973617968.75,-28.87931
2973618125.0,-28.88078
2973618281.25,-28.88079
2973618437.5,-28.87787
2973618593.75,-28.88019
2973618750.0,-28.87682
2973618906.25,-28.87234
2973619062.5,-28.87188
2973619218.75,-28.87816
2973619375.0,-28.87789
2973619531.25,-28.87634
2973619687.5,-28.88086
2973619843.75,-28.87592
2973620000.0,-28.87471
2973620156.25,-28.8729
2973620312.5,-28.86968
2973620468.75,-28.87093
2973620625.0,-28.8748
2973620781.25,-28.87754
2973620937.5,-28.87259
2973621093.75,-28.87383
2973621250.0,-28.86964
2973621406.25,-28.87339
2973621562.5,-28.87384
2973621718.75,-28.87749
2973621875.0,-28.86802
2973622031.25,-28.8766
2973622187.5,-28.87383
2973622343.75,-28.87477
2973622500.0,-28.87082
2973622656.25,-28.87153
2973622812.5,-28.86976
2973622968.75,-28.87188
2973623125.0,-28.87364
2973623281.25,-28.87508
2973623437.5,-28.87111
2973623593.75,-28.87476
2973623750.0,-28.87288
2973623906.25,-28.86981
2973624062.5,-28.87365
2973624218.75,-28.87289
2973624375.0,-28.87327
2973624531.25,-28.87246
2973624687.5,-28.86834
2973624843.75,-28.87095
2973625000.0,-28.87176
2973625156.25,-28.86846
2973625312.5,-28.86829
2973625468.75,-28.87001
2973625625.0,-28.87144
2973625781.25,-28.86981
2973625937.5,-28.87115
2973626093.75,-28.86869
2973626250.0,-28.86922
2973626406.25,-28.86655
2973626562.5,-28.86806
2973626718.75,-28.87024
2973626875.0,-28.86979
2973627031.25,-28.87347
2973627187.5,-28.87123
2973627343.75,-28.87208
2973627500.0,-28.87287
2973627656.25,-28.87636
2973627812.5,-28.87256
2973627968.75,-28.86739
2973628125.0,-28.87311
2973628281.25,-28.87306
2973628437.5,-28.87374
2973628593.75,-28.87105
2973628750.0,-28.86904
2973628906.25,-28.87649
2973629062.5,-28.87212
2973629218.75,-28.87581
2973629375.0,-28.87372
2973629531.25,-28.87151
2973629687.5,-28.87497
2973629843.75,-28.86943
2973630000.0,-28.87539
2973630156.25,-28.87522
2973630312.5,-28.87476
2973630468.75,-28.87565
2973630625.0,-28.87908
2973630781.25,-28.87554
2973630937.5,-28.87813
2973631093.75,-28.8794
2973631250.0,-28.87875
2973631406.25,-28.87589
2973631562.5,-28.87601
2973631718.75,-28.87559
2973631875.0,-28.87733
2973632031.25,-28.88054
2973632187.5,-28.88033
2973632343.75,-28.87678
2973632500.0,-28.88219
2973632656.25,-28.88151
2973632812.5,-28.87865
2973632968.75,-28.87716
2973633125.0,-28.8799
2973633281.25,-28.88673
2973633437.5,-28.88013
2973633593.75,-28.8813
2973633750.0,-28.87952
2973633906.25,-28.87788
2973634062.5,-28.88176
2973634218.75,-28.88508
2973634375.0,-28.8814
2973634531.25,-28.88104
2973634687.5,-28.88405
2973634843.75,-28.88758
2973635000.0,-28.88765
2973635156.25,-28.88575
2973635312.5,-28.88845
2973635468.75,-28.887
2973635625.0,-28.88999
2973635781.25,-28.88726
2973635937.5,-28.89373
2973636093.75,-28.88734
2973636250.0,-28.89535
2973636406.25,-28.89475
2973636562.5,-28.88752
2973636718.75,-28.88848
2973636875.0,-28.89417
2973637031.25,-28.88992
2973637187.5,-28.89267
2973637343.75,-28.89499
2973637500.0,-28.89714
2973637656.25,-28.89512
2973637812.5,-28.89952
2973637968.75,-28.89937
2973638125.0,-28.89353
2973638281.25,-28.89999
2973638437.5,-28.89733
2973638593.75,-28.89867
2973638750.0,-28.90052
2973638906.25,-28.90649
2973639062.5,-28.90487
2973639218.75,-28.90953
2973639375.0,-28.90062
2973639531.25,-28.89946
2973639687.5,-28.90357
2973639843.75,-28.90824
2973640000.0,-28.90381
2973640156.25,-28.91107
2973640312.5,-28.90689
2973640468.75,-28.91116
2973640625.0,-28.90888
2973640781.25,-28.90718
2973640937.5,-28.91185
2973641093.75,-28.91185
2973641250.0,-28.91357
2973641406.25,-28.91615
2973641562.5,-28.91711
2973641718.75,-28.91278
2973641875.0,-28.91594
2973642031.25,-28.92083
2973642187.5,-28.91619
2973642343.75,-28.91804
2973642500.0,-28.91675
2973642656.25,-28.92163
2973642812.5,-28.92202
2973642968.75,-28.92271
2973643125.0,-28.91891
2973643281.25,-28.92537
2973643437.5,-28.92214
2973643593.75,-28.92688
2973643750.0,-28.92774
2973643906.25,-28.92811
2973644062.5,-28.9317
2973644218.75,-28.93128
2973644375.0,-28.92877
2973644531.25,-28.93465
2973644687.5,-28.9324
2973644843.75,-28.93408
2973645000.0,-28.93772
2973645156.25,-28.93968
2973645312.5,-28.93578
2973645468.75,-28.94322
2973645625.0,-28.93905
2973645781.25,-28.94153
2973645937.5,-28.94359
2973646093.75,-28.9398
2973646250.0,-28.94202
2973646406.25,-28.94842
2973646562.5,-28.953
2973646718.75,-28.94302
2973646875.0,-28.95076
2973647031.25,-28.94736
2973647187.5,-28.95138
2973647343.75,-28.94633
2973647500.0,-28.95672
2973647656.25,-28.94998
2973647812.5,-28.95557
2973647968.75,-28.9571
2973648125.0,-28.95874
2973648281.25,-28.95986
2973648437.5,-28.96212
2973648593.75,-28.96017
2973648750.0,-28.9628
2973648906.25,-28.96656
2973649062.5,-28.96607
2973649218.75,-28.96537
2973649375.0,-28.97028
2973649531.25,-28.97139
2973649687.5,-28.97057
2973649843.75,-28.96779
2973650000.0,-28.97217
2973650156.25,-28.97572
2973650312.5,-28.97228
2973650468.75,-28.9772
2973650625.0,-28.97521
2973650781.25,-28.97756
2973650937.5,-28.97469
2973651093.75,-28.98082
2973651250.0,-28.98359
2973651406.25,-28.98098
2973651562.5,-28.98877
2973651718.75,-28.98936
2973651875.0,-28.99004
2973652031.25,-28.99393
2973652187.5,-28.99336
2973652343.75,-28.99678
2973652500.0,-28.99573
2973652656.25,-28.99906
2973652812.5,-28.99753
2973652968.75,-28.99496
2973653125.0,-29.00199
2973653281.25,-28.99931
2973653437.5,-28.99939
2973653593.75,-29.00088
2973653750.0,-29.0026
2973653906.25,-29.0058
2973654062.5,-29.00845
2973654218.75,-29.00891
2973654375.0,-29.0104
2973654531.25,-29.00893
2973654687.5,-29.01368
2973654843.75,-29.01719
2973655000.0,-29.0195
2973655156.25,-29.01942
2973655312.5,-29.02081
2973655468.75,-29.02777
2973655625.0,-29.02254
2973655781.25,-29.02942
2973655937.5,-29.02868
2973656093.75,-29.02637
2973656250.0,-29.03018
2973656406.25,-29.02911
2973656562.5,-29.0357
2973656718.75,-29.03668
2973656875.0,-29.03438
2973657031.25,-29.039
2973657187.5,-29.042
2973657343.75,-29.04002
2973657500.0,-29.04407
2973657656.25,-29.04367
2973657812.5,-29.04772
2973657968.75,-29.04653
2973658125.0,-29.0486
2973658281.25,-29.04817
2973658437.5,-29.0506
2973658593.75,-29.05287
2973658750.0,-29.05175
2973658906.25,-29.0572
2973659062.5,-29.06124
2973659218.75,-29.06189
2973659375.0,-29.0637
2973659531.25,-29.06463
2973659687.5,-29.0712
2973659843.75,-29.06374
2973660000.0,-29.07341
2973660156.25,-29.07162
2973660312.5,-29.07442
2973660468.75,-29.07354
2973660625.0,-29.07567
2973660781.25,-29.07986
2973660937.5,-29.08141
2973661093.75,-29.08403
2973661250.0,-29.08405
2973661406.25,-29.08717
2973661562.5,-29.087
2973661718.75,-29.0882
2973661875.0,-29.09124
2973662031.25,-29.09297
2973662187.5,-29.09133
2973662343.75,-29.09414
2973662500.0,-29.10345
2973662656.25,-29.10434
2973662812.5,-29.10431
2973662968.75,-29.1073
2973663125.0,-29.11034
2973663281.25,-29.10885
2973663437.5,-29.1097
2973663593.75,-29.10813
2973663750.0,-29.11484
2973663906.25,-29.1182
2973664062.5,-29.12142
2973664218.75,-29.11809
2973664375.0,-29.12415
2973664531.25,-29.12933
2973664687.5,-29.12863
2973664843.75,-29.13048
2973665000.0,-29.13346
2973665156.25,-29.13138
2973665312.5,-29.13789
2973665468.75,-29.13754
2973665625.0,-29.13633
2973665781.25,-29.14114
2973665937.5,-29.14684
2973666093.75,-29.14438
2973666250.0,-29.15089
2973666406.25,-29.14906
2973666562.5,-29.15337
2973666718.75,-29.15348
2973666875.0,-29.15436
2973667031.25,-29.15795
2973667187.5,-29.15948
2973667343.75,-29.16214
2973667500.0,-29.15897
2973667656.25,-29.16772
2973667812.5,-29.16805
2973667968.75,-29.16799
2973668125.0,-29.16984
2973668281.25,-29.1756
2973668437.5,-29.17069
2973668593.75,-29.178
2973668750.0,-29.18073
2973668906.25,-29.18225
2973669062.5,-29.18435
2973669218.75,-29.18732
2973669375.0,-29.18718
2973669531.25,-29.19377
2973669687.5,-29.18863
2973669843.75,-29.19646
2973670000.0,-29.19901
2973670156.25,-29.19667
2973670312.5,-29.204
2973670468.75,-29.20277
2973670625.0,-29.20794
2973670781.25,-29.20328
2973670937.5,-29.21397
2973671093.75,-29.21169
2973671250.0,-29.21751
2973671406.25,-29.22025
2973671562.5,-29.21441
2973671718.75,-29.22164
2973671875.0,-29.22331
2973672031.25,-29.22975
2973672187.5,-29.23063
2973672343.75,-29.23211
2973672500.0,-29.23405
2973672656.25,-29.23347
2973672812.5,-29.23913
2973672968.75,-29.2417
2973673125.0,-29.24152
2973673281.25,-29.24585
2973673437.5,-29.24435
2973673593.75,-29.24837
2973673750.0,-29.25474
2973673906.25,-29.25809
2973674062.5,-29.25681
2973674218.75,-29.26453
2973674375.0,-29.25775
2973674531.25,-29.26458
2973674687.5,-29.26585
2973674843.75,-29.2713
2973675000.0,-29.26845
2973675156.25,-29.26806
2973675312.5,-29.27466
2973675468.75,-29.27603
2973675625.0,-29.27893
2973675781.25,-29.27942
2973675937.5,-29.28342
2973676093.75,-29.28589
2973676250.0,-29.29091
2973676406.25,-29.29543
2973676562.5,-29.29988
2973676718.75,-29.29579
2973676875.0,-29.2999
2973677031.25,-29.30359
2973677187.5,-29.30338
2973677343.75,-29.30598
2973677500.0,-29.30813
2973677656.25,-29.31485
2973677812.5,-29.31542
2973677968.75,-29.32351
2973678125.0,-29.31339
2973678281.25,-29.3261
2973678437.5,-29.33522
2973678593.75,-29.32836
2973678750.0,-29.33206
2973678906.25,-29.33465
2973679062.5,-29.33832
2973679218.75,-29.33957
2973679375.0,-29.34328
2973679531.25,-29.34573
2973679687.5,-29.34242
2973679843.75,-29.34693
2973680000.0,-29.347
2973680156.25,-29.35603
2973680312.5,-29.35543
2973680468.75,-29.35925
2973680625.0,-29.36649
2973680781.25,-29.36676
2973680937.5,-29.36937
2973681093.75,-29.36575
2973681250.0,-29.37312
2973681406.25,-29.37324
2973681562.5,-29.37966
2973681718.75,-29.37792
2973681875.0,-29.38522
2973682031.25,-29.38398
2973682187.5,-29.3864
2973682343.75,-29.38962
2973682500.0,-29.39458
2973682656.25,-29.40178
2973682812.5,-29.39441
2973682968.75,-29.40177
2973683125.0,-29.40242
2973683281.25,-29.40411
2973683437.5,-29.41386
2973683593.75,-29.41166
2973683750.0,-29.41132
2973683906.25,-29.42179
2973684062.5,-29.42386
2973684218.75,-29.42798
2973684375.0,-29.42571
2973684531.25,-29.4314
2973684687.5,-29.43283
2973684843.75,-29.42956
2973685000.0,-29.43365
2973685156.25,-29.43766
2973685312.5,-29.44185
2973685468.75,-29.44491
2973685625.0,-29.44555
2973685781.25,-29.45249
2973685937.5,-29.45866
2973686093.75,-29.45742
2973686250.0,-29.45626
2973686406.25,-29.46051
2973686562.5,-29.46424
2973686718.75,-29.46496
2973686875.0,-29.46825
2973687031.25,-29.47518
2973687187.5,-29.47768
2973687343.75,-29.47868
2973687500.0,-29.48374
2973687656.25,-29.48037
2973687812.5,-29.485
2973687968.75,-29.48964
2973688125.0,-29.49101
2973688281.25,-29.49571
2973688437.5,-29.49729
2973688593.75,-29.49882
2973688750.0,-29.50223
2973688906.25,-29.51016
2973689062.5,-29.51534
2973689218.75,-29.51495
2973689375.0,-29.51785
2973689531.25,-29.5166
2973689687.5,-29.5235
2973689843.75,-29.53117
2973690000.0,-29.52796
2973690156.25,-29.52896
2973690312.5,-29.53471
2973690468.75,-29.53537
2973690625.0,-29.54118
2973690781.25,-29.54573
2973690937.5,-29.54641
2973691093.75,-29.55154
2973691250.0,-29.55271
2973691406.25,-29.55945
2973691562.5,-29.5555
2973691718.75,-29.56571
2973691875.0,-29.56804
2973692031.25,-29.56493
2973692187.5,-29.57296
2973692343.75,-29.57642
2973692500.0,-29.57761
2973692656.25,-29.57835
2973692812.5,-29.58588
2973692968.75,-29.5871
2973693125.0,-29.58531
2973693281.25,-29.59216
2973693437.5,-29.59258
2973693593.75,-29.60014
2973693750.0,-29.60377
2973693906.25,-29.6077
2973694062.5,-29.60858
2973694218.75,-29.60808
2973694375.0,-29.61342
2973694531.25,-29.61984
2973694687.5,-29.6206
2973694843.75,-29.61931
2973695000.0,-29.62529
2973695156.25,-29.63224
2973695312.5,-29.63547
2973695468.75,-29.64296
2973695625.0,-29.6369
2973695781.25,-29.64082
2973695937.5,-29.64546
2973696093.75,-29.64645
2973696250.0,-29.65204
2973696406.25,-29.65713
2973696562.5,-29.6636
2973696718.75,-29.65823
2973696875.0,-29.66502
2973697031.25,-29.66345
2973697187.5,-29.67066
2973697343.75,-29.6739
2973697500.0,-29.6783
2973697656.25,-29.67534
2973697812.5,-29.68445
2973697968.75,-29.69133
2973698125.0,-29.69192
2973698281.25,-29.69084
2973698437.5,-29.69565
2973698593.75,-29.69703
2973698750.0,-29.6988
2973698906.25,-29.70161
2973699062.5,-29.7081
2973699218.75,-29.71446
2973699375.0,-29.7159
2973699531.25,-29.72064
2973699687.5,-29.71711
2973699843.75,-29.72229
2973700000.0,-29.72544
2973700156.25,-29.72838
2973700312.5,-29.73326
2973700468.75,-29.73861
2973700625.0,-29.74086
2973700781.25,-29.74615
2973700937.5,-29.74436
2973701093.75,-29.75118
2973701250.0,-29.75336
2973701406.25,-29.7559
2973701562.5,-29.75901
2973701718.75,-29.76682
2973701875.0,-29.77056
2973702031.25,-29.76753
2973702187.5,-29.77272
2973702343.75,-29.77504
2973702500.0,-29.7848
2973702656.25,-29.78382
2973702812.5,-29.78466
2973702968.75,-29.78814
2973703125.0,-29.79524
2973703281.25,-29.7971
2973703437.5,-29.80177
2973703593.75,-29.80179
2973703750.0,-29.81503
2973703906.25,-29.80907
2973704062.5,-29.81597
2973704218.75,-29.81904
2973704375.0,-29.82778
2973704531.25,-29.8282
2973704687.5,-29.83058
2973704843.75,-29.82894
2973705000.0,-29.8348
2973705156.25,-29.8395
2973705312.5,-29.83287
2973705468.75,-29.8469
2973705625.0,-29.85134
2973705781.25,-29.85188
2973705937.5,-29.85752
2973706093.75,-29.85617
2973706250.0,-29.8561
2973706406.25,-29.86637
2973706562.5,-29.86838
2973706718.75,-29.86731
2973706875.0,-29.875
2973707031.25,-29.8819
2973707187.5,-29.88648
2973707343.75,-29.88422
2973707500.0,-29.88795
2973707656.25,-29.89091
2973707812.5,-29.89458
2973707968.75,-29.90037
2973708125.0,-29.90273
2973708281.25,-29.90322
2973708437.5,-29.90998
2973708593.75,-29.91177
2973708750.0,-29.91459
2973708906.25,-29.91553
2973709062.5,-29.92762
2973709218.75,-29.92819
2973709375.0,-29.93461
2973709531.25,-29.93309
2973709687.5,-29.93316
2973709843.75,-29.94169
2973710000.0,-29.9417
2973710156.25,-29.94647
2973710312.5,-29.9521
2973710468.75,-29.95919
2973710625.0,-29.9606
2973710781.25,-29.96708
2973710937.5,-29.96257
2973711093.75,-29.96675
2973711250.0,-29.97004
2973711406.25,-29.974
2973711562.5,-29.98198
2973711718.75,-29.98016
2973711875.0,-29.98502
2973712031.25,-29.99202
2973712187.5,-29.994
2973712343.75,-29.99598
2973712500.0,-30.00154
2973712656.25,-30.0015
2973712812.5,-30.00596
2973712968.75,-30.01488
2973713125.0,-30.01416
2973713281.25,-30.01845
2973713437.5,-30.02894
2973713593.75,-30.03018
2973713750.0,-30.02633
2973713906.25,-30.03051
2973714062.5,-30.03048
2973714218.75,-30.0381
2973714375.0,-30.04594
2973714531.25,-30.05103
2973714687.5,-30.04859
2973714843.75,-30.05477
2973715000.0,-30.06055
2973715156.25,-30.06376
2973715312.5,-30.06635
2973715468.75,-30.06911
2973715625.0,-30.07282
2973715781.25,-30.07805
2973715937.5,-30.08191
2973716093.75,-30.08249
2973716250.0,-30.08458
2973716406.25,-30.08472
2973716562.5,-30.09357
2973716718.75,-30.09907
2973716875.0,-30.10664
2973717031.25,-30.10399
2973717187.5,-30.10816
2973717343.75,-30.10889
2973717500.0,-30.11953
2973717656.25,-30.1177
2973717812.5,-30.12733
2973717968.75,-30.12902
2973718125.0,-30.1302
2973718281.25,-30.13193
2973718437.5,-30.13403
2973718593.75,-30.15104
2973718750.0,-30.14222
2973718906.25,-30.14799
2973719062.5,-30.15137
2973719218.75,-30.16114
2973719375.0,-30.16032
2973719531.25,-30.16579
2973719687.5,-30.16645
2973719843.75,-30.17571
2973720000.0,-30.17585
2973720156.25,-30.17771
2973720312.5,-30.18554
2973720468.75,-30.18881
2973720625.0,-30.1921
2973720781.25,-30.19409
2973720937.5,-30.19884
2973721093.75,-30.19961
2973721250.0,-30.20099
2973721406.25,-30.21054
2973721562.5,-30.21531
2973721718.75,-30.21733
2973721875.0,-30.21682
2973722031.25,-30.2249
2973722187.5,-30.2282
2973722343.75,-30.22687
2973722500.0,-30.23269
2973722656.25,-30.2387
2973722812.5,-30.24918
2973722968.75,-30.24205
2973723125.0,-30.25194
2973723281.25,-30.26284
2973723437.5,-30.26237
2973723593.75,-30.26166
2973723750.0,-30.26463
2973723906.25,-30.27111
2973724062.5,-30.27766
2973724218.75,-30.27741
2973724375.0,-30.28336
2973724531.25,-30.28131
2973724687.5,-30.28166
2973724843.75,-30.29228
2973725000.0,-30.30032
2973725156.25,-30.29976
2973725312.5,-30.30648
2973725468.75,-30.31207
2973725625.0,-30.31547
2973725781.25,-30.31394
2973725937.5,-30.3205
2973726093.75,-30.32494
2973726250.0,-30.32984
2973726406.25,-30.33185
2973726562.5,-30.33503
2973726718.75,-30.33858
2973726875.0,-30.34532
2973727031.25,-30.34223
2973727187.5,-30.34675
2973727343.75,-30.35082
2973727500.0,-30.35531
2973727656.25,-30.36217
2973727812.5,-30.37266
2973727968.75,-30.36308
2973728125.0,-30.37039
2973728281.25,-30.37358
2973728437.5,-30.3845
2973728593.75,-30.37972
2973728750.0,-30.39319
2973728906.25,-30.39087
2973729062.5,-30.40171
2973729218.75,-30.40137
2973729375.0,-30.40443
2973729531.25,-30.40728
2973729687.5,-30.40778
2973729843.75,-30.41884
2973730000.0,-30.42053
2973730156.25,-30.41715
2973730312.5,-30.42429
2973730468.75,-30.43087
2973730625.0,-30.43313
2973730781.25,-30.43775
2973730937.5,-30.43996
2973731093.75,-30.44621
2973731250.0,-30.4435
2973731406.25,-30.45586
2973731562.5,-30.45957
2973731718.75,-30.46368
2973731875.0,-30.46306
2973732031.25,-30.47554
2973732187.5,-30.47697
2973732343.75,-30.47597
2973732500.0,-30.48265
2973732656.25,-30.48324
2973732812.5,-30.49089
2973732968.75,-30.4908
2973733125.0,-30.50066
2973733281.25,-30.50397
2973733437.5,-30.50412
2973733593.75,-30.51614
2973733750.0,-30.51106
2973733906.25,-30.51998
2973734062.5,-30.52421
2973734218.75,-30.52128
2973734375.0,-30.52952
2973734531.25,-30.53601
2973734687.5,-30.54106
2973734843.75,-30.54063
2973735000.0,-30.5532
2973735156.25,-30.5438
2973735312.5,-30.5486
2973735468.75,-30.55439
2973735625.0,-30.55897
2973735781.25,-30.56825
2973735937.5,-30.56648
2973736093.75,-30.57327
2973736250.0,-30.5875
2973736406.25,-30.58492
2973736562.5,-30.58313
2973736718.75,-30.58558
2973736875.0,-30.59252
2973737031.25,-30.59628
2973737187.5,-30.60328
2973737343.75,-30.59595
2973737500.0,-30.60463
2973737656.25,-30.60959
2973737812.5,-30.61371
2973737968.75,-30.62242
2973738125.0,-30.62823
2973738281.25,-30.63
2973738437.5,-30.63057
2973738593.75,-30.64482
2973738750.0,-30.63956
2973738906.25,-30.64127
2973739062.5,-30.65591
2973739218.75,-30.65539
2973739375.0,-30.65825
2973739531.25,-30.65726
2973739687.5,-30.66562
2973739843.75,-30.66723
2973740000.0,-30.68011
2973740156.25,-30.67548
2973740312.5,-30.67512
2973740468.75,-30.68576
2973740625.0,-30.68642
2973740781.25,-30.69412
2973740937.5,-30.69986
2973741093.75,-30.70768
2973741250.0,-30.70231
2973741406.25,-30.70768
2973741562.5,-30.7153
2973741718.75,-30.71621
2973741875.0,-30.72041
2973742031.25,-30.72887
2973742187.5,-30.72743
2973742343.75,-30.73197
2973742500.0,-30.73329
2973742656.25,-30.74338
2973742812.5,-30.74368
2973742968.75,-30.74286
2973743125.0,-30.75277
2973743281.25,-30.75957
2973743437.5,-30.76183
2973743593.75,-30.76665
2973743750.0,-30.76374
2973743906.25,-30.77094
2973744062.5,-30.77522
2973744218.75,-30.77957
2973744375.0,-30.7915
2973744531.25,-30.78588
2973744687.5,-30.79423
2973744843.75,-30.79915
2973745000.0,-30.80066
2973745156.25,-30.80466
2973745312.5,-30.8124
2973745468.75,-30.81345
2973745625.0,-30.81892
2973745781.25,-30.81566
2973745937.5,-30.82495
2973746093.75,-30.83302
2973746250.0,-30.83455
2973746406.25,-30.83788
2973746562.5,-30.84378
2973746718.75,-30.85012
2973746875.0,-30.85273
2973747031.25,-30.86046
2973747187.5,-30.85532
2973747343.75,-30.86718
2973747500.0,-30.866
2973747656.25,-30.87177
2973747812.5,-30.87595
2973747968.75,-30.88423
2973748125.0,-30.88117
2973748281.25,-30.88641
2973748437.5,-30.89154
2973748593.75,-30.89396
2973748750.0,-30.89572
2973748906.25,-30.89672
2973749062.5,-30.90825
2973749218.75,-30.90849
2973749375.0,-30.91083
2973749531.25,-30.91649
2973749687.5,-30.9231
2973749843.75,-30.9252
2973750000.0,-30.93022
2973750156.25,-30.93484
2973750312.5,-30.94194
2973750468.75,-30.94415
2973750625.0,-30.94932
2973750781.25,-30.95053
2973750937.5,-30.95601
2973751093.75,-30.96437
2973751250.0,-30.96858
2973751406.25,-30.97497
2973751562.5,-30.97243
2973751718.75,-30.97639
2973751875.0,-30.97819
2973752031.25,-30.98506
2973752187.5,-30.99229
2973752343.75,-30.99965
2973752500.0,-31.00129
2973752656.25,-31.0006
2973752812.5,-31.00679
2973752968.75,-31.01143
2973753125.0,-31.01126
2973753281.25,-31.02034
2973753437.5,-31.02896
2973753593.75,-31.02761
2973753750.0,-31.03397
2973753906.25,-31.03718
2973754062.5,-31.03985
2973754218.75,-31.04527
2973754375.0,-31.04929
2973754531.25,-31.05685
2973754687.5,-31.05962
2973754843.75,-31.06124
2973755000.0,-31.06418
2973755156.25,-31.0699
2973755312.5,-31.0744
2973755468.75,-31.07765
2973755625.0,-31.08122
2973755781.25,-31.08481
2973755937.5,-31.0859
2973756093.75,-31.09648
2973756250.0,-31.09722
2973756406.25,-31.10462
2973756562.5,-31.10499
2973756718.75,-31.10569
2973756875.0,-31.11214
2973757031.25,-31.12587
2973757187.5,-31.12862
2973757343.75,-31.12426
2973757500.0,-31.12996
2973757656.25,-31.13568
2973757812.5,-31.14697
2973757968.75,-31.14771
2973758125.0,-31.14973
2973758281.25,-31.14092
2973758437.5,-31.16558
2973758593.75,-31.16477
2973758750.0,-31.16578
2973758906.25,-31.16553
2973759062.5,-31.17393
2973759218.75,-31.1774
2973759375.0,-31.18402
2973759531.25,-31.18734
2973759687.5,-31.186
2973759843.75,-31.19354
2973760000.0,-31.19582
2973760156.25,-31.20245
2973760312.5,-31.21165
2973760468.75,-31.21737
2973760625.0,-31.21125
2973760781.25,-31.22386
2973760937.5,-31.22615
2973761093.75,-31.23071
2973761250.0,-31.23155
2973761406.25,-31.23312
2973761562.5,-31.24038
2973761718.75,-31.2466
2973761875.0,-31.24802
2973762031.25,-31.25349
2973762187.5,-31.2517
2973762343.75,-31.2602
2973762500.0,-31.26278
2973762656.25,-31.271
2973762812.5,-31.27472
2973762968.75,-31.28044
2973763125.0,-31.28288
2973763281.25,-31.28879
2973763437.5,-31.29397
2973763593.75,-31.29786
2973763750.0,-31.30147
2973763906.25,-31.30743
2973764062.5,-31.31495
2973764218.75,-31.30991
2973764375.0,-31.3133
2973764531.25,-31.32135
2973764687.5,-31.32262
2973764843.75,-31.33194
2973765000.0,-31.33415
2973765156.25,-31.33978
2973765312.5,-31.33965
2973765468.75,-31.34794
2973765625.0,-31.34913
2973765781.25,-31.3538
2973765937.5,-31.36307
2973766093.75,-31.35505
2973766250.0,-31.36981
2973766406.25,-31.37099
2973766562.5,-31.36955
2973766718.75,-31.3712
2973766875.0,-31.38257
2973767031.25,-31.38893
2973767187.5,-31.39297
2973767343.75,-31.39897
2973767500.0,-31.40238
2973767656.25,-31.40241
2973767812.5,-31.40154
2973767968.75,-31.41348
2973768125.0,-31.41497
2973768281.25,-31.41888
2973768437.5,-31.41926
2973768593.75,-31.43276
2973768750.0,-31.43101
2973768906.25,-31.43621
2973769062.5,-31.43577
2973769218.75,-31.44652
2973769375.0,-31.44618
2973769531.25,-31.45582
2973769687.5,-31.45839
2973769843.75,-31.46499
2973770000.0,-31.47057
2973770156.25,-31.47091
2973770312.5,-31.47884
2973770468.75,-31.48241
2973770625.0,-31.48257
2973770781.25,-31.49096
2973770937.5,-31.49435
2973771093.75,-31.49589
2973771250.0,-31.5057
2973771406.25,-31.50403
2973771562.5,-31.50844
2973771718.75,-31.51009
2973771875.0,-31.51461
2973772031.25,-31.52089
2973772187.5,-31.52627
2973772343.75,-31.52899
2973772500.0,-31.53496
2973772656.25,-31.53276
2973772812.5,-31.54134
2973772968.75,-31.54694
2973773125.0,-31.55632
2973773281.25,-31.55571
2973773437.5,-31.55725
2973773593.75,-31.56295
2973773750.0,-31.56516
2973773906.25,-31.57213
2973774062.5,-31.57652
2973774218.75,-31.58596
2973774375.0,-31.58724
2973774531.25,-31.59159
2973774687.5,-31.59481
2973774843.75,-31.59853
2973775000.0,-31.6034
2973775156.25,-31.60655
2973775312.5,-31.61301
2973775468.75,-31.6098
2973775625.0,-31.61959
2973775781.25,-31.62486
2973775937.5,-31.62617
2973776093.75,-31.63332
2973776250.0,-31.63428
2973776406.25,-31.63838
2973776562.5,-31.65263
2973776718.75,-31.65156
2973776875.0,-31.6574
2973777031.25,-31.65839
2973777187.5,-31.66031
2973777343.75,-31.66893
2973777500.0,-31.66654
2973777656.25,-31.67402
2973777812.5,-31.67805
2973777968.75,-31.67588
2973778125.0,-31.68578
2973778281.25,-31.68786
2973778437.5,-31.69448
2973778593.75,-31.70341
2973778750.0,-31.70459
2973778906.25,-31.71477
2973779062.5,-31.71728
2973779218.75,-31.7154
2973779375.0,-31.72541
2973779531.25,-31.72228
2973779687.5,-31.72812
2973779843.75,-31.73554
2973780000.0,-31.73577
2973780156.25,-31.74506
2973780312.5,-31.74368
2973780468.75,-31.74674
2973780625.0,-31.75459
2973780781.25,-31.75324
2973780937.5,-31.76606
2973781093.75,-31.769
2973781250.0,-31.77187
2973781406.25,-31.77934
2973781562.5,-31.7802
2973781718.75,-31.79037
2973781875.0,-31.79236
2973782031.25,-31.78639
2973782187.5,-31.79633
2973782343.75,-31.80168
2973782500.0,-31.80935
2973782656.25,-31.81406
2973782812.5,-31.81127
2973782968.75,-31.81673
2973783125.0,-31.81971
2973783281.25,-31.82557
2973783437.5,-31.83449
2973783593.75,-31.83711
2973783750.0,-31.83823
2973783906.25,-31.83919
2973784062.5,-31.84914
2973784218.75,-31.84789
2973784375.0,-31.85874
2973784531.25,-31.85736
2973784687.5,-31.86004
2973784843.75,-31.86518
2973785000.0,-31.87774
2973785156.25,-31.8727
2973785312.5,-31.88533
2973785468.75,-31.89458
2973785625.0,-31.89079
2973785781.25,-31.89345
2973785937.5,-31.8966
2973786093.75,-31.90757
2973786250.0,-31.90648
2973786406.25,-31.90688
2973786562.5,-31.92288
2973786718.75,-31.92016
2973786875.0,-31.92662
2973787031.25,-31.93349
2973787187.5,-31.93052
2973787343.75,-31.94287
2973787500.0,-31.94444
2973787656.25,-31.94887
2973787812.5,-31.94519
2973787968.75,-31.9534
2973788125.0,-31.96221
2973788281.25,-31.95473
2973788437.5,-31.96157
2973788593.75,-31.97245
2973788750.0,-31.97825
2973788906.25,-31.98328
2973789062.5,-31.98069
2973789218.75,-31.9883
2973789375.0,-31.99029
2973789531.25,-31.99513
2973789687.5,-32.00513
2973789843.75,-32.00453
2973790000.0,-32.00269
2973790156.25,-32.01479
2973790312.5,-32.00898
2973790468.75,-32.021
2973790625.0,-32.02626
2973790781.25,-32.02966
2973790937.5,-32.03193
2973791093.75,-32.02759
2973791250.0,-32.04648
2973791406.25,-32.04876
2973791562.5,-32.05544
2973791718.75,-32.05357
2973791875.0,-32.06084
2973792031.25,-32.05808
2973792187.5,-32.06219
2973792343.75,-32.06736
2973792500.0,-32.07116
2973792656.25,-32.07054
2973792812.5,-32.08102
2973792968.75,-32.08157
2973793125.0,-32.08463
2973793281.25,-32.09682
2973793437.5,-32.1069
2973793593.75,-32.10479
2973793750.0,-32.11342
2973793906.25,-32.11366
2973794062.5,-32.12091
2973794218.75,-32.12889
2973794375.0,-32.11974
2973794531.25,-32.13544
2973794687.5,-32.13475
2973794843.75,-32.1366
2973795000.0,-32.1407
2973795156.25,-32.144
2973795312.5,-32.14701
2973795468.75,-32.15932
2973795625.0,-32.1565
2973795781.25,-32.17195
2973795937.5,-32.17088
2973796093.75,-32.17152
2973796250.0,-32.1831
2973796406.25,-32.18369
2973796562.5,-32.19135
2973796718.75,-32.18754
2973796875.0,-32.20025
2973797031.25,-32.20171
2973797187.5,-32.2093
2973797343.75,-32.20678
2973797500.0,-32.21619
2973797656.25,-32.21944
2973797812.5,-32.21616
2973797968.75,-32.22822
2973798125.0,-32.22718
2973798281.25,-32.23148
2973798437.5,-32.23978
2973798593.75,-32.24088
2973798750.0,-32.24635
2973798906.25,-32.24793
2973799062.5,-32.25594
2973799218.75,-32.26779
2973799375.0,-32.26129
2973799531.25,-32.26615
2973799687.5,-32.27481
2973799843.75,-32.27062
2973800000.0,-32.28075
2973800156.25,-32.29015
2973800312.5,-32.2849
2973800468.75,-32.29001
2973800625.0,-32.29743
2973800781.25,-32.30076
2973800937.5,-32.30648
2973801093.75,-32.30738
2973801250.0,-32.3159
2973801406.25,-32.31759
2973801562.5,-32.31779
2973801718.75,-32.33052
2973801875.0,-32.3312
2973802031.25,-32.33196
2973802187.5,-32.34025
2973802343.75,-32.3461
2973802500.0,-32.34395
2973802656.25,-32.3557
2973802812.5,-32.34785
2973802968.75,-32.35591
2973803125.0,-32.36482
2973803281.25,-32.36789
2973803437.5,-32.37087
2973803593.75,-32.37967
2973803750.0,-32.37944
2973803906.25,-32.38614
2973804062.5,-32.39076
2973804218.75,-32.39446
2973804375.0,-32.40321
2973804531.25,-32.40236
2973804687.5,-32.40998
2973804843.75,-32.41114
2973805000.0,-32.40845
2973805156.25,-32.41763
2973805312.5,-32.42037
2973805468.75,-32.42575
2973805625.0,-32.43732
2973805781.25,-32.42747
2973805937.5,-32.43622
2973806093.75,-32.44611
2973806250.0,-32.45226
2973806406.25,-32.44956
2973806562.5,-32.45684
2973806718.75,-32.4571
2973806875.0,-32.46321
2973807031.25,-32.46265
2973807187.5,-32.47034
2973807343.75,-32.48064
2973807500.0,-32.48137
2973807656.25,-32.48246
2973807812.5,-32.49024
2973807968.75,-32.49865
2973808125.0,-32.49471
2973808281.25,-32.50089
2973808437.5,-32.50967
2973808593.75,-32.50635
2973808750.0,-32.51633
2973808906.25,-32.51712
2973809062.5,-32.5228
2973809218.75,-32.52738
2973809375.0,-32.53202
2973809531.25,-32.53784
2973809687.5,-32.54178
2973809843.75,-32.5558
2973810000.0,-32.54714
2973810156.25,-32.54988
2973810312.5,-32.55808
2973810468.75,-32.55698
2973810625.0,-32.55929
2973810781.25,-32.57331
2973810937.5,-32.57452
2973811093.75,-32.58377
2973811250.0,-32.58555
2973811406.25,-32.58355
2973811562.5,-32.5929
2973811718.75,-32.59211
2973811875.0,-32.59866
2973812031.25,-32.60166
2973812187.5,-32.60975
2973812343.75,-32.61277
2973812500.0,-32.6092
2973812656.25,-32.62344
2973812812.5,-32.62728
2973812968.75,-32.6287
2973813125.0,-32.62712
2973813281.25,-32.63446
2973813437.5,-32.64299
2973813593.75,-32.64695
2973813750.0,-32.64435
2973813906.25,-32.65672
2973814062.5,-32.65614
2973814218.75,-32.65905
2973814375.0,-32.65833
2973814531.25,-32.66751
2973814687.5,-32.67322
2973814843.75,-32.67746
2973815000.0,-32.6784
2973815156.25,-32.68713
2973815312.5,-32.6979
2973815468.75,-32.69699
2973815625.0,-32.69682
2973815781.25,-32.70802
2973815937.5,-32.70982
2973816093.75,-32.71449
2973816250.0,-32.70895
2973816406.25,-32.71743
2973816562.5,-32.7175
2973816718.75,-32.73529
2973816875.0,-32.7337
2973817031.25,-32.73757
2973817187.5,-32.74133
2973817343.75,-32.74523
2973817500.0,-32.7524
2973817656.25,-32.75506
2973817812.5,-32.75704
2973817968.75,-32.75418
2973818125.0,-32.76477
2973818281.25,-32.77178
2973818437.5,-32.77964
2973818593.75,-32.78326
2973818750.0,-32.78468
2973818906.25,-32.77616
2973819062.5,-32.79316
2973819218.75,-32.7978
2973819375.0,-32.80101
2973819531.25,-32.80762
2973819687.5,-32.80679
2973819843.75,-32.81321
2973820000.0,-32.81757
2973820156.25,-32.81456
2973820312.5,-32.82364
2973820468.75,-32.82691
2973820625.0,-32.82722
2973820781.25,-32.84079
2973820937.5,-32.84285
2973821093.75,-32.84077
2973821250.0,-32.84483
2973821406.25,-32.84724
2973821562.5,-32.85823
2973821718.75,-32.86475
2973821875.0,-32.86515
2973822031.25,-32.87395
2973822187.5,-32.87449
2973822343.75,-32.87437
2973822500.0,-32.88382
2973822656.25,-32.88547
2973822812.5,-32.88522
2973822968.75,-32.89814
2973823125.0,-32.89196
2973823281.25,-32.90691
2973823437.5,-32.9113
2973823593.75,-32.91219
2973823750.0,-32.90741
2973823906.25,-32.91842
2973824062.5,-32.91498
2973824218.75,-32.93547
2973824375.0,-32.93766
2973824531.25,-32.94468
2973824687.5,-32.94485
2973824843.75,-32.93931
2973825000.0,-32.95251
2973825156.25,-32.95956
2973825312.5,-32.95177
2973825468.75,-32.95474
2973825625.0,-32.96392
2973825781.25,-32.9648
2973825937.5,-32.96537
2973826093.75,-32.97642
2973826250.0,-32.97985
2973826406.25,-32.97877
2973826562.5,-32.98618
2973826718.75,-32.99129
2973826875.0,-33.00354
2973827031.25,-33.00325
2973827187.5,-33.00374
2973827343.75,-33.00903
2973827500.0,-33.01376
2973827656.25,-33.01851
2973827812.5,-33.02714
2973827968.75,-33.03065
2973828125.0,-33.04055
2973828281.25,-33.03962
2973828437.5,-33.03204
2973828593.75,-33.04759
2973828750.0,-33.04671
2973828906.25,-33.04821
2973829062.5,-33.05762
2973829218.75,-33.05542
2973829375.0,-33.0671
2973829531.25,-33.06975
2973829687.5,-33.06873
2973829843.75,-33.07307
2973830000.0,-33.07369
2973830156.25,-33.07946
2973830312.5,-33.08801
2973830468.75,-33.09686
2973830625.0,-33.09689
2973830781.25,-33.10156
2973830937.5,-33.1076
2973831093.75,-33.10996
2973831250.0,-33.1235
2973831406.25,-33.11721
2973831562.5,-33.1158
2973831718.75,-33.12579
2973831875.0,-33.12642
2973832031.25,-33.135
2973832187.5,-33.13297
2973832343.75,-33.1346
2973832500.0,-33.14208
2973832656.25,-33.14627
2973832812.5,-33.15382
2973832968.75,-33.16423
2973833125.0,-33.15883
2973833281.25,-33.16174
2973833437.5,-33.16531
2973833593.75,-33.18235
2973833750.0,-33.18476
2973833906.25,-33.18277
2973834062.5,-33.18478
2973834218.75,-33.19417
2973834375.0,-33.1975
2973834531.25,-33.1987
2973834687.5,-33.20095
2973834843.75,-33.21065
2973835000.0,-33.21273
2973835156.25,-33.2172
2973835312.5,-33.22394
2973835468.75,-33.22469
2973835625.0,-33.22407
2973835781.25,-33.22939
2973835937.5,-33.23304
2973836093.75,-33.2389
2973836250.0,-33.24182
2973836406.25,-33.24046
2973836562.5,-33.25196
2973836718.75,-33.2488
2973836875.0,-33.24956
2973837031.25,-33.26453
2973837187.5,-33.27358
2973837343.75,-33.27275
2973837500.0,-33.26999
2973837656.25,-33.27543
2973837812.5,-33.28968
2973837968.75,-33.28893
2973838125.0,-33.2958
2973838281.25,-33.30347
2973838437.5,-33.30357
2973838593.75,-33.31081
2973838750.0,-33.30659
2973838906.25,-33.31018
2973839062.5,-33.3219
2973839218.75,-33.32192
2973839375.0,-33.32301
2973839531.25,-33.3316
2973839687.5,-33.32889
2973839843.75,-33.33858
2973840000.0,-33.33881
2973840156.25,-33.35057
2973840312.5,-33.35218
2973840468.75,-33.34755
2973840625.0,-33.36116
2973840781.25,-33.35476
2973840937.5,-33.36037
2973841093.75,-33.36603
2973841250.0,-33.37056
2973841406.25,-33.37847
2973841562.5,-33.39015
2973841718.75,-33.38683
2973841875.0,-33.39541
2973842031.25,-33.39715
2973842187.5,-33.39389
2973842343.75,-33.39981
2973842500.0,-33.40216
2973842656.25,-33.41232
2973842812.5,-33.41278
2973842968.75,-33.42042
2973843125.0,-33.42186
2973843281.25,-33.42551
2973843437.5,-33.42803
2973843593.75,-33.43501
2973843750.0,-33.43539
2973843906.25,-33.44639
2973844062.5,-33.4474
2973844218.75,-33.44993
2973844375.0,-33.45459
2973844531.25,-33.46516
2973844687.5,-33.46859
2973844843.75,-33.47671
2973845000.0,-33.47385
2973845156.25,-33.47575
2973845312.5,-33.47766
2973845468.75,-33.48103
2973845625.0,-33.48647
2973845781.25,-33.49857
2973845937.5,-33.499
2973846093.75,-33.49248
2973846250.0,-33.50959
2973846406.25,-33.50483
2973846562.5,-33.5131
2973846718.75,-33.51256
2973846875.0,-33.52332
2973847031.25,-33.52486
2973847187.5,-33.52571
2973847343.75,-33.52911
2973847500.0,-33.53099
2973847656.25,-33.53718
2973847812.5,-33.54438
2973847968.75,-33.54489
2973848125.0,-33.55046
2973848281.25,-33.55957
2973848437.5,-33.55295
2973848593.75,-33.56247
2973848750.0,-33.56228
2973848906.25,-33.56466
2973849062.5,-33.57613
2973849218.75,-33.56196
2973849375.0,-33.5815
2973849531.25,-33.58505
2973849687.5,-33.59224
2973849843.75,-33.59945
2973850000.0,-33.60208
2973850156.25,-33.60645
2973850312.5,-33.61069
2973850468.75,-33.619
2973850625.0,-33.61342
2973850781.25,-33.62415
2973850937.5,-33.62323
2973851093.75,-33.62026
2973851250.0,-33.63356
2973851406.25,-33.63235
2973851562.5,-33.63855
2973851718.75,-33.64042
2973851875.0,-33.64225
2973852031.25,-33.6514
2973852187.5,-33.66267
2973852343.75,-33.65732
2973852500.0,-33.66884
2973852656.25,-33.67224
2973852812.5,-33.67236
2973852968.75,-33.67725
2973853125.0,-33.68482
2973853281.25,-33.68265
2973853437.5,-33.68031
2973853593.75,-33.68163
2973853750.0,-33.70349
2973853906.25,-33.69907
2973854062.5,-33.71006
2973854218.75,-33.70603
2973854375.0,-33.70689
2973854531.25,-33.70287
2973854687.5,-33.71621
2973854843.75,-33.73095
2973855000.0,-33.72198
2973855156.25,-33.72795
2973855312.5,-33.74227
2973855468.75,-33.74519
2973855625.0,-33.75541
2973855781.25,-33.74592
2973855937.5,-33.74563
2973856093.75,-33.75345
2973856250.0,-33.75666
2973856406.25,-33.76476
2973856562.5,-33.76922
2973856718.75,-33.77457
2973856875.0,-33.77341
2973857031.25,-33.77804
2973857187.5,-33.7869
2973857343.75,-33.79104
2973857500.0,-33.79649
2973857656.25,-33.79396
2973857812.5,-33.80032
2973857968.75,-33.79848
2973858125.0,-33.81023
2973858281.25,-33.80692
2973858437.5,-33.80817
2973858593.75,-33.81529
2973858750.0,-33.81594
2973858906.25,-33.82379
2973859062.5,-33.82249
2973859218.75,-33.82528
2973859375.0,-33.83386
2973859531.25,-33.84108
2973859687.5,-33.84157
2973859843.75,-33.84624
2973860000.0,-33.85379
2973860156.25,-33.85478
2973860312.5,-33.86656
2973860468.75,-33.86972
2973860625.0,-33.87071
2973860781.25,-33.87788
2973860937.5,-33.86674
2973861093.75,-33.88319
2973861250.0,-33.87807
2973861406.25,-33.8885
2973861562.5,-33.89129
2973861718.75,-33.89458
2973861875.0,-33.90146
2973862031.25,-33.90606
2973862187.5,-33.9114
2973862343.75,-33.90222
2973862500.0,-33.92002
2973862656.25,-33.92037
2973862812.5,-33.93004
2973862968.75,-33.92285
2973863125.0,-33.93621
2973863281.25,-33.93948
2973863437.5,-33.93898
2973863593.75,-33.9414
2973863750.0,-33.94588
2973863906.25,-33.94346
2973864062.5,-33.95784
2973864218.75,-33.95999
2973864375.0,-33.96099
2973864531.25,-33.96334
2973864687.5,-33.96778
2973864843.75,-33.97459
2973865000.0,-33.97469
2973865156.25,-33.98065
2973865312.5,-33.98762
2973865468.75,-33.98684
2973865625.0,-33.9968
2973865781.25,-33.99972
2973865937.5,-33.99449
2973866093.75,-34.00094
2973866250.0,-34.00953
2973866406.25,-34.01635
2973866562.5,-34.01596
2973866718.75,-34.02229
2973866875.0,-34.02003
2973867031.25,-34.02386
2973867187.5,-34.03294
2973867343.75,-34.04203
2973867500.0,-34.03709
2973867656.25,-34.04139
2973867812.5,-34.05379
2973867968.75,-34.0589
2973868125.0,-34.05923
2973868281.25,-34.06507
2973868437.5,-34.05932
2973868593.75,-34.06885
2973868750.0,-34.06102
2973868906.25,-34.07156
2973869062.5,-34.07684
2973869218.75,-34.09118
2973869375.0,-34.08893
2973869531.25,-34.08946
2973869687.5,-34.0932
2973869843.75,-34.09961
2973870000.0,-34.09966
2973870156.25,-34.11176
2973870312.5,-34.10783
2973870468.75,-34.10924
2973870625.0,-34.11618
2973870781.25,-34.13483
2973870937.5,-34.13282
2973871093.75,-34.13172
2973871250.0,-34.13314
2973871406.25,-34.13213
2973871562.5,-34.1408
2973871718.75,-34.14471
2973871875.0,-34.13889
2973872031.25,-34.16243
2973872187.5,-34.15604
2973872343.75,-34.16425
2973872500.0,-34.16845
2973872656.25,-34.17133
2973872812.5,-34.17502
2973872968.75,-34.17337
2973873125.0,-34.17726
2973873281.25,-34.18089
2973873437.5,-34.18229
2973873593.75,-34.19737
2973873750.0,-34.19065
2973873906.25,-34.19926
2973874062.5,-34.20496
2973874218.75,-34.20449
2973874375.0,-34.21284
2973874531.25,-34.21459
2973874687.5,-34.22523
2973874843.75,-34.2219
2973875000.0,-34.22406
2973875156.25,-34.22726
2973875312.5,-34.23553
2973875468.75,-34.24216
2973875625.0,-34.24334
2973875781.25,-34.24747
2973875937.5,-34.24588
2973876093.75,-34.25478
2973876250.0,-34.25314
2973876406.25,-34.26096
2973876562.5,-34.26203
2973876718.75,-34.26617
2973876875.0,-34.26607
2973877031.25,-34.27919
2973877187.5,-34.27639
2973877343.75,-34.28811
2973877500.0,-34.28728
2973877656.25,-34.28184
2973877812.5,-34.29781
2973877968.75,-34.29517
2973878125.0,-34.29737
2973878281.25,-34.29898
2973878437.5,-34.30855
2973878593.75,-34.31907
2973878750.0,-34.31939
2973878906.25,-34.32829
2973879062.5,-34.32434
2973879218.75,-34.32381
2973879375.0,-34.33881
2973879531.25,-34.34032
2973879687.5,-34.33241
2973879843.75,-34.34733
2973880000.0,-34.3495
2973880156.25,-34.36053
2973880312.5,-34.35685
2973880468.75,-34.36176
2973880625.0,-34.35623
2973880781.25,-34.36633
2973880937.5,-34.36634
2973881093.75,-34.3784
2973881250.0,-34.37813
2973881406.25,-34.37704
2973881562.5,-34.38871
2973881718.75,-34.39218
2973881875.0,-34.39156
2973882031.25,-34.39878
2973882187.5,-34.39437
2973882343.75,-34.39846
2973882500.0,-34.40855
2973882656.25,-34.41391
2973882812.5,-34.41713
2973882968.75,-34.42182
2973883125.0,-34.4232
2973883281.25,-34.42849
2973883437.5,-34.43806
2973883593.75,-34.43979
2973883750.0,-34.4368
2973883906.25,-34.44178
2973884062.5,-34.45407
2973884218.75,-34.4413
2973884375.0,-34.45173
2973884531.25,-34.45268
2973884687.5,-34.46656
2973884843.75,-34.46534
2973885000.0,-34.47214
2973885156.25,-34.47991
2973885312.5,-34.47015
2973885468.75,-34.46565
2973885625.0,-34.48391
2973885781.25,-34.48308
2973885937.5,-34.49495
2973886093.75,-34.49198
2973886250.0,-34.50081
2973886406.25,-34.50248
2973886562.5,-34.50837
2973886718.75,-34.51108
2973886875.0,-34.51632
2973887031.25,-34.51722
2973887187.5,-34.52367
2973887343.75,-34.52174
2973887500.0,-34.53436
2973887656.25,-34.53313
2973887812.5,-34.54438
2973887968.75,-34.53584
2973888125.0,-34.54874
2973888281.25,-34.55339
2973888437.5,-34.55762
2973888593.75,-34.55594
2973888750.0,-34.5622
2973888906.25,-34.56106
2973889062.5,-34.5758
2973889218.75,-34.57106
2973889375.0,-34.57107
2973889531.25,-34.57452
2973889687.5,-34.58497
2973889843.75,-34.58766
2973890000.0,-34.59261
2973890156.25,-34.59208
2973890312.5,-34.60229
2973890468.75,-34.60144
2973890625.0,-34.59926
2973890781.25,-34.61196
2973890937.5,-34.60796
2973891093.75,-34.6105
2973891250.0,-34.62416
2973891406.25,-34.62434
2973891562.5,-34.62958
2973891718.75,-34.63534
2973891875.0,-34.63423
2973892031.25,-34.63837
2973892187.5,-34.6408
2973892343.75,-34.64159
2973892500.0,-34.65691
2973892656.25,-34.64728
2973892812.5,-34.66031
2973892968.75,-34.65457
2973893125.0,-34.66931
2973893281.25,-34.66744
2973893437.5,-34.67219
2973893593.75,-34.67415
2973893750.0,-34.6712
2973893906.25,-34.69266
2973894062.5,-34.69653
2973894218.75,-34.6894
2973894375.0,-34.68883
2973894531.25,-34.70264
2973894687.5,-34.70311
2973894843.75,-34.69695
2973895000.0,-34.7146
2973895156.25,-34.71251
2973895312.5,-34.71877
2973895468.75,-34.71851
2973895625.0,-34.7309
2973895781.25,-34.73671
2973895937.5,-34.72479
2973896093.75,-34.73289
2973896250.0,-34.73689
2973896406.25,-34.74195
2973896562.5,-34.74226
2973896718.75,-34.74547
2973896875.0,-34.75087
2973897031.25,-34.75767
2973897187.5,-34.7518
2973897343.75,-34.76644
2973897500.0,-34.76801
2973897656.25,-34.77115
2973897812.5,-34.77267
2973897968.75,-34.78151
2973898125.0,-34.78256
2973898281.25,-34.78258
2973898437.5,-34.79715
2973898593.75,-34.8025
2973898750.0,-34.79617
2973898906.25,-34.79176
2973899062.5,-34.80354
2973899218.75,-34.8111
2973899375.0,-34.81012
2973899531.25,-34.82104
2973899687.5,-34.82544
2973899843.75,-34.82589
2973900000.0,-34.8255
2973900156.25,-34.83453
2973900312.5,-34.82958
2973900468.75,-34.84714
2973900625.0,-34.84313
2973900781.25,-34.84564
2973900937.5,-34.84935
2973901093.75,-34.85448
2973901250.0,-34.86128
2973901406.25,-34.85519
2973901562.5,-34.86043
2973901718.75,-34.86905
2973901875.0,-34.87625
2973902031.25,-34.86736
2973902187.5,-34.88266
2973902343.75,-34.87952
2973902500.0,-34.89143
2973902656.25,-34.88735
2973902812.5,-34.8999
2973902968.75,-34.89935
2973903125.0,-34.90351
2973903281.25,-34.9057
2973903437.5,-34.90789
2973903593.75,-34.91959
2973903750.0,-34.92263
2973903906.25,-34.91417
2973904062.5,-34.92111
2973904218.75,-34.92968
2973904375.0,-34.93146
2973904531.25,-34.92751
2973904687.5,-34.93961
2973904843.75,-34.94191
2973905000.0,-34.94472
2973905156.25,-34.95118
2973905312.5,-34.95948
2973905468.75,-34.95416
2973905625.0,-34.95961
2973905781.25,-34.97355
2973905937.5,-34.96911
2973906093.75,-34.97464
2973906250.0,-34.97145
2973906406.25,-34.97927
2973906562.5,-34.97872
2973906718.75,-34.98707
2973906875.0,-34.98703
2973907031.25,-34.99702
2973907187.5,-34.99126
2973907343.75,-35.00141
2973907500.0,-35.00759
2973907656.25,-35.01071
2973907812.5,-35.01134
2973907968.75,-35.01881
2973908125.0,-35.0186
2973908281.25,-35.02763
2973908437.5,-35.02171
2973908593.75,-35.02752
2973908750.0,-35.03318
2973908906.25,-35.03933
2973909062.5,-35.04099
2973909218.75,-35.04086
2973909375.0,-35.03846
2973909531.25,-35.05274
2973909687.5,-35.05553
2973909843.75,-35.0618
2973910000.0,-35.05524
2973910156.25,-35.06795
2973910312.5,-35.06694
2973910468.75,-35.07381
2973910625.0,-35.07877
2973910781.25,-35.0742
2973910937.5,-35.0784
2973911093.75,-35.08988
2973911250.0,-35.08598
2973911406.25,-35.09145
2973911562.5,-35.09313
2973911718.75,-35.09542
2973911875.0,-35.1004
2973912031.25,-35.10858
2973912187.5,-35.11075
2973912343.75,-35.10294
2973912500.0,-35.11597
2973912656.25,-35.1104
2973912812.5,-35.12577
2973912968.75,-35.12199
2973913125.0,-35.13987
2973913281.25,-35.13392
2973913437.5,-35.13741
2973913593.75,-35.14069
2973913750.0,-35.14907
2973913906.25,-35.14985
2973914062.5,-35.15022
2973914218.75,-35.15873
2973914375.0,-35.15987
2973914531.25,-35.16451
2973914687.5,-35.16341
2973914843.75,-35.17736
2973915000.0,-35.17716
2973915156.25,-35.18011
2973915312.5,-35.18871
2973915468.75,-35.18706
2973915625.0,-35.18372
2973915781.25,-35.1911
2973915937.5,-35.20163
2973916093.75,-35.19334
2973916250.0,-35.20575
2973916406.25,-35.21284
2973916562.5,-35.20593
2973916718.75,-35.21224
2973916875.0,-35.21747
2973917031.25,-35.21458
2973917187.5,-35.23355
2973917343.75,-35.23575
2973917500.0,-35.23508
2973917656.25,-35.24519
2973917812.5,-35.23989
2973917968.75,-35.24169
2973918125.0,-35.25176
2973918281.25,-35.24949
2973918437.5,-35.25631
2973918593.75,-35.25341
2973918750.0,-35.25774
2973918906.25,-35.26786
2973919062.5,-35.27263
2973919218.75,-35.26675
2973919375.0,-35.279
2973919531.25,-35.27489
2973919687.5,-35.28432
2973919843.75,-35.29116
2973920000.0,-35.28555
2973920156.25,-35.29083
2973920312.5,-35.29575
2973920468.75,-35.3036
2973920625.0,-35.30906
2973920781.25,-35.30865
2973920937.5,-35.30968
2973921093.75,-35.31246
2973921250.0,-35.31829
2973921406.25,-35.32166
2973921562.5,-35.32143
2973921718.75,-35.32011
2973921875.0,-35.33447
2973922031.25,-35.32771
2973922187.5,-35.3423
2973922343.75,-35.33191
2973922500.0,-35.33934
2973922656.25,-35.36308
2973922812.5,-35.34469
2973922968.75,-35.34912
2973923125.0,-35.35844
2973923281.25,-35.36102
2973923437.5,-35.37336
2973923593.75,-35.36678
2973923750.0,-35.37339
2973923906.25,-35.38561
2973924062.5,-35.37422
2973924218.75,-35.3794
2973924375.0,-35.38431
2973924531.25,-35.38454
2973924687.5,-35.40467
2973924843.75,-35.40041
2973925000.0,-35.39687
2973925156.25,-35.41042
2973925312.5,-35.40017
2973925468.75,-35.41698
2973925625.0,-35.42818
2973925781.25,-35.42145
2973925937.5,-35.42737
2973926093.75,-35.42263
2973926250.0,-35.44046
2973926406.25,-35.44013
2973926562.5,-35.4342
2973926718.75,-35.44025
2973926875.0,-35.44463
2973927031.25,-35.45398
2973927187.5,-35.44858
2973927343.75,-35.45073
2973927500.0,-35.46367
2973927656.25,-35.46502
2973927812.5,-35.4571
2973927968.75,-35.47
2973928125.0,-35.4801
2973928281.25,-35.47168
2973928437.5,-35.4876
2973928593.75,-35.49062
2973928750.0,-35.49323
2973928906.25,-35.4947
2973929062.5,-35.49702
2973929218.75,-35.50213
2973929375.0,-35.50198
2973929531.25,-35.50844
2973929687.5,-35.51407
2973929843.75,-35.51547
2973930000.0,-35.51689
2973930156.25,-35.51878
2973930312.5,-35.52178
2973930468.75,-35.51554
2973930625.0,-35.53559
2973930781.25,-35.52463
2973930937.5,-35.53086
2973931093.75,-35.54353
2973931250.0,-35.53855
2973931406.25,-35.54235
2973931562.5,-35.5514
2973931718.75,-35.56527
2973931875.0,-35.55962
2973932031.25,-35.56189
2973932187.5,-35.56406
2973932343.75,-35.5627
2973932500.0,-35.57358
2973932656.25,-35.56929
2973932812.5,-35.57303
2973932968.75,-35.57649
2973933125.0,-35.59129
2973933281.25,-35.59163
2973933437.5,-35.59334
2973933593.75,-35.60075
2973933750.0,-35.60189
2973933906.25,-35.60174
2973934062.5,-35.61219
2973934218.75,-35.61838
2973934375.0,-35.61277
2973934531.25,-35.60778
2973934687.5,-35.61662
2973934843.75,-35.62291
2973935000.0,-35.62564
2973935156.25,-35.62717
2973935312.5,-35.62891
2973935468.75,-35.62274
2973935625.0,-35.64375
2973935781.25,-35.63609
2973935937.5,-35.65231
2973936093.75,-35.65218
2973936250.0,-35.65223
2973936406.25,-35.66515
2973936562.5,-35.65941
2973936718.75,-35.65966
2973936875.0,-35.67015
2973937031.25,-35.66919
2973937187.5,-35.6642
2973937343.75,-35.67415
2973937500.0,-35.68078
2973937656.25,-35.6743
2973937812.5,-35.69839
2973937968.75,-35.68805
2973938125.0,-35.70397
2973938281.25,-35.70953
2973938437.5,-35.7102
2973938593.75,-35.69986
2973938750.0,-35.71259
2973938906.25,-35.71429
2973939062.5,-35.70636
2973939218.75,-35.71286
2973939375.0,-35.72423
2973939531.25,-35.73216
2973939687.5,-35.72868
2973939843.75,-35.73085
2973940000.0,-35.73186
2973940156.25,-35.72977
2973940312.5,-35.74891
2973940468.75,-35.73462
2973940625.0,-35.74657
2973940781.25,-35.75216
2973940937.5,-35.76186
2973941093.75,-35.75512
2973941250.0,-35.76561
2973941406.25,-35.76829
2973941562.5,-35.76942
2973941718.75,-35.76592
2973941875.0,-35.78018
2973942031.25,-35.77058
2973942187.5,-35.7809
2973942343.75,-35.7951
2973942500.0,-35.79819
2973942656.25,-35.8031
2973942812.5,-35.79536
2973942968.75,-35.7949
2973943125.0,-35.78493
2973943281.25,-35.80521
2973943437.5,-35.81764
2973943593.75,-35.82486
2973943750.0,-35.81386
2973943906.25,-35.81902
2973944062.5,-35.81882
2973944218.75,-35.82733
2973944375.0,-35.82465
2973944531.25,-35.83191
2973944687.5,-35.83942
2973944843.75,-35.85659
2973945000.0,-35.83323
2973945156.25,-35.84253
2973945312.5,-35.84339
2973945468.75,-35.84837
2973945625.0,-35.85791
2973945781.25,-35.85921
2973945937.5,-35.86137
2973946093.75,-35.87097
2973946250.0,-35.8842
2973946406.25,-35.88173
2973946562.5,-35.87567
2973946718.75,-35.88013
2973946875.0,-35.8827
2973947031.25,-35.88688
2973947187.5,-35.89121
2973947343.75,-35.89584
2973947500.0,-35.90267
2973947656.25,-35.90067
2973947812.5,-35.90286
2973947968.75,-35.90631
2973948125.0,-35.91461
2973948281.25,-35.9214
2973948437.5,-35.90826
2973948593.75,-35.91003
2973948750.0,-35.92225
2973948906.25,-35.91947
2973949062.5,-35.93117
2973949218.75,-35.93716
2973949375.0,-35.93129
2973949531.25,-35.93569
2973949687.5,-35.9398
2973949843.75,-35.93383
2973950000.0,-35.94863
2973950156.25,-35.94614
2973950312.5,-35.9618
2973950468.75,-35.96667
2973950625.0,-35.97049
2973950781.25,-35.96489
2973950937.5,-35.97287
2973951093.75,-35.98606
2973951250.0,-35.98761
2973951406.25,-35.97635
2973951562.5,-35.98804
2973951718.75,-35.99046
2973951875.0,-35.99157
2973952031.25,-35.99641
2973952187.5,-35.99695
2973952343.75,-35.99768
2973952500.0,-36.0032
2973952656.25,-36.01655
2973952812.5,-36.01192
2973952968.75,-36.00509
2973953125.0,-36.01926
2973953281.25,-36.03222
2973953437.5,-36.02686
2973953593.75,-36.02233
2973953750.0,-36.03502
2973953906.25,-36.03513
2973954062.5,-36.03072
2973954218.75,-36.03762
2973954375.0,-36.04952
2973954531.25,-36.05218
2973954687.5,-36.05125
2973954843.75,-36.06153
2973955000.0,-36.06448
2973955156.25,-36.06386
2973955312.5,-36.0696
2973955468.75,-36.07342
2973955625.0,-36.06378
2973955781.25,-36.07412
2973955937.5,-36.0747
2973956093.75,-36.07921
2973956250.0,-36.07378
2973956406.25,-36.09258
2973956562.5,-36.0822
2973956718.75,-36.09958
2973956875.0,-36.1026
2973957031.25,-36.09874
2973957187.5,-36.10299
2973957343.75,-36.09898
2973957500.0,-36.11478
2973957656.25,-36.10686
2973957812.5,-36.1224
2973957968.75,-36.1224
2973958125.0,-36.11644
2973958281.25,-36.12081
2973958437.5,-36.13923
2973958593.75,-36.12881
2973958750.0,-36.13785
2973958906.25,-36.14149
2973959062.5,-36.14396
2973959218.75,-36.1423
2973959375.0,-36.15416
2973959531.25,-36.15019
2973959687.5,-36.16281
2973959843.75,-36.16418
2973960000.0,-36.15695
2973960156.25,-36.16648
2973960312.5,-36.1744
2973960468.75,-36.17205
2973960625.0,-36.18241
2973960781.25,-36.18695
2973960937.5,-36.19884
2973961093.75,-36.18488
2973961250.0,-36.18477
2973961406.25,-36.19293
2973961562.5,-36.19797
2973961718.75,-36.1865
2973961875.0,-36.21639
2973962031.25,-36.2064
2973962187.5,-36.21099
2973962343.75,-36.21926
2973962500.0,-36.21979
2973962656.25,-36.22187
2973962812.5,-36.20982
2973962968.75,-36.22505
2973963125.0,-36.2353
2973963281.25,-36.238
2973963437.5,-36.23078
2973963593.75,-36.24581
2973963750.0,-36.24055
2973963906.25,-36.25163
2973964062.5,-36.24312
2973964218.75,-36.25712
2973964375.0,-36.25307
2973964531.25,-36.25984
2973964687.5,-36.26036
2973964843.75,-36.2565
2973965000.0,-36.27768
2973965156.25,-36.27251
2973965312.5,-36.28506
2973965468.75,-36.27605
2973965625.0,-36.29389
2973965781.25,-36.28233
2973965937.5,-36.29124
2973966093.75,-36.28976
2973966250.0,-36.29003
2973966406.25,-36.30231
2973966562.5,-36.30072
2973966718.75,-36.30656
2973966875.0,-36.30631
2973967031.25,-36.31945
2973967187.5,-36.31926
2973967343.75,-36.3276
2973967500.0,-36.32362
2973967656.25,-36.3137
2973967812.5,-36.32641
2973967968.75,-36.33207
2973968125.0,-36.32898
2973968281.25,-36.33813
2973968437.5,-36.3507
2973968593.75,-36.34449
2973968750.0,-36.33181
2973968906.25,-36.35914
2973969062.5,-36.35439
2973969218.75,-36.36443
2973969375.0,-36.36417
2973969531.25,-36.37067
2973969687.5,-36.35858
2973969843.75,-36.3731
2973970000.0,-36.37665
2973970156.25,-36.37312
2973970312.5,-36.38191
2973970468.75,-36.38826
2973970625.0,-36.38885
2973970781.25,-36.39583
2973970937.5,-36.38529
2973971093.75,-36.39346
2973971250.0,-36.39694
2973971406.25,-36.39613
2973971562.5,-36.39658
2973971718.75,-36.40651
2973971875.0,-36.41812
2973972031.25,-36.4077
2973972187.5,-36.43303
2973972343.75,-36.40919
2973972500.0,-36.42622
2973972656.25,-36.43905
2973972812.5,-36.4368
2973972968.75,-36.43842
2973973125.0,-36.44518
2973973281.25,-36.44118
2973973437.5,-36.43298
2973973593.75,-36.44776
2973973750.0,-36.44956
2973973906.25,-36.4512
2973974062.5,-36.46763
2973974218.75,-36.45731
2973974375.0,-36.47183
2973974531.25,-36.46702
2973974687.5,-36.46402
2973974843.75,-36.4704
2973975000.0,-36.48151
2973975156.25,-36.46651
2973975312.5,-36.47813
2973975468.75,-36.48954
2973975625.0,-36.48286
2973975781.25,-36.4988
2973975937.5,-36.49516
2973976093.75,-36.49634
2973976250.0,-36.50096
2973976406.25,-36.51351
2973976562.5,-36.49975
2973976718.75,-36.51187
2973976875.0,-36.52316
2973977031.25,-36.51159
2973977187.5,-36.52359
2973977343.75,-36.53046
2973977500.0,-36.52099
2973977656.25,-36.52184
2973977812.5,-36.53
2973977968.75,-36.52912
2973978125.0,-36.54746
2973978281.25,-36.54482
2973978437.5,-36.54485
2973978593.75,-36.54533
2973978750.0,-36.55705
2973978906.25,-36.5542
2973979062.5,-36.56598
2973979218.75,-36.55807
2973979375.0,-36.55959
2973979531.25,-36.57367
2973979687.5,-36.5761
2973979843.75,-36.58193
2973980000.0,-36.58003
2973980156.25,-36.57604
2973980312.5,-36.5801
2973980468.75,-36.5863
2973980625.0,-36.5999
2973980781.25,-36.59735
2973980937.5,-36.6094
2973981093.75,-36.59658
2973981250.0,-36.59402
2973981406.25,-36.60643
2973981562.5,-36.60765
2973981718.75,-36.60953
2973981875.0,-36.61966
2973982031.25,-36.62976
2973982187.5,-36.61665
2973982343.75,-36.62514
2973982500.0,-36.63297
2973982656.25,-36.63896
2973982812.5,-36.63931
2973982968.75,-36.63624
2973983125.0,-36.64131
2973983281.25,-36.63917
2973983437.5,-36.64288
2973983593.75,-36.65684
2973983750.0,-36.66401
2973983906.25,-36.64962
2973984062.5,-36.66042
2973984218.75,-36.65346
2973984375.0,-36.67635
2973984531.25,-36.6621
2973984687.5,-36.67568
2973984843.75,-36.67566
2973985000.0,-36.67209
2973985156.25,-36.68324
2973985312.5,-36.67822
2973985468.75,-36.69119
2973985625.0,-36.68519
2973985781.25,-36.69853
2973985937.5,-36.69456
2973986093.75,-36.70293
2973986250.0,-36.69379
2973986406.25,-36.70439
2973986562.5,-36.72394
2973986718.75,-36.70374
2973986875.0,-36.71328
2973987031.25,-36.72761
2973987187.5,-36.72513
2973987343.75,-36.73289
2973987500.0,-36.73349
2973987656.25,-36.74075
2973987812.5,-36.73162
2973987968.75,-36.73618
2973988125.0,-36.73393
2973988281.25,-36.7498
2973988437.5,-36.74511
2973988593.75,-36.74839
2973988750.0,-36.75853
2973988906.25,-36.76738
2973989062.5,-36.74935
2973989218.75,-36.76726
2973989375.0,-36.76175
2973989531.25,-36.77442
2973989687.5,-36.76536
2973989843.75,-36.77397
2973990000.0,-36.77504
2973990156.25,-36.79501
2973990312.5,-36.78452
2973990468.75,-36.80566
2973990625.0,-36.79468
2973990781.25,-36.79337
2973990937.5,-36.79238
2973991093.75,-36.78901
2973991250.0,-36.79935
2973991406.25,-36.80742
2973991562.5,-36.80152
2973991718.75,-36.82526
2973991875.0,-36.81273
2973992031.25,-36.80237
2973992187.5,-36.82332
2973992343.75,-36.82277
2973992500.0,-36.82931
2973992656.25,-36.83849
2973992812.5,-36.82327
2973992968.75,-36.84107
2973993125.0,-36.8436
2973993281.25,-36.83394
2973993437.5,-36.85002
2973993593.75,-36.84396
2973993750.0,-36.84291
2973993906.25,-36.8633
2973994062.5,-36.85809
2973994218.75,-36.85659
2973994375.0,-36.88373
2973994531.25,-36.86611
2973994687.5,-36.86787
2973994843.75,-36.86738
2973995000.0,-36.88599
2973995156.25,-36.88089
2973995312.5,-36.88064
2973995468.75,-36.88281
2973995625.0,-36.89252
2973995781.25,-36.90712
2973995937.5,-36.89897
2973996093.75,-36.90828
2973996250.0,-36.89155
2973996406.25,-36.90538
2973996562.5,-36.9166
2973996718.75,-36.91559
2973996875.0,-36.91946
2973997031.25,-36.91531
2973997187.5,-36.91615
2973997343.75,-36.92979
2973997500.0,-36.937
2973997656.25,-36.93427
2973997812.5,-36.93831
2973997968.75,-36.94009
2973998125.0,-36.94238
2973998281.25,-36.9545
2973998437.5,-36.93959
2973998593.75,-36.93557
2973998750.0,-36.95151
2973998906.25,-36.95495
2973999062.5,-36.95398
2973999218.75,-36.95821
2973999375.0,-36.97335
2973999531.25,-36.96054
2973999687.5,-36.96577
2973999843.75,-36.98283
2974000000.0,-36.98214
2974000156.25,-36.97271
2974000312.5,-36.98952
2974000468.75,-36.98014
2974000625.0,-36.97842
2974000781.25,-36.98758
2974000937.5,-36.99379
2974001093.75,-37.00171
2974001250.0,-36.99906
2974001406.25,-37.00274
2974001562.5,-37.01473
2974001718.75,-37.01039
2974001875.0,-37.01165
2974002031.25,-37.02203
2974002187.5,-37.01634
2974002343.75,-37.01907
2974002500.0,-37.0297
2974002656.25,-37.03102
2974002812.5,-37.01781
2974002968.75,-37.02872
2974003125.0,-37.03949
2974003281.25,-37.04128
2974003437.5,-37.04073
2974003593.75,-37.04831
2974003750.0,-37.04157
2974003906.25,-37.0493
2974004062.5,-37.04864
2974004218.75,-37.06795
2974004375.0,-37.0569
2974004531.25,-37.06839
2974004687.5,-37.06777
2974004843.75,-37.08224
2974005000.0,-37.07508
2974005156.25,-37.08191
2974005312.5,-37.0882
2974005468.75,-37.0813
2974005625.0,-37.0756
2974005781.25,-37.0813
2974005937.5,-37.10317
2974006093.75,-37.09294
2974006250.0,-37.08689
2974006406.25,-37.10674
2974006562.5,-37.09974
2974006718.75,-37.11657
2974006875.0,-37.11267
2974007031.25,-37.10737
2974007187.5,-37.10812
2974007343.75,-37.1151
2974007500.0,-37.13433
2974007656.25,-37.14064
2974007812.5,-37.11672
2974007968.75,-37.13847
2974008125.0,-37.1204
2974008281.25,-37.12074
2974008437.5,-37.13845
2974008593.75,-37.14858
2974008750.0,-37.13816
2974008906.25,-37.12752
2974009062.5,-37.15255
2974009218.75,-37.15688
2974009375.0,-37.14647
2974009531.25,-37.15346
2974009687.5,-37.16088
2974009843.75,-37.1646
2974010000.0,-37.18341
2974010156.25,-37.17332
2974010312.5,-37.17128
2974010468.75,-37.17701
2974010625.0,-37.17836
2974010781.25,-37.18595
2974010937.5,-37.18254
2974011093.75,-37.1838
2974011250.0,-37.20407
2974011406.25,-37.18814
2974011562.5,-37.19395
2974011718.75,-37.20509
2974011875.0,-37.20504
2974012031.25,-37.19928
2974012187.5,-37.19875
2974012343.75,-37.21978
2974012500.0,-37.221
2974012656.25,-37.21478
2974012812.5,-37.21568
2974012968.75,-37.21419
2974013125.0,-37.24084
2974013281.25,-37.22864
2974013437.5,-37.23387
2974013593.75,-37.23535
2974013750.0,-37.25055
2974013906.25,-37.24744
2974014062.5,-37.24133
2974014218.75,-37.24367
2974014375.0,-37.23925
2974014531.25,-37.24897
2974014687.5,-37.26012
2974014843.75,-37.25475
2974015000.0,-37.25798
2974015156.25,-37.27871
2974015312.5,-37.263
2974015468.75,-37.27479
2974015625.0,-37.29082
2974015781.25,-37.28928
2974015937.5,-37.26976
2974016093.75,-37.28956
2974016250.0,-37.29801
2974016406.25,-37.29455
2974016562.5,-37.29908
2974016718.75,-37.29222
2974016875.0,-37.29967
2974017031.25,-37.29967
2974017187.5,-37.2999
2974017343.75,-37.31927
2974017500.0,-37.30902
2974017656.25,-37.31869
2974017812.5,-37.31967
2974017968.75,-37.31899
2974018125.0,-37.3177
2974018281.25,-37.32674
2974018437.5,-37.32586
2974018593.75,-37.33858
2974018750.0,-37.3391
2974018906.25,-37.32704
2974019062.5,-37.33546
2974019218.75,-37.33801
2974019375.0,-37.35035
2974019531.25,-37.35008
2974019687.5,-37.35555
2974019843.75,-37.35043
2974020000.0,-37.36136
2974020156.25,-37.35802
2974020312.5,-37.37043
2974020468.75,-37.373
2974020625.0,-37.38398
2974020781.25,-37.38498
2974020937.5,-37.38172
2974021093.75,-37.37925
2974021250.0,-37.38391
2974021406.25,-37.40568
2974021562.5,-37.40427
2974021718.75,-37.38301
2974021875.0,-37.38813
2974022031.25,-37.40613
2974022187.5,-37.40208
2974022343.75,-37.39893
2974022500.0,-37.40659
2974022656.25,-37.40304
2974022812.5,-37.40165
2974022968.75,-37.41275
2974023125.0,-37.41337
2974023281.25,-37.40664
2974023437.5,-37.43245
2974023593.75,-37.43456
2974023750.0,-37.42821
2974023906.25,-37.43614
2974024062.5,-37.43496
2974024218.75,-37.42679
2974024375.0,-37.45966
2974024531.25,-37.43752
2974024687.5,-37.44442
2974024843.75,-37.44921
2974025000.0,-37.45142
2974025156.25,-37.46116
2974025312.5,-37.45747
2974025468.75,-37.46895
2974025625.0,-37.45155
2974025781.25,-37.46557
2974025937.5,-37.46338
2974026093.75,-37.46839
2974026250.0,-37.47957
2974026406.25,-37.47464
2974026562.5,-37.47835
2974026718.75,-37.47392
2974026875.0,-37.48884
2974027031.25,-37.4922
2974027187.5,-37.48869
2974027343.75,-37.50343
2974027500.0,-37.50406
2974027656.25,-37.49948
2974027812.5,-37.51025
2974027968.75,-37.48761
2974028125.0,-37.50305
2974028281.25,-37.5057
2974028437.5,-37.51975
2974028593.75,-37.52651
2974028750.0,-37.50518
2974028906.25,-37.52934
2974029062.5,-37.53635
2974029218.75,-37.54009
2974029375.0,-37.53401
2974029531.25,-37.53761
2974029687.5,-37.53189
2974029843.75,-37.54311
2974030000.0,-37.54224
2974030156.25,-37.53621
2974030312.5,-37.54836
2974030468.75,-37.55241
2974030625.0,-37.55046
2974030781.25,-37.57729
2974030937.5,-37.5703
2974031093.75,-37.56783
2974031250.0,-37.56843
2974031406.25,-37.57222
2974031562.5,-37.57724
2974031718.75,-37.56738
2974031875.0,-37.58451
2974032031.25,-37.58251
2974032187.5,-37.57447
2974032343.75,-37.57756
2974032500.0,-37.58943
2974032656.25,-37.59148
2974032812.5,-37.61552
2974032968.75,-37.60113
2974033125.0,-37.6031
2974033281.25,-37.61588
2974033437.5,-37.60176
2974033593.75,-37.61367
2974033750.0,-37.60492
2974033906.25,-37.61168
2974034062.5,-37.6215
2974034218.75,-37.62823
2974034375.0,-37.63239
2974034531.25,-37.63605
2974034687.5,-37.64058
2974034843.75,-37.61922
2974035000.0,-37.63419
2974035156.25,-37.624
2974035312.5,-37.64526
2974035468.75,-37.6587
2974035625.0,-37.64964
2974035781.25,-37.64213
2974035937.5,-37.65843
2974036093.75,-37.64745
2974036250.0,-37.65598
2974036406.25,-37.6591
2974036562.5,-37.66169
2974036718.75,-37.66455
2974036875.0,-37.67883
2974037031.25,-37.66823
2974037187.5,-37.6708
2974037343.75,-37.67139
2974037500.0,-37.6869
2974037656.25,-37.67929
2974037812.5,-37.68778
2974037968.75,-37.68746
2974038125.0,-37.69407
2974038281.25,-37.71304
2974038437.5,-37.70184
2974038593.75,-37.6981
2974038750.0,-37.69985
2974038906.25,-37.70129
2974039062.5,-37.70504
2974039218.75,-37.70899
2974039375.0,-37.71831
2974039531.25,-37.72216
2974039687.5,-37.72861
2974039843.75,-37.72878
2974040000.0,-37.73245
2974040156.25,-37.73627
2974040312.5,-37.73676
2974040468.75,-37.73421
2974040625.0,-37.75124
2974040781.25,-37.72918
2974040937.5,-37.74081
2974041093.75,-37.75789
2974041250.0,-37.77015
2974041406.25,-37.76046
2974041562.5,-37.76211
2974041718.75,-37.75699
2974041875.0,-37.75367
2974042031.25,-37.77399
2974042187.5,-37.76271
2974042343.75,-37.76507
2974042500.0,-37.78486
2974042656.25,-37.76804
2974042812.5,-37.78766
2974042968.75,-37.78625
2974043125.0,-37.78634
2974043281.25,-37.79852
2974043437.5,-37.80124
2974043593.75,-37.78492
2974043750.0,-37.79942
2974043906.25,-37.80262
2974044062.5,-37.80511
2974044218.75,-37.80153
2974044375.0,-37.80948
2974044531.25,-37.82263
2974044687.5,-37.80825
2974044843.75,-37.81556
2974045000.0,-37.81115
2974045156.25,-37.81141
2974045312.5,-37.82172
2974045468.75,-37.8215
2974045625.0,-37.83632
2974045781.25,-37.82737
2974045937.5,-37.83231
2974046093.75,-37.82412
2974046250.0,-37.82691
2974046406.25,-37.85027
2974046562.5,-37.86048
2974046718.75,-37.85052
2974046875.0,-37.85632
2974047031.25,-37.85927
2974047187.5,-37.85583
2974047343.75,-37.86066
2974047500.0,-37.85757
2974047656.25,-37.86343
2974047812.5,-37.87905
2974047968.75,-37.87628
2974048125.0,-37.87612
2974048281.25,-37.87662
2974048437.5,-37.87593
2974048593.75,-37.88576
2974048750.0,-37.89368
2974048906.25,-37.87206
2974049062.5,-37.89504
2974049218.75,-37.88868
2974049375.0,-37.8924
2974049531.25,-37.90246
2974049687.5,-37.9026
2974049843.75,-37.90344
2974050000.0,-37.91192
2974050156.25,-37.91257
2974050312.5,-37.92294
2974050468.75,-37.91993
2974050625.0,-37.92486
2974050781.25,-37.92411
2974050937.5,-37.9263
2974051093.75,-37.92429
2974051250.0,-37.92376
2974051406.25,-37.94519
2974051562.5,-37.92844
2974051718.75,-37.93544
2974051875.0,-37.94791
2974052031.25,-37.95591
2974052187.5,-37.95394
2974052343.75,-37.94246
2974052500.0,-37.95261
2974052656.25,-37.95001
2974052812.5,-37.96173
2974052968.75,-37.95934
2974053125.0,-37.97281
2974053281.25,-37.96011
2974053437.5,-37.96215
2974053593.75,-37.96161
2974053750.0,-37.97151
2974053906.25,-37.96617
2974054062.5,-37.97303
2974054218.75,-37.99499
2974054375.0,-37.9727
2974054531.25,-37.99213
2974054687.5,-38.00431
2974054843.75,-38.00379
2974055000.0,-37.99018
2974055156.25,-37.99465
2974055312.5,-38.00411
2974055468.75,-38.00663
2974055625.0,-38.01092
2974055781.25,-38.00867
2974055937.5,-38.01603
2974056093.75,-38.02287
2974056250.0,-38.02041
2974056406.25,-38.03139
2974056562.5,-38.01978
2974056718.75,-38.02617
2974056875.0,-38.04003
2974057031.25,-38.02452
2974057187.5,-38.03281
2974057343.75,-38.03114
2974057500.0,-38.03388
2974057656.25,-38.03828
2974057812.5,-38.04055
2974057968.75,-38.04673
2974058125.0,-38.04836
2974058281.25,-38.04636
2974058437.5,-38.06758
2974058593.75,-38.05742
2974058750.0,-38.06841
2974058906.25,-38.07084
2974059062.5,-38.06779
2974059218.75,-38.06064
2974059375.0,-38.07255
2974059531.25,-38.06472
2974059687.5,-38.07442
2974059843.75,-38.07373
2974060000.0,-38.08445
2974060156.25,-38.09343
2974060312.5,-38.08195
2974060468.75,-38.08729
2974060625.0,-38.09496
2974060781.25,-38.10084
2974060937.5,-38.11176
2974061093.75,-38.09726
2974061250.0,-38.09732
2974061406.25,-38.11769
2974061562.5,-38.10927
2974061718.75,-38.11529
2974061875.0,-38.12927
2974062031.25,-38.12378
2974062187.5,-38.12316
2974062343.75,-38.13558
2974062500.0,-38.12904
2974062656.25,-38.13688
2974062812.5,-38.11815
2974062968.75,-38.13501
2974063125.0,-38.16031
2974063281.25,-38.14364
2974063437.5,-38.14116
2974063593.75,-38.14937
2974063750.0,-38.14721
2974063906.25,-38.16278
2974064062.5,-38.14541
2974064218.75,-38.158
2974064375.0,-38.16243
2974064531.25,-38.16951
2974064687.5,-38.17586
2974064843.75,-38.1692
2974065000.0,-38.16798
2974065156.25,-38.16981
2974065312.5,-38.16232
2974065468.75,-38.18692
2974065625.0,-38.18504
2974065781.25,-38.20118
2974065937.5,-38.18669
2974066093.75,-38.19193
2974066250.0,-38.19763
2974066406.25,-38.20896
2974066562.5,-38.20264
2974066718.75,-38.18424
2974066875.0,-38.20036
2974067031.25,-38.20226
2974067187.5,-38.20749
2974067343.75,-38.20876
2974067500.0,-38.21073
2974067656.25,-38.21601
2974067812.5,-38.23438
2974067968.75,-38.22335
2974068125.0,-38.22316
2974068281.25,-38.23174
2974068437.5,-38.24172
2974068593.75,-38.24162
2974068750.0,-38.23904
2974068906.25,-38.22925
2974069062.5,-38.24495
2974069218.75,-38.24518
2974069375.0,-38.24848
2974069531.25,-38.24463
2974069687.5,-38.24367
2974069843.75,-38.24985
2974070000.0,-38.25557
2974070156.25,-38.26616
2974070312.5,-38.25697
2974070468.75,-38.26108
2974070625.0,-38.28168
2974070781.25,-38.27286
2974070937.5,-38.26437
2974071093.75,-38.26581
2974071250.0,-38.29037
2974071406.25,-38.27757
2974071562.5,-38.28796
2974071718.75,-38.28342
2974071875.0,-38.28287
2974072031.25,-38.29927
2974072187.5,-38.29657
2974072343.75,-38.28905
2974072500.0,-38.30142
2974072656.25,-38.3003
2974072812.5,-38.30232
2974072968.75,-38.31309
2974073125.0,-38.30967
2974073281.25,-38.31176
2974073437.5,-38.3215
2974073593.75,-38.32543
2974073750.0,-38.31335
2974073906.25,-38.32581
2974074062.5,-38.32341
2974074218.75,-38.3189
2974074375.0,-38.33033
2974074531.25,-38.34876
2974074687.5,-38.33265
2974074843.75,-38.3386
2974075000.0,-38.34634
2974075156.25,-38.34373
2974075312.5,-38.36243
2974075468.75,-38.34789
2974075625.0,-38.34174
2974075781.25,-38.34734
2974075937.5,-38.36465
2974076093.75,-38.35602
2974076250.0,-38.36955
2974076406.25,-38.37063
2974076562.5,-38.3753
2974076718.75,-38.37251
2974076875.0,-38.38226
2974077031.25,-38.38509
2974077187.5,-38.37801
2974077343.75,-38.38244
2974077500.0,-38.38527
2974077656.25,-38.39417
2974077812.5,-38.38737
2974077968.75,-38.39431
2974078125.0,-38.40342
2974078281.25,-38.40631
2974078437.5,-38.40606
2974078593.75,-38.40685
2974078750.0,-38.42653
2974078906.25,-38.39579
2974079062.5,-38.40926
2974079218.75,-38.41887
2974079375.0,-38.41502
2974079531.25,-38.41948
2974079687.5,-38.41428
2974079843.75,-38.43134
2974080000.0,-38.43136
2974080156.25,-38.43524
2974080312.5,-38.42539
2974080468.75,-38.4447
2974080625.0,-38.44558
2974080781.25,-38.44413
2974080937.5,-38.44371
2974081093.75,-38.4478
2974081250.0,-38.44937
2974081406.25,-38.44711
2974081562.5,-38.44771
2974081718.75,-38.45707
2974081875.0,-38.45763
2974082031.25,-38.46056
2974082187.5,-38.46437
2974082343.75,-38.45812
2974082500.0,-38.48098
2974082656.25,-38.4655
2974082812.5,-38.48851
2974082968.75,-38.48253
2974083125.0,-38.48757
2974083281.25,-38.4796
2974083437.5,-38.48214
2974083593.75,-38.48932
2974083750.0,-38.48736
2974083906.25,-38.48839
2974084062.5,-38.50947
2974084218.75,-38.50364
2974084375.0,-38.51259
2974084531.25,-38.49596
2974084687.5,-38.50512
2974084843.75,-38.51528
2974085000.0,-38.50396
2974085156.25,-38.53056
2974085312.5,-38.51303
2974085468.75,-38.51936
2974085625.0,-38.51893
2974085781.25,-38.52302
2974085937.5,-38.55477
2974086093.75,-38.53714
2974086250.0,-38.52434
2974086406.25,-38.545
2974086562.5,-38.53521
2974086718.75,-38.53651
2974086875.0,-38.55087
2974087031.25,-38.54903
2974087187.5,-38.54499
2974087343.75,-38.54666
2974087500.0,-38.56177
2974087656.25,-38.55126
2974087812.5,-38.58138
2974087968.75,-38.57552
2974088125.0,-38.56053
2974088281.25,-38.57467
2974088437.5,-38.57249
2974088593.75,-38.59072
2974088750.0,-38.5761
2974088906.25,-38.58006
2974089062.5,-38.57511
2974089218.75,-38.583
2974089375.0,-38.58023
2974089531.25,-38.60429
2974089687.5,-38.60292
2974089843.75,-38.5845
2974090000.0,-38.60248
2974090156.25,-38.61023
2974090312.5,-38.5979
2974090468.75,-38.60127
2974090625.0,-38.61319
2974090781.25,-38.60178
2974090937.5,-38.60986
2974091093.75,-38.62358
2974091250.0,-38.62732
2974091406.25,-38.62197
2974091562.5,-38.60141
2974091718.75,-38.61574
2974091875.0,-38.63597
2974092031.25,-38.63924
2974092187.5,-38.6209
2974092343.75,-38.63689
2974092500.0,-38.63852
2974092656.25,-38.64351
2974092812.5,-38.65679
2974092968.75,-38.64047
2974093125.0,-38.65083
2974093281.25,-38.65199
2974093437.5,-38.65582
2974093593.75,-38.6649
2974093750.0,-38.65192
2974093906.25,-38.67833
2974094062.5,-38.65865
2974094218.75,-38.67126
2974094375.0,-38.665
2974094531.25,-38.6697
2974094687.5,-38.6796
2974094843.75,-38.6777
2974095000.0,-38.67622
2974095156.25,-38.68624
2974095312.5,-38.68608
2974095468.75,-38.68636
2974095625.0,-38.70381
2974095781.25,-38.69605
2974095937.5,-38.69284
2974096093.75,-38.71193
2974096250.0,-38.68781
2974096406.25,-38.7036
2974096562.5,-38.71006
2974096718.75,-38.71981
2974096875.0,-38.70538
2974097031.25,-38.70421
2974097187.5,-38.7126
2974097343.75,-38.7294
2974097500.0,-38.70844
2974097656.25,-38.71438
2974097812.5,-38.73267
2974097968.75,-38.7358
2974098125.0,-38.73293
2974098281.25,-38.73735
2974098437.5,-38.72867
2974098593.75,-38.72709
2974098750.0,-38.74113
2974098906.25,-38.73459
2974099062.5,-38.7392
2974099218.75,-38.7482
2974099375.0,-38.75367
2974099531.25,-38.76923
2974099687.5,-38.76579
2974099843.75,-38.76547
2974100000.0,-38.75998
2974100156.25,-38.76388
2974100312.5,-38.76815
2974100468.75,-38.78111
2974100625.0,-38.77798
2974100781.25,-38.77296
2974100937.5,-38.78507
2974101093.75,-38.79025
2974101250.0,-38.77388
2974101406.25,-38.78078
2974101562.5,-38.79301
2974101718.75,-38.78827
2974101875.0,-38.80412
2974102031.25,-38.79641
2974102187.5,-38.78104
2974102343.75,-38.81217
2974102500.0,-38.81279
2974102656.25,-38.81035
2974102812.5,-38.80903
2974102968.75,-38.80482
2974103125.0,-38.80808
2974103281.25,-38.80058
2974103437.5,-38.80265
2974103593.75,-38.83247
2974103750.0,-38.81613
2974103906.25,-38.83527
2974104062.5,-38.82178
2974104218.75,-38.82456
2974104375.0,-38.82334
2974104531.25,-38.84177
2974104687.5,-38.84501
2974104843.75,-38.83571
2974105000.0,-38.84961
2974105156.25,-38.8615
2974105312.5,-38.85328
2974105468.75,-38.85794
2974105625.0,-38.85498
2974105781.25,-38.84958
2974105937.5,-38.87245
2974106093.75,-38.87294
2974106250.0,-38.86927
2974106406.25,-38.88656
2974106562.5,-38.87523
2974106718.75,-38.86956
2974106875.0,-38.8921
2974107031.25,-38.88982
2974107187.5,-38.87851
2974107343.75,-38.87449
2974107500.0,-38.87211
2974107656.25,-38.88612
2974107812.5,-38.88279
2974107968.75,-38.88525
2974108125.0,-38.89367
2974108281.25,-38.89067
2974108437.5,-38.9124
2974108593.75,-38.91156
2974108750.0,-38.91396
2974108906.25,-38.91221
2974109062.5,-38.90057
2974109218.75,-38.91232
2974109375.0,-38.92376
2974109531.25,-38.92031
2974109687.5,-38.9277
2974109843.75,-38.92011
2974110000.0,-38.92756
2974110156.25,-38.94161
2974110312.5,-38.93175
2974110468.75,-38.93104
2974110625.0,-38.93348
2974110781.25,-38.9306
2974110937.5,-38.92408
2974111093.75,-38.93073
2974111250.0,-38.95383
2974111406.25,-38.93614
2974111562.5,-38.9453
2974111718.75,-38.96466
2974111875.0,-38.9595
2974112031.25,-38.95317
2974112187.5,-38.94127
2974112343.75,-38.98438
2974112500.0,-38.96947
2974112656.25,-38.95974
2974112812.5,-38.97466
2974112968.75,-38.96265
2974113125.0,-38.97055
2974113281.25,-38.9888
2974113437.5,-38.99251
2974113593.75,-38.98151
2974113750.0,-38.99189
2974113906.25,-38.98567
2974114062.5,-38.9931
2974114218.75,-38.98077
2974114375.0,-38.99414
2974114531.25,-38.98983
2974114687.5,-39.00921
2974114843.75,-38.99891
2974115000.0,-39.00653
2974115156.25,-38.99914
2974115312.5,-39.01386
2974115468.75,-39.02179
2974115625.0,-39.02174
2974115781.25,-39.01716
2974115937.5,-39.00612
2974116093.75,-39.02385
2974116250.0,-39.02154
2974116406.25,-39.03136
2974116562.5,-39.04113
2974116718.75,-39.02139
2974116875.0,-39.01571
2974117031.25,-39.02785
2974117187.5,-39.03967
2974117343.75,-39.03846
2974117500.0,-39.03791
2974117656.25,-39.04422
2974117812.5,-39.04729
2974117968.75,-39.05716
2974118125.0,-39.05603
2974118281.25,-39.05035
2974118437.5,-39.06313
2974118593.75,-39.04594
2974118750.0,-39.08143
2974118906.25,-39.05408
2974119062.5,-39.08218
2974119218.75,-39.07229
2974119375.0,-39.07562
2974119531.25,-39.08435
2974119687.5,-39.07965
2974119843.75,-39.07962
2974120000.0,-39.09873
2974120156.25,-39.09311
2974120312.5,-39.07907
2974120468.75,-39.06412
2974120625.0,-39.0919
2974120781.25,-39.11069
2974120937.5,-39.11666
2974121093.75,-39.10108
2974121250.0,-39.09648
2974121406.25,-39.1111
2974121562.5,-39.10275
2974121718.75,-39.11029
2974121875.0,-39.10698
2974122031.25,-39.1114
2974122187.5,-39.11552
2974122343.75,-39.12414
2974122500.0,-39.13636
2974122656.25,-39.1211
2974122812.5,-39.12636
2974122968.75,-39.12745
2974123125.0,-39.13509
2974123281.25,-39.13371
2974123437.5,-39.1455
2974123593.75,-39.13637
2974123750.0,-39.15177
2974123906.25,-39.14468
2974124062.5,-39.15688
2974124218.75,-39.1505
2974124375.0,-39.15888
2974124531.25,-39.1466
2974124687.5,-39.1605
2974124843.75,-39.15279
2974125000.0,-39.14253
2974125156.25,-39.16542
2974125312.5,-39.1602
2974125468.75,-39.16303
2974125625.0,-39.17564
2974125781.25,-39.18064
2974125937.5,-39.1772
2974126093.75,-39.18235
2974126250.0,-39.19363
2974126406.25,-39.18172
2974126562.5,-39.18222
2974126718.75,-39.18676
2974126875.0,-39.17949
2974127031.25,-39.21143
2974127187.5,-39.20114
2974127343.75,-39.19557
2974127500.0,-39.18713
2974127656.25,-39.20502
2974127812.5,-39.21201
2974127968.75,-39.205
2974128125.0,-39.21641
2974128281.25,-39.22664
2974128437.5,-39.21336
2974128593.75,-39.21713
2974128750.0,-39.22128
2974128906.25,-39.2241
2974129062.5,-39.22193
2974129218.75,-39.22815
2974129375.0,-39.24143
2974129531.25,-39.2411
2974129687.5,-39.23966
2974129843.75,-39.24999
2974130000.0,-39.23703
2974130156.25,-39.22575
2974130312.5,-39.26076
2974130468.75,-39.2453
2974130625.0,-39.23837
2974130781.25,-39.25737
2974130937.5,-39.25516
2974131093.75,-39.25879
2974131250.0,-39.26106
2974131406.25,-39.25579
2974131562.5,-39.26359
2974131718.75,-39.27345
2974131875.0,-39.2613
2974132031.25,-39.27201
2974132187.5,-39.2762
2974132343.75,-39.26641
2974132500.0,-39.28081
2974132656.25,-39.27164
2974132812.5,-39.30303
2974132968.75,-39.27583
2974133125.0,-39.28855
2974133281.25,-39.28192
2974133437.5,-39.29472
2974133593.75,-39.29362
2974133750.0,-39.30968
2974133906.25,-39.30174
2974134062.5,-39.29969
2974134218.75,-39.30356
2974134375.0,-39.31059
2974134531.25,-39.2919
2974134687.5,-39.31726
2974134843.75,-39.31473
2974135000.0,-39.33498
2974135156.25,-39.31166
2974135312.5,-39.31431
2974135468.75,-39.31002
2974135625.0,-39.32306
2974135781.25,-39.34122
2974135937.5,-39.34018
2974136093.75,-39.33505
2974136250.0,-39.31555
2974136406.25,-39.327
2974136562.5,-39.33673
2974136718.75,-39.34347
2974136875.0,-39.33603
2974137031.25,-39.35183
2974137187.5,-39.35892
2974137343.75,-39.36082
2974137500.0,-39.34188
2974137656.25,-39.35079
2974137812.5,-39.36298
2974137968.75,-39.35266
2974138125.0,-39.37131
2974138281.25,-39.37497
2974138437.5,-39.37151
2974138593.75,-39.37173
2974138750.0,-39.37835
2974138906.25,-39.38062
2974139062.5,-39.38612
2974139218.75,-39.38781
2974139375.0,-39.38095
2974139531.25,-39.40089
2974139687.5,-39.37996
2974139843.75,-39.39265
2974140000.0,-39.39537
2974140156.25,-39.39091
2974140312.5,-39.39544
2974140468.75,-39.40848
2974140625.0,-39.39737
2974140781.25,-39.40349
2974140937.5,-39.42345
2974141093.75,-39.42168
2974141250.0,-39.4169
2974141406.25,-39.40353
2974141562.5,-39.42731
2974141718.75,-39.43572
2974141875.0,-39.42294
2974142031.25,-39.42727
2974142187.5,-39.42838
2974142343.75,-39.42692
2974142500.0,-39.42852
2974142656.25,-39.43852
2974142812.5,-39.42947
2974142968.75,-39.43241
2974143125.0,-39.44303
2974143281.25,-39.45008
2974143437.5,-39.43824
2974143593.75,-39.45256
2974143750.0,-39.4441
2974143906.25,-39.46619
2974144062.5,-39.47939
2974144218.75,-39.45689
2974144375.0,-39.46278
2974144531.25,-39.45924
2974144687.5,-39.45113
2974144843.75,-39.46321
2974145000.0,-39.47315
2974145156.25,-39.48495
2974145312.5,-39.47746
2974145468.75,-39.45951
2974145625.0,-39.48473
2974145781.25,-39.48647
2974145937.5,-39.47404
2974146093.75,-39.50315
2974146250.0,-39.48013
2974146406.25,-39.487
2974146562.5,-39.49149
2974146718.75,-39.5079
2974146875.0,-39.51775
2974147031.25,-39.488
2974147187.5,-39.50341
2974147343.75,-39.52212
2974147500.0,-39.50936
2974147656.25,-39.51353
2974147812.5,-39.51268
2974147968.75,-39.53009
2974148125.0,-39.51969
2974148281.25,-39.52024
2974148437.5,-39.52726
2974148593.75,-39.52926
2974148750.0,-39.529
2974148906.25,-39.51876
2974149062.5,-39.52078
2974149218.75,-39.54407
2974149375.0,-39.539
2974149531.25,-39.53519
2974149687.5,-39.54564
2974149843.75,-39.54554
2974150000.0,-39.55806
2974150156.25,-39.55033
2974150312.5,-39.54445
2974150468.75,-39.55363
2974150625.0,-39.54968
2974150781.25,-39.56355
2974150937.5,-39.54869
2974151093.75,-39.5702
2974151250.0,-39.56935
2974151406.25,-39.56734
2974151562.5,-39.57798
2974151718.75,-39.56972
2974151875.0,-39.57618
2974152031.25,-39.5901
2974152187.5,-39.59114
2974152343.75,-39.58413
2974152500.0,-39.58656
2974152656.25,-39.59439
2974152812.5,-39.59999
2974152968.75,-39.58034
2974153125.0,-39.60816
2974153281.25,-39.60794
2974153437.5,-39.58826
2974153593.75,-39.60172
2974153750.0,-39.61402
2974153906.25,-39.6061
2974154062.5,-39.62323
2974154218.75,-39.60461
2974154375.0,-39.61564
2974154531.25,-39.6189
2974154687.5,-39.61354
2974154843.75,-39.61283
2974155000.0,-39.62123
2974155156.25,-39.61521
2974155312.5,-39.63544
2974155468.75,-39.63176
2974155625.0,-39.61902
2974155781.25,-39.61415
2974155937.5,-39.64037
2974156093.75,-39.62078
2974156250.0,-39.64449
2974156406.25,-39.6447
2974156562.5,-39.64371
2974156718.75,-39.62914
2974156875.0,-39.63401
2974157031.25,-39.63599
2974157187.5,-39.64173
2974157343.75,-39.65402
2974157500.0,-39.65195
2974157656.25,-39.66354
2974157812.5,-39.6572
2974157968.75,-39.6671
2974158125.0,-39.64353
2974158281.25,-39.68115
2974158437.5,-39.67776
2974158593.75,-39.67895
2974158750.0,-39.67064
2974158906.25,-39.67478
2974159062.5,-39.67703
2974159218.75,-39.6854
2974159375.0,-39.6627
2974159531.25,-39.70125
2974159687.5,-39.68944
2974159843.75,-39.7004
2974160000.0,-39.70138
2974160156.25,-39.69589
2974160312.5,-39.69756
2974160468.75,-39.69659
2974160625.0,-39.69755
2974160781.25,-39.70184
2974160937.5,-39.71955
2974161093.75,-39.71007
2974161250.0,-39.69598
2974161406.25,-39.71416
2974161562.5,-39.71593
2974161718.75,-39.72345
2974161875.0,-39.71095
2974162031.25,-39.74168
2974162187.5,-39.73333
2974162343.75,-39.73935
2974162500.0,-39.73656
2974162656.25,-39.74721
2974162812.5,-39.72556
2974162968.75,-39.74382
2974163125.0,-39.72792
2974163281.25,-39.74077
2974163437.5,-39.74284
2974163593.75,-39.75802
2974163750.0,-39.74788
2974163906.25,-39.74622
2974164062.5,-39.76363
2974164218.75,-39.76512
2974164375.0,-39.77127
2974164531.25,-39.77719
2974164687.5,-39.76816
2974164843.75,-39.77766
2974165000.0,-39.76618
2974165156.25,-39.77282
2974165312.5,-39.76387
2974165468.75,-39.78868
2974165625.0,-39.7919
2974165781.25,-39.78105
2974165937.5,-39.78837
2974166093.75,-39.77105
2974166250.0,-39.80114
2974166406.25,-39.78807
2974166562.5,-39.79204
2974166718.75,-39.7951
2974166875.0,-39.78233
2974167031.25,-39.79033
2974167187.5,-39.81499
2974167343.75,-39.81092
2974167500.0,-39.80613
2974167656.25,-39.81763
2974167812.5,-39.81635
2974167968.75,-39.81182
2974168125.0,-39.82306
2974168281.25,-39.81419
2974168437.5,-39.82129
2974168593.75,-39.82193
2974168750.0,-39.83996
2974168906.25,-39.82623
2974169062.5,-39.82375
2974169218.75,-39.82254
2974169375.0,-39.83968
2974169531.25,-39.83287
2974169687.5,-39.8261
2974169843.75,-39.8324
2974170000.0,-39.85183
2974170156.25,-39.85346
2974170312.5,-39.86372
2974170468.75,-39.8339
2974170625.0,-39.872
2974170781.25,-39.84977
2974170937.5,-39.85949
2974171093.75,-39.84624
2974171250.0,-39.8521
2974171406.25,-39.87782
2974171562.5,-39.85908
2974171718.75,-39.86131
2974171875.0,-39.87531
2974172031.25,-39.88372
2974172187.5,-39.87088
2974172343.75,-39.86688
2974172500.0,-39.88675
2974172656.25,-39.88645
2974172812.5,-39.87745
2974172968.75,-39.88383
2974173125.0,-39.87772
2974173281.25,-39.89849
2974173437.5,-39.86452
2974173593.75,-39.8846
2974173750.0,-39.9008
2974173906.25,-39.90171
2974174062.5,-39.90844
2974174218.75,-39.90849
2974174375.0,-39.91753
2974174531.25,-39.90995
2974174687.5,-39.90733
2974174843.75,-39.90202
2974175000.0,-39.92422
2974175156.25,-39.9092
2974175312.5,-39.90341
2974175468.75,-39.92241
2974175625.0,-39.93054
2974175781.25,-39.92759
2974175937.5,-39.93312
2974176093.75,-39.93401
2974176250.0,-39.91829
2974176406.25,-39.94343
2974176562.5,-39.93405
2974176718.75,-39.94476
2974176875.0,-39.92931
2974177031.25,-39.94596
2974177187.5,-39.93805
2974177343.75,-39.94664
2974177500.0,-39.96288
2974177656.25,-39.96201
2974177812.5,-39.96182
2974177968.75,-39.93408
2974178125.0,-39.94379
2974178281.25,-39.95755
2974178437.5,-39.97931
2974178593.75,-39.9666
2974178750.0,-39.96865
2974178906.25,-39.98663
2974179062.5,-39.97525
2974179218.75,-39.98658
2974179375.0,-39.99378
2974179531.25,-39.97871
2974179687.5,-39.98332
2974179843.75,-39.99023
2974180000.0,-39.99453
2974180156.25,-39.99262
2974180312.5,-39.98496
2974180468.75,-39.9813
2974180625.0,-39.98967
2974180781.25,-40.01107
2974180937.5,-40.00139
2974181093.75,-39.98559
2974181250.0,-40.02241
2974181406.25,-40.01999
2974181562.5,-39.99447
2974181718.75,-40.00914
2974181875.0,-40.01252
2974182031.25,-40.01727
2974182187.5,-40.01778
2974182343.75,-40.01587
2974182500.0,-40.01234
2974182656.25,-40.02831
2974182812.5,-40.03632
2974182968.75,-40.02503
2974183125.0,-40.04063
2974183281.25,-40.04081
2974183437.5,-40.04238
2974183593.75,-40.04734
2974183750.0,-40.04261
2974183906.25,-40.04494
2974184062.5,-40.02374
2974184218.75,-40.05006
2974184375.0,-40.02868
2974184531.25,-40.05139
2974184687.5,-40.05961
2974184843.75,-40.06593
2974185000.0,-40.05659
2974185156.25,-40.05941
2974185312.5,-40.05778
2974185468.75,-40.0759
2974185625.0,-40.07376
2974185781.25,-40.0701
2974185937.5,-40.06696
2974186093.75,-40.08565
2974186250.0,-40.06757
2974186406.25,-40.08501
2974186562.5,-40.07604
2974186718.75,-40.10125
2974186875.0,-40.08384
2974187031.25,-40.09356
2974187187.5,-40.08465
2974187343.75,-40.0984
2974187500.0,-40.10112
2974187656.25,-40.09066
2974187812.5,-40.09882
2974187968.75,-40.09494
2974188125.0,-40.12236
2974188281.25,-40.10798
2974188437.5,-40.10775
2974188593.75,-40.1094
2974188750.0,-40.10442
2974188906.25,-40.10216
2974189062.5,-40.12814
2974189218.75,-40.12628
2974189375.0,-40.10553
2974189531.25,-40.12118
2974189687.5,-40.1067
2974189843.75,-40.13685
2974190000.0,-40.12007
2974190156.25,-40.11774
2974190312.5,-40.13411
2974190468.75,-40.13475
2974190625.0,-40.13173
2974190781.25,-40.14308
2974190937.5,-40.16376
2974191093.75,-40.14041
2974191250.0,-40.16979
2974191406.25,-40.1525
2974191562.5,-40.14753
2974191718.75,-40.15276
2974191875.0,-40.16366
2974192031.25,-40.15811
2974192187.5,-40.15396
2974192343.75,-40.16474
2974192500.0,-40.19173
2974192656.25,-40.18158
2974192812.5,-40.16975
2974192968.75,-40.19071
2974193125.0,-40.16076
2974193281.25,-40.169
2974193437.5,-40.16579
2974193593.75,-40.18598
2974193750.0,-40.17216
2974193906.25,-40.18295
2974194062.5,-40.1801
2974194218.75,-40.19907
2974194375.0,-40.2132
2974194531.25,-40.17786
2974194687.5,-40.18812
2974194843.75,-40.19135
2974195000.0,-40.19861
2974195156.25,-40.21114
2974195312.5,-40.19458
2974195468.75,-40.20596
2974195625.0,-40.21121
2974195781.25,-40.19535
2974195937.5,-40.21151
2974196093.75,-40.20948
2974196250.0,-40.21178
2974196406.25,-40.21125
2974196562.5,-40.22996
2974196718.75,-40.23419
2974196875.0,-40.2374
2974197031.25,-40.21086
2974197187.5,-40.23673
2974197343.75,-40.22391
2974197500.0,-40.23402
2974197656.25,-40.23967
2974197812.5,-40.21454
2974197968.75,-40.25288
2974198125.0,-40.25888
2974198281.25,-40.22334
2974198437.5,-40.24561
2974198593.75,-40.24926
2974198750.0,-40.26995
2974198906.25,-40.24077
2974199062.5,-40.2678
2974199218.75,-40.26246
2974199375.0,-40.25224
2974199531.25,-40.2572
2974199687.5,-40.26073
2974199843.75,-40.24638
2974200000.0,-40.26903
2974200156.25,-40.28407
2974200312.5,-40.28761
2974200468.75,-40.2708
2974200625.0,-40.29606
2974200781.25,-40.27039
2974200937.5,-40.31207
2974201093.75,-40.28285
2974201250.0,-40.28801
2974201406.25,-40.29599
2974201562.5,-40.29475
2974201718.75,-40.28697
2974201875.0,-40.31709
2974202031.25,-40.2909
2974202187.5,-40.29992
2974202343.75,-40.29367
2974202500.0,-40.30831
2974202656.25,-40.30236
2974202812.5,-40.31498
2974202968.75,-40.30701
2974203125.0,-40.3139
2974203281.25,-40.32069
2974203437.5,-40.32082
2974203593.75,-40.30993
2974203750.0,-40.31913
2974203906.25,-40.30642
2974204062.5,-40.3119
2974204218.75,-40.31704
2974204375.0,-40.35038
2974204531.25,-40.32987
2974204687.5,-40.33963
2974204843.75,-40.34044
2974205000.0,-40.32631
2974205156.25,-40.34387
2974205312.5,-40.35078
2974205468.75,-40.35151
2974205625.0,-40.34568
2974205781.25,-40.34127
2974205937.5,-40.35211
2974206093.75,-40.36637
2974206250.0,-40.38083
2974206406.25,-40.35564
2974206562.5,-40.35808
2974206718.75,-40.36428
2974206875.0,-40.37516
2974207031.25,-40.36818
2974207187.5,-40.40234
2974207343.75,-40.38581
2974207500.0,-40.38482
2974207656.25,-40.36676
2974207812.5,-40.3905
2974207968.75,-40.38443
2974208125.0,-40.39364
2974208281.25,-40.39237
2974208437.5,-40.3785
2974208593.75,-40.38346
2974208750.0,-40.41804
2974208906.25,-40.39734
2974209062.5,-40.36659
2974209218.75,-40.38084
2974209375.0,-40.40115
2974209531.25,-40.40543
2974209687.5,-40.40255
2974209843.75,-40.41795
2974210000.0,-40.39161
2974210156.25,-40.41357
2974210312.5,-40.41189
2974210468.75,-40.41459
2974210625.0,-40.40306
2974210781.25,-40.41846
2974210937.5,-40.4042
2974211093.75,-40.42698
2974211250.0,-40.41218
2974211406.25,-40.43333
2974211562.5,-40.43251
2974211718.75,-40.44077
2974211875.0,-40.42395
2974212031.25,-40.4328
2974212187.5,-40.46039
2974212343.75,-40.44474
2974212500.0,-40.44139
2974212656.25,-40.43721
2974212812.5,-40.45186
2974212968.75,-40.43968
2974213125.0,-40.45313
2974213281.25,-40.46906
2974213437.5,-40.46854
2974213593.75,-40.46652
2974213750.0,-40.4635
2974213906.25,-40.46848
2974214062.5,-40.47887
2974214218.75,-40.47008
2974214375.0,-40.48196
2974214531.25,-40.4659
2974214687.5,-40.47503
2974214843.75,-40.47773
2974215000.0,-40.4676
2974215156.25,-40.47221
2974215312.5,-40.47427
2974215468.75,-40.48069
2974215625.0,-40.47792
2974215781.25,-40.50293
2974215937.5,-40.48302
2974216093.75,-40.4779
2974216250.0,-40.48336
2974216406.25,-40.49961
2974216562.5,-40.49285
2974216718.75,-40.52662
2974216875.0,-40.50539
2974217031.25,-40.51628
2974217187.5,-40.51325
2974217343.75,-40.53013
2974217500.0,-40.51815
2974217656.25,-40.50731
2974217812.5,-40.50576
2974217968.75,-40.51752
2974218125.0,-40.51641
2974218281.25,-40.52095
2974218437.5,-40.52502
2974218593.75,-40.53143
2974218750.0,-40.52384
2974218906.25,-40.5234
2974219062.5,-40.53738
2974219218.75,-40.54565
2974219375.0,-40.53177
2974219531.25,-40.53321
2974219687.5,-40.55788
2974219843.75,-40.5412
2974220000.0,-40.52634
2974220156.25,-40.55505
2974220312.5,-40.54344
2974220468.75,-40.56002
2974220625.0,-40.55869
2974220781.25,-40.54641
2974220937.5,-40.57612
2974221093.75,-40.54305
2974221250.0,-40.54614
2974221406.25,-40.55199
2974221562.5,-40.56343
2974221718.75,-40.57817
2974221875.0,-40.55777
2974222031.25,-40.58353
2974222187.5,-40.57231
2974222343.75,-40.59304
2974222500.0,-40.58984
2974222656.25,-40.58592
2974222812.5,-40.58132
2974222968.75,-40.57744
2974223125.0,-40.59745
2974223281.25,-40.57647
2974223437.5,-40.59502
2974223593.75,-40.59672
2974223750.0,-40.61096
2974223906.25,-40.57852
2974224062.5,-40.59034
2974224218.75,-40.59119
2974224375.0,-40.60365
2974224531.25,-40.62658
2974224687.5,-40.62326
2974224843.75,-40.62379
2974225000.0,-40.61414
2974225156.25,-40.60818
2974225312.5,-40.61673
2974225468.75,-40.60931
2974225625.0,-40.60985
2974225781.25,-40.62883
2974225937.5,-40.63634
2974226093.75,-40.62989
2974226250.0,-40.64156
2974226406.25,-40.62229
2974226562.5,-40.63941
2974226718.75,-40.64728
2974226875.0,-40.6469
2974227031.25,-40.63747
2974227187.5,-40.6488
2974227343.75,-40.64721
2974227500.0,-40.66365
2974227656.25,-40.64054
2974227812.5,-40.66122
2974227968.75,-40.66087
2974228125.0,-40.66682
2974228281.25,-40.66131
2974228437.5,-40.65481
2974228593.75,-40.65744
2974228750.0,-40.66729
2974228906.25,-40.6703
2974229062.5,-40.69079
2974229218.75,-40.68091
2974229375.0,-40.66989
2974229531.25,-40.6552
2974229687.5,-40.65795
2974229843.75,-40.68784
2974230000.0,-40.67337
2974230156.25,-40.68885
2974230312.5,-40.69942
2974230468.75,-40.67683
2974230625.0,-40.69777
2974230781.25,-40.6921
2974230937.5,-40.6905
2974231093.75,-40.69433
2974231250.0,-40.6923
2974231406.25,-40.69756
2974231562.5,-40.69135
2974231718.75,-40.71221
2974231875.0,-40.71931
2974232031.25,-40.70165
2974232187.5,-40.70337
2974232343.75,-40.73077
2974232500.0,-40.70258
2974232656.25,-40.70458
2974232812.5,-40.71453
2974232968.75,-40.7161
2974233125.0,-40.73565
2974233281.25,-40.73765
2974233437.5,-40.72503
2974233593.75,-40.73495
2974233750.0,-40.72086
2974233906.25,-40.73017
2974234062.5,-40.71497
2974234218.75,-40.73661
2974234375.0,-40.73629
2974234531.25,-40.75326
2974234687.5,-40.73333
2974234843.75,-40.74415
2974235000.0,-40.74986
2974235156.25,-40.76292
2974235312.5,-40.74337
2974235468.75,-40.75098
2974235625.0,-40.7594
2974235781.25,-40.76968
2974235937.5,-40.77163
2974236093.75,-40.78111
2974236250.0,-40.78178
2974236406.25,-40.77013
2974236562.5,-40.77616
2974236718.75,-40.7755
2974236875.0,-40.76044
2974237031.25,-40.77936
2974237187.5,-40.78016
2974237343.75,-40.78423
2974237500.0,-40.77906
2974237656.25,-40.79295
2974237812.5,-40.77478
2974237968.75,-40.77181
2974238125.0,-40.78886
2974238281.25,-40.79136
2974238437.5,-40.78989
2974238593.75,-40.79425
2974238750.0,-40.78598
2974238906.25,-40.80104
2974239062.5,-40.80397
2974239218.75,-40.79889
2974239375.0,-40.79771
2974239531.25,-40.77964
2974239687.5,-40.80745
2974239843.75,-40.82016
2974240000.0,-40.81487
2974240156.25,-40.8203
2974240312.5,-40.82919
2974240468.75,-40.82267
2974240625.0,-40.8353
2974240781.25,-40.81101
2974240937.5,-40.82619
2974241093.75,-40.82967
2974241250.0,-40.83791
2974241406.25,-40.81158
2974241562.5,-40.82479
2974241718.75,-40.84471
2974241875.0,-40.84266
2974242031.25,-40.83756
2974242187.5,-40.85413
2974242343.75,-40.85489
2974242500.0,-40.83999
2974242656.25,-40.85624
2974242812.5,-40.86147
2974242968.75,-40.84029
2974243125.0,-40.85838
2974243281.25,-40.85395
2974243437.5,-40.87922
2974243593.75,-40.8587
2974243750.0,-40.87959
2974243906.25,-40.85764
2974244062.5,-40.86317
2974244218.75,-40.88338
2974244375.0,-40.87925
2974244531.25,-40.86018
2974244687.5,-40.86718
2974244843.75,-40.89337
2974245000.0,-40.88032
2974245156.25,-40.87483
2974245312.5,-40.88149
2974245468.75,-40.89429
2974245625.0,-40.89306
2974245781.25,-40.8867
2974245937.5,-40.89613
2974246093.75,-40.87655
2974246250.0,-40.89185
2974246406.25,-40.91077
2974246562.5,-40.89584
2974246718.75,-40.91358
2974246875.0,-40.90778
2974247031.25,-40.91793
2974247187.5,-40.92196
2974247343.75,-40.91791
2974247500.0,-40.92315
2974247656.25,-40.94356
2974247812.5,-40.92187
2974247968.75,-40.92199
2974248125.0,-40.91347
2974248281.25,-40.90599
2974248437.5,-40.9277
2974248593.75,-40.91814
2974248750.0,-40.93585
2974248906.25,-40.92518
2974249062.5,-40.93453
2974249218.75,-40.93084
2974249375.0,-40.9357
2974249531.25,-40.93585
2974249687.5,-40.92435
2974249843.75,-40.95399
2974250000.0,-40.95853
2974250156.25,-40.92399
2974250312.5,-40.96065
2974250468.75,-40.9496
2974250625.0,-40.95164
2974250781.25,-40.95113
2974250937.5,-40.96165
2974251093.75,-40.95651
2974251250.0,-40.95755
2974251406.25,-40.95508
2974251562.5,-40.96231
2974251718.75,-40.95963
2974251875.0,-40.96936
2974252031.25,-40.98346
2974252187.5,-40.96937
2974252343.75,-40.97317
2974252500.0,-40.98187
2974252656.25,-40.98083
2974252812.5,-40.98748
2974252968.75,-40.9811
2974253125.0,-40.98787
2974253281.25,-40.9953
2974253437.5,-40.98347
2974253593.75,-41.00417
2974253750.0,-40.96881
2974253906.25,-40.97846
2974254062.5,-40.98752
2974254218.75,-41.0042
2974254375.0,-40.99369
2974254531.25,-40.99913
2974254687.5,-41.00172
2974254843.75,-40.98956
2974255000.0,-41.01184
2974255156.25,-41.01085
2974255312.5,-41.0202
2974255468.75,-41.02033
2974255625.0,-41.02202
2974255781.25,-41.01029
2974255937.5,-41.02385
2974256093.75,-41.02224
2974256250.0,-41.02528
2974256406.25,-41.02402
2974256562.5,-41.0364
2974256718.75,-41.04044
2974256875.0,-41.03885
2974257031.25,-41.02563
2974257187.5,-41.03041
2974257343.75,-41.0541
2974257500.0,-41.03322
2974257656.25,-41.04076
2974257812.5,-41.05396
2974257968.75,-41.04663
2974258125.0,-41.04404
2974258281.25,-41.05627
2974258437.5,-41.03413
2974258593.75,-41.05266
2974258750.0,-41.04417
2974258906.25,-41.05867
2974259062.5,-41.0733
2974259218.75,-41.0388
2974259375.0,-41.06419
2974259531.25,-41.05619
2974259687.5,-41.07425
2974259843.75,-41.08171
2974260000.0,-41.06427
2974260156.25,-41.07569
2974260312.5,-41.07947
2974260468.75,-41.07508
2974260625.0,-41.09747
2974260781.25,-41.08643
2974260937.5,-41.09
2974261093.75,-41.10274
2974261250.0,-41.07957
2974261406.25,-41.08863
2974261562.5,-41.08541
2974261718.75,-41.09358
2974261875.0,-41.09331
2974262031.25,-41.1019
2974262187.5,-41.09091
2974262343.75,-41.09682
2974262500.0,-41.09094
2974262656.25,-41.11945
2974262812.5,-41.11019
2974262968.75,-41.11541
2974263125.0,-41.10284
2974263281.25,-41.10894
2974263437.5,-41.10281
2974263593.75,-41.10749
2974263750.0,-41.13774
2974263906.25,-41.12801
2974264062.5,-41.10316
2974264218.75,-41.13398
2974264375.0,-41.10555
2974264531.25,-41.12756
2974264687.5,-41.13837
2974264843.75,-41.15559
2974265000.0,-41.14038
2974265156.25,-41.13834
2974265312.5,-41.13834
2974265468.75,-41.12678
2974265625.0,-41.13379
2974265781.25,-41.15741
2974265937.5,-41.14799
2974266093.75,-41.15786
2974266250.0,-41.14619
2974266406.25,-41.14293
2974266562.5,-41.16763
2974266718.75,-41.13308
2974266875.0,-41.17062
2974267031.25,-41.17065
2974267187.5,-41.18761
2974267343.75,-41.16736
2974267500.0,-41.16899
2974267656.25,-41.16956
2974267812.5,-41.16903
2974267968.75,-41.17741
2974268125.0,-41.17388
2974268281.25,-41.17428
2974268437.5,-41.19115
2974268593.75,-41.20046
2974268750.0,-41.17183
2974268906.25,-41.18713
2974269062.5,-41.19195
2974269218.75,-41.17808
2974269375.0,-41.19534
2974269531.25,-41.19535
2974269687.5,-41.19802
2974269843.75,-41.20401
2974270000.0,-41.2108
2974270156.25,-41.19761
2974270312.5,-41.21109
2974270468.75,-41.19955
2974270625.0,-41.19771
2974270781.25,-41.21585
2974270937.5,-41.21791
2974271093.75,-41.22674
2974271250.0,-41.21389
2974271406.25,-41.22416
2974271562.5,-41.23381
2974271718.75,-41.23816
2974271875.0,-41.23836
2974272031.25,-41.22051
2974272187.5,-41.23461
2974272343.75,-41.22239
2974272500.0,-41.23361
2974272656.25,-41.23438
2974272812.5,-41.22031
2974272968.75,-41.2349
2974273125.0,-41.2427
2974273281.25,-41.24301
2974273437.5,-41.23624
2974273593.75,-41.24366
2974273750.0,-41.2597
2974273906.25,-41.2524
2974274062.5,-41.23662
2974274218.75,-41.23211
2974274375.0,-41.26088
2974274531.25,-41.24157
2974274687.5,-41.24736
2974274843.75,-41.27044
2974275000.0,-41.2641
2974275156.25,-41.2682
2974275312.5,-41.28389
2974275468.75,-41.25227
2974275625.0,-41.28447
2974275781.25,-41.27608
2974275937.5,-41.28699
2974276093.75,-41.25699
2974276250.0,-41.286
2974276406.25,-41.27852
2974276562.5,-41.29936
2974276718.75,-41.27105
2974276875.0,-41.27851
2974277031.25,-41.28546
2974277187.5,-41.28126
2974277343.75,-41.29811
2974277500.0,-41.28242
2974277656.25,-41.31415
2974277812.5,-41.32658
2974277968.75,-41.2844
2974278125.0,-41.29151
2974278281.25,-41.30805
2974278437.5,-41.31278
2974278593.75,-41.29129
2974278750.0,-41.30754
2974278906.25,-41.30574
2974279062.5,-41.31636
2974279218.75,-41.31327
2974279375.0,-41.33511
2974279531.25,-41.31929
2974279687.5,-41.33121
2974279843.75,-41.31969
2974280000.0,-41.32226
2974280156.25,-41.32648
2974280312.5,-41.33751
2974280468.75,-41.33689
2974280625.0,-41.3347
2974280781.25,-41.32271
2974280937.5,-41.32987
2974281093.75,-41.33631
2974281250.0,-41.34387
2974281406.25,-41.33498
2974281562.5,-41.35115
2974281718.75,-41.34838
2974281875.0,-41.35836
2974282031.25,-41.34521
2974282187.5,-41.34818
2974282343.75,-41.34657
2974282500.0,-41.37373
2974282656.25,-41.35096
2974282812.5,-41.35852
2974282968.75,-41.37109
2974283125.0,-41.35085
2974283281.25,-41.37275
2974283437.5,-41.36767
2974283593.75,-41.36934
2974283750.0,-41.3524
2974283906.25,-41.37023
2974284062.5,-41.38502
2974284218.75,-41.36881
2974284375.0,-41.38285
2974284531.25,-41.39293
2974284687.5,-41.38617
2974284843.75,-41.39442
2974285000.0,-41.39469
2974285156.25,-41.39592
2974285312.5,-41.42103
2974285468.75,-41.40608
2974285625.0,-41.39589
2974285781.25,-41.39564
2974285937.5,-41.38486
2974286093.75,-41.40449
2974286250.0,-41.39812
2974286406.25,-41.40606
2974286562.5,-41.41022
2974286718.75,-41.40659
2974286875.0,-41.40203
2974287031.25,-41.41111
2974287187.5,-41.42413
2974287343.75,-41.41555
2974287500.0,-41.42001
2974287656.25,-41.42481
2974287812.5,-41.41693
2974287968.75,-41.4254
2974288125.0,-41.42419
2974288281.25,-41.44422
2974288437.5,-41.42137
2974288593.75,-41.42239
2974288750.0,-41.45089
2974288906.25,-41.43669
2974289062.5,-41.45888
2974289218.75,-41.42459
2974289375.0,-41.42327
2974289531.25,-41.44864
2974289687.5,-41.44234
2974289843.75,-41.44664
2974290000.0,-41.43156
2974290156.25,-41.45976
2974290312.5,-41.45966
2974290468.75,-41.46019
2974290625.0,-41.47378
2974290781.25,-41.46024
2974290937.5,-41.44948
2974291093.75,-41.47088
2974291250.0,-41.48175
2974291406.25,-41.46833
2974291562.5,-41.48977
2974291718.75,-41.47334
2974291875.0,-41.47194
2974292031.25,-41.47938
2974292187.5,-41.47745
2974292343.75,-41.47783
2974292500.0,-41.48503
2974292656.25,-41.47837
2974292812.5,-41.48555
2974292968.75,-41.47714
2974293125.0,-41.48864
2974293281.25,-41.46823
2974293437.5,-41.49308
2974293593.75,-41.51064
2974293750.0,-41.48824
2974293906.25,-41.49755
2974294062.5,-41.49159
2974294218.75,-41.49277
2974294375.0,-41.48605
2974294531.25,-41.50557
2974294687.5,-41.48227
2974294843.75,-41.49669
2974295000.0,-41.51662
2974295156.25,-41.50733
2974295312.5,-41.52123
2974295468.75,-41.50442
2974295625.0,-41.53833
2974295781.25,-41.52942
2974295937.5,-41.51217
2974296093.75,-41.52259
2974296250.0,-41.53263
2974296406.25,-41.52398
2974296562.5,-41.53016
2974296718.75,-41.52481
2974296875.0,-41.52586
2974297031.25,-41.51938
2974297187.5,-41.5548
2974297343.75,-41.52473
2974297500.0,-41.53378
2974297656.25,-41.52761
2974297812.5,-41.54249
2974297968.75,-41.54911
2974298125.0,-41.56525
2974298281.25,-41.54816
2974298437.5,-41.54802
2974298593.75,-41.54538
2974298750.0,-41.53212
2974298906.25,-41.55536
2974299062.5,-41.56939
2974299218.75,-41.55094
2974299375.0,-41.5716
2974299531.25,-41.55394
2974299687.5,-41.57071
2974299843.75,-41.57431
2974300000.0,-41.58136
2974300156.25,-41.55868
2974300312.5,-41.56397
2974300468.75,-41.56469
2974300625.0,-41.56084
2974300781.25,-41.58107
2974300937.5,-41.58723
2974301093.75,-41.58311
2974301250.0,-41.577
2974301406.25,-41.58615
2974301562.5,-41.59195
2974301718.75,-41.58567
2974301875.0,-41.59277
2974302031.25,-41.60661
2974302187.5,-41.60318
2974302343.75,-41.60246
2974302500.0,-41.5841
2974302656.25,-41.5915
2974302812.5,-41.61275
2974302968.75,-41.60392
2974303125.0,-41.6022
2974303281.25,-41.59336
2974303437.5,-41.60601
2974303593.75,-41.60578
2974303750.0,-41.62687
2974303906.25,-41.6087
2974304062.5,-41.62506
2974304218.75,-41.62231
2974304375.0,-41.62716
2974304531.25,-41.60883
2974304687.5,-41.62992
2974304843.75,-41.6198
2974305000.0,-41.64246
2974305156.25,-41.64475
2974305312.5,-41.61949
2974305468.75,-41.6511
2974305625.0,-41.63865
2974305781.25,-41.64845
2974305937.5,-41.64303
2974306093.75,-41.65419
2974306250.0,-41.63355
2974306406.25,-41.65137
2974306562.5,-41.66117
2974306718.75,-41.65207
2974306875.0,-41.66021
2974307031.25,-41.6427
2974307187.5,-41.65877
2974307343.75,-41.65479
2974307500.0,-41.65921
2974307656.25,-41.6612
2974307812.5,-41.67892
2974307968.75,-41.66436
2974308125.0,-41.67213
2974308281.25,-41.6794
2974308437.5,-41.67263
2974308593.75,-41.68382
2974308750.0,-41.68819
2974308906.25,-41.69175
2974309062.5,-41.69073
2974309218.75,-41.68784
2974309375.0,-41.68991
2974309531.25,-41.687
2974309687.5,-41.68504
2974309843.75,-41.68352
2974310000.0,-41.68272
2974310156.25,-41.69846
2974310312.5,-41.67619
2974310468.75,-41.68824
2974310625.0,-41.68636
2974310781.25,-41.69673
2974310937.5,-41.69963
2974311093.75,-41.71917
2974311250.0,-41.71062
2974311406.25,-41.689
2974311562.5,-41.69664
2974311718.75,-41.72803
2974311875.0,-41.72357
2974312031.25,-41.72627
2974312187.5,-41.7333
2974312343.75,-41.71163
2974312500.0,-41.73146
2974312656.25,-41.72774
2974312812.5,-41.71756
2974312968.75,-41.72967
2974313125.0,-41.7237
2974313281.25,-41.73452
2974313437.5,-41.73875
2974313593.75,-41.73851
2974313750.0,-41.7325
2974313906.25,-41.75131
2974314062.5,-41.73088
2974314218.75,-41.73891
2974314375.0,-41.72573
2974314531.25,-41.76263
2974314687.5,-41.77238
2974314843.75,-41.75165
2974315000.0,-41.72972
2974315156.25,-41.77894
2974315312.5,-41.73557
2974315468.75,-41.7513
2974315625.0,-41.76818
2974315781.25,-41.76716
2974315937.5,-41.75578
2974316093.75,-41.78334
2974316250.0,-41.76636
2974316406.25,-41.76446
2974316562.5,-41.76798
2974316718.75,-41.77433
2974316875.0,-41.76138
2974317031.25,-41.76159
2974317187.5,-41.78596
2974317343.75,-41.7863
2974317500.0,-41.78032
2974317656.25,-41.7931
2974317812.5,-41.77892
2974317968.75,-41.78216
2974318125.0,-41.76105
2974318281.25,-41.79425
2974318437.5,-41.81163
2974318593.75,-41.77656
2974318750.0,-41.79421
2974318906.25,-41.79168
2974319062.5,-41.7766
2974319218.75,-41.80405
2974319375.0,-41.79302
2974319531.25,-41.80082
2974319687.5,-41.78748
2974319843.75,-41.79154
2974320000.0,-41.79309
2974320156.25,-41.82158
2974320312.5,-41.79795
2974320468.75,-41.81838
2974320625.0,-41.81211
2974320781.25,-41.79844
2974320937.5,-41.82597
2974321093.75,-41.81166
2974321250.0,-41.81976
2974321406.25,-41.82322
2974321562.5,-41.80896
2974321718.75,-41.84352
2974321875.0,-41.83237
2974322031.25,-41.86719
2974322187.5,-41.81944
2974322343.75,-41.82523
2974322500.0,-41.8484
2974322656.25,-41.85337
2974322812.5,-41.84624
2974322968.75,-41.83652
2974323125.0,-41.85026
2974323281.25,-41.86139
2974323437.5,-41.83456
2974323593.75,-41.84638
2974323750.0,-41.86829
2974323906.25,-41.86331
2974324062.5,-41.85233
2974324218.75,-41.84527
2974324375.0,-41.86697
2974324531.25,-41.88747
2974324687.5,-41.85837
2974324843.75,-41.88082
2974325000.0,-41.87551
2974325156.25,-41.86584
2974325312.5,-41.87522
2974325468.75,-41.86455
2974325625.0,-41.86498
2974325781.25,-41.87101
2974325937.5,-41.8881
2974326093.75,-41.88501
2974326250.0,-41.876
2974326406.25,-41.88776
2974326562.5,-41.87407
2974326718.75,-41.885
2974326875.0,-41.88377
2974327031.25,-41.90412
2974327187.5,-41.87168
2974327343.75,-41.89614
2974327500.0,-41.89733
2974327656.25,-41.88646
2974327812.5,-41.91244
2974327968.75,-41.90341
2974328125.0,-41.9085
2974328281.25,-41.89317
2974328437.5,-41.91998
2974328593.75,-41.91743
2974328750.0,-41.91196
2974328906.25,-41.92547
2974329062.5,-41.92229
2974329218.75,-41.91407
2974329375.0,-41.90929
2974329531.25,-41.90718
2974329687.5,-41.93739
2974329843.75,-41.9192
2974330000.0,-41.92908
2974330156.25,-41.91736
2974330312.5,-41.94346
2974330468.75,-41.937
2974330625.0,-41.9373
2974330781.25,-41.94772
2974330937.5,-41.95403
2974331093.75,-41.94006
2974331250.0,-41.94754
2974331406.25,-41.95922
2974331562.5,-41.9422
2974331718.75,-41.94073
2974331875.0,-41.96181
2974332031.25,-41.94662
2974332187.5,-41.9481
2974332343.75,-41.95139
2974332500.0,-41.94024
2974332656.25,-41.93383
2974332812.5,-41.94003
2974332968.75,-41.96153
2974333125.0,-41.9694
2974333281.25,-41.94781
2974333437.5,-41.96479
2974333593.75,-41.97107
2974333750.0,-41.95438
2974333906.25,-41.98565
2974334062.5,-41.97055
2974334218.75,-41.96457
2974334375.0,-41.98343
2974334531.25,-41.97181
2974334687.5,-41.97779
2974334843.75,-41.97843
2974335000.0,-41.98857
2974335156.25,-41.99413
2974335312.5,-41.99311
2974335468.75,-41.9726
2974335625.0,-41.97969
2974335781.25,-41.98111
2974335937.5,-41.98491
2974336093.75,-41.98861
2974336250.0,-41.99446
2974336406.25,-41.99601
2974336562.5,-42.00346
2974336718.75,-42.00498
2974336875.0,-42.00517
2974337031.25,-42.01553
2974337187.5,-41.99979
2974337343.75,-42.01045
2974337500.0,-42.01958
2974337656.25,-42.00765
2974337812.5,-42.01814
2974337968.75,-42.01893
2974338125.0,-42.01275
2974338281.25,-42.03603
2974338437.5,-42.01398
2974338593.75,-42.03741
2974338750.0,-42.0027
2974338906.25,-42.03303
2974339062.5,-42.04653
2974339218.75,-42.01886
2974339375.0,-42.04167
2974339531.25,-42.04168
2974339687.5,-42.03685
2974339843.75,-42.03224
2974340000.0,-42.06152
2974340156.25,-42.04221
2974340312.5,-42.03308
2974340468.75,-42.0583
2974340625.0,-42.03774
2974340781.25,-42.06181
2974340937.5,-42.04921
2974341093.75,-42.06054
2974341250.0,-42.07168
2974341406.25,-42.06858
2974341562.5,-42.07152
2974341718.75,-42.0647
2974341875.0,-42.0569
2974342031.25,-42.07224
2974342187.5,-42.07994
2974342343.75,-42.06697
2974342500.0,-42.06919
2974342656.25,-42.08253
2974342812.5,-42.05361
2974342968.75,-42.07523
2974343125.0,-42.0634
2974343281.25,-42.0783
2974343437.5,-42.114
2974343593.75,-42.09045
2974343750.0,-42.07914
2974343906.25,-42.09167
2974344062.5,-42.07776
2974344218.75,-42.10185
2974344375.0,-42.0672
2974344531.25,-42.09027
2974344687.5,-42.11269
2974344843.75,-42.10784
2974345000.0,-42.10633
2974345156.25,-42.09238
2974345312.5,-42.10871
2974345468.75,-42.10745
2974345625.0,-42.09093
2974345781.25,-42.08998
2974345937.5,-42.11529
2974346093.75,-42.13623
2974346250.0,-42.11129
2974346406.25,-42.10857
2974346562.5,-42.09334
2974346718.75,-42.13334
2974346875.0,-42.14544
2974347031.25,-42.1249
2974347187.5,-42.11441
2974347343.75,-42.09428
2974347500.0,-42.13927
2974347656.25,-42.10871
2974347812.5,-42.13351
2974347968.75,-42.14252
2974348125.0,-42.12677
2974348281.25,-42.11034
2974348437.5,-42.16041
2974348593.75,-42.1405
2974348750.0,-42.15192
2974348906.25,-42.14322
2974349062.5,-42.14212
2974349218.75,-42.14387
2974349375.0,-42.15001
2974349531.25,-42.13581
2974349687.5,-42.14423
2974349843.75,-42.14412
2974350000.0,-42.14819
2974350156.25,-42.17497
2974350312.5,-42.16096
2974350468.75,-42.16297
2974350625.0,-42.16589
2974350781.25,-42.15373
2974350937.5,-42.18909
2974351093.75,-42.16719
2974351250.0,-42.18409
2974351406.25,-42.15268
2974351562.5,-42.20245
2974351718.75,-42.16812
2974351875.0,-42.1596
2974352031.25,-42.20324
2974352187.5,-42.17704
2974352343.75,-42.19176
2974352500.0,-42.19854
2974352656.25,-42.17643
2974352812.5,-42.19255
2974352968.75,-42.18217
2974353125.0,-42.20024
2974353281.25,-42.19584
2974353437.5,-42.19709
2974353593.75,-42.20161
2974353750.0,-42.1951
2974353906.25,-42.1848
2974354062.5,-42.19537
2974354218.75,-42.19151
2974354375.0,-42.19093
2974354531.25,-42.18766
2974354687.5,-42.23391
2974354843.75,-42.18655
2974355000.0,-42.21164
2974355156.25,-42.22723
2974355312.5,-42.22466
2974355468.75,-42.20472
2974355625.0,-42.22147
2974355781.25,-42.21584
2974355937.5,-42.2019
2974356093.75,-42.2369
2974356250.0,-42.23412
2974356406.25,-42.25616
2974356562.5,-42.22773
2974356718.75,-42.22275
2974356875.0,-42.20904
2974357031.25,-42.22268
2974357187.5,-42.23058
2974357343.75,-42.24669
2974357500.0,-42.24126
2974357656.25,-42.22677
2974357812.5,-42.2096
2974357968.75,-42.2528
2974358125.0,-42.27047
2974358281.25,-42.24509
2974358437.5,-42.26259
2974358593.75,-42.2476
2974358750.0,-42.26455
2974358906.25,-42.26169
2974359062.5,-42.25607
2974359218.75,-42.26225
2974359375.0,-42.25195
2974359531.25,-42.25482
2974359687.5,-42.26916
2974359843.75,-42.27457
2974360000.0,-42.25364
2974360156.25,-42.27555
2974360312.5,-42.24267
2974360468.75,-42.28753
2974360625.0,-42.28484
2974360781.25,-42.27588
2974360937.5,-42.28401
2974361093.75,-42.26798
2974361250.0,-42.2816
2974361406.25,-42.28979
2974361562.5,-42.31225
2974361718.75,-42.28487
2974361875.0,-42.30465
2974362031.25,-42.29708
2974362187.5,-42.2979
2974362343.75,-42.28653
2974362500.0,-42.26568
2974362656.25,-42.31058
2974362812.5,-42.29968
2974362968.75,-42.2986
2974363125.0,-42.30851
2974363281.25,-42.3007
2974363437.5,-42.28904
2974363593.75,-42.32568
2974363750.0,-42.32036
2974363906.25,-42.31747
2974364062.5,-42.30716
2974364218.75,-42.29676
2974364375.0,-42.32663
2974364531.25,-42.29216
2974364687.5,-42.32131
2974364843.75,-42.31824
2974365000.0,-42.32611
2974365156.25,-42.32463
2974365312.5,-42.31722
2974365468.75,-42.31047
2974365625.0,-42.32732
2974365781.25,-42.31898
2974365937.5,-42.34213
2974366093.75,-42.2943
2974366250.0,-42.34258
2974366406.25,-42.35214
2974366562.5,-42.33461
2974366718.75,-42.31755
2974366875.0,-42.34726
2974367031.25,-42.33822
2974367187.5,-42.35197
2974367343.75,-42.36938
2974367500.0,-42.34911
2974367656.25,-42.36703
2974367812.5,-42.34979
2974367968.75,-42.34785
2974368125.0,-42.38226
2974368281.25,-42.36098
2974368437.5,-42.37997
2974368593.75,-42.36959
2974368750.0,-42.37047
2974368906.25,-42.35468
2974369062.5,-42.36761
2974369218.75,-42.37424
2974369375.0,-42.37056
2974369531.25,-42.36874
2974369687.5,-42.36619
2974369843.75,-42.35739
2974370000.0,-42.3903
2974370156.25,-42.38139
2974370312.5,-42.39489
2974370468.75,-42.35479
2974370625.0,-42.39294
2974370781.25,-42.38296
2974370937.5,-42.37179
2974371093.75,-42.3878
2974371250.0,-42.38795
2974371406.25,-42.38707
2974371562.5,-42.38369
2974371718.75,-42.4055
2974371875.0,-42.39022
2974372031.25,-42.40843
2974372187.5,-42.39978
2974372343.75,-42.39117
2974372500.0,-42.42349
2974372656.25,-42.39111
2974372812.5,-42.41577
2974372968.75,-42.40332
2974373125.0,-42.40325
2974373281.25,-42.42414
2974373437.5,-42.42049
2974373593.75,-42.42752
2974373750.0,-42.40875
2974373906.25,-42.42255
2974374062.5,-42.38694
2974374218.75,-42.4313
2974374375.0,-42.45464
2974374531.25,-42.43122
2974374687.5,-42.42705
2974374843.75,-42.4433
2974375000.0,-42.44279
2974375156.25,-42.44714
2974375312.5,-42.44676
2974375468.75,-42.45525
2974375625.0,-42.40244
2974375781.25,-42.45036
2974375937.5,-42.44871
2974376093.75,-42.42471
2974376250.0,-42.41506
2974376406.25,-42.42616
2974376562.5,-42.46341
2974376718.75,-42.45785
2974376875.0,-42.46175
2974377031.25,-42.4768
2974377187.5,-42.46253
2974377343.75,-42.48651
2974377500.0,-42.45116
2974377656.25,-42.45858
2974377812.5,-42.46561
2974377968.75,-42.46136
2974378125.0,-42.46948
2974378281.25,-42.49144
2974378437.5,-42.46333
2974378593.75,-42.46613
2974378750.0,-42.48166
2974378906.25,-42.49163
2974379062.5,-42.47329
2974379218.75,-42.4678
2974379375.0,-42.4968
2974379531.25,-42.49553
2974379687.5,-42.48312
2974379843.75,-42.49633
2974380000.0,-42.50101
2974380156.25,-42.48697
2974380312.5,-42.47853
2974380468.75,-42.49528
2974380625.0,-42.48474
2974380781.25,-42.48499
2974380937.5,-42.50776
2974381093.75,-42.50545
2974381250.0,-42.50617
2974381406.25,-42.51203
2974381562.5,-42.50074
2974381718.75,-42.52408
2974381875.0,-42.50702
2974382031.25,-42.51026
2974382187.5,-42.5122
2974382343.75,-42.5288
2974382500.0,-42.50744
2974382656.25,-42.51436
2974382812.5,-42.49778
2974382968.75,-42.50594
2974383125.0,-42.50575
2974383281.25,-42.51884
2974383437.5,-42.52761
2974383593.75,-42.52209
2974383750.0,-42.51182
2974383906.25,-42.53991
2974384062.5,-42.52016
2974384218.75,-42.53809
2974384375.0,-42.52797
2974384531.25,-42.54949
2974384687.5,-42.54809
2974384843.75,-42.55829
2974385000.0,-42.5659
2974385156.25,-42.53385
2974385312.5,-42.54971
2974385468.75,-42.54028
2974385625.0,-42.53543
2974385781.25,-42.57159
2974385937.5,-42.54905
2974386093.75,-42.55429
2974386250.0,-42.53434
2974386406.25,-42.56815
2974386562.5,-42.55552
2974386718.75,-42.54897
2974386875.0,-42.57206
2974387031.25,-42.56554
2974387187.5,-42.55887
2974387343.75,-42.59444
2974387500.0,-42.60105
2974387656.25,-42.56327
2974387812.5,-42.56229
2974387968.75,-42.5725
2974388125.0,-42.56009
2974388281.25,-42.56402
2974388437.5,-42.56674
2974388593.75,-42.58521
2974388750.0,-42.58398
2974388906.25,-42.59022
2974389062.5,-42.56898
2974389218.75,-42.5768
2974389375.0,-42.5814
2974389531.25,-42.59975
2974389687.5,-42.56535
2974389843.75,-42.5795
2974390000.0,-42.59619
2974390156.25,-42.59928
2974390312.5,-42.58012
2974390468.75,-42.60178
2974390625.0,-42.60549
2974390781.25,-42.59888
2974390937.5,-42.62807
2974391093.75,-42.60764
2974391250.0,-42.63032
2974391406.25,-42.61037
2974391562.5,-42.60324
2974391718.75,-42.60819
2974391875.0,-42.63017
2974392031.25,-42.64146
2974392187.5,-42.62946
2974392343.75,-42.60151
2974392500.0,-42.62553
2974392656.25,-42.61129
2974392812.5,-42.63436
2974392968.75,-42.62446
2974393125.0,-42.63168
2974393281.25,-42.63062
2974393437.5,-42.6481
2974393593.75,-42.64486
2974393750.0,-42.65366
2974393906.25,-42.65639
2974394062.5,-42.64378
2974394218.75,-42.62086
2974394375.0,-42.67074
2974394531.25,-42.65194
2974394687.5,-42.65321
2974394843.75,-42.65136
2974395000.0,-42.68454
2974395156.25,-42.66223
2974395312.5,-42.66553
2974395468.75,-42.6525
2974395625.0,-42.67194
2974395781.25,-42.6547
2974395937.5,-42.67526
2974396093.75,-42.68111
2974396250.0,-42.65471
2974396406.25,-42.69643
2974396562.5,-42.67754
2974396718.75,-42.65362
2974396875.0,-42.66962
2974397031.25,-42.68057
2974397187.5,-42.67593
2974397343.75,-42.66298
2974397500.0,-42.69963
2974397656.25,-42.69033
2974397812.5,-42.69973
2974397968.75,-42.68548
2974398125.0,-42.67439
2974398281.25,-42.68801
2974398437.5,-42.67441
2974398593.75,-42.66101
2974398750.0,-42.70857
2974398906.25,-42.68528
2974399062.5,-42.69239
2974399218.75,-42.68091
2974399375.0,-42.70736
2974399531.25,-42.71056
2974399687.5,-42.69161
2974399843.75,-42.71804
2974400000.0,-42.72332
2974400156.25,-42.72085
2974400312.5,-42.70637
2974400468.75,-42.71537
2974400625.0,-42.71418
2974400781.25,-42.71463
2974400937.5,-42.70837
2974401093.75,-42.69299
2974401250.0,-42.7356
2974401406.25,-42.70021
2974401562.5,-42.73727
2974401718.75,-42.72885
2974401875.0,-42.7104
2974402031.25,-42.74343
2974402187.5,-42.7353
2974402343.75,-42.73975
2974402500.0,-42.72869
2974402656.25,-42.72401
2974402812.5,-42.74527
2974402968.75,-42.73299
2974403125.0,-42.73893
2974403281.25,-42.72507
2974403437.5,-42.74668
2974403593.75,-42.7583
2974403750.0,-42.73251
2974403906.25,-42.76678
2974404062.5,-42.76569
2974404218.75,-42.75005
2974404375.0,-42.74467
2974404531.25,-42.72815
2974404687.5,-42.75144
2974404843.75,-42.76029
2974405000.0,-42.76493
2974405156.25,-42.78233
2974405312.5,-42.73214
2974405468.75,-42.78287
2974405625.0,-42.78338
2974405781.25,-42.79615
2974405937.5,-42.77745
2974406093.75,-42.76769
2974406250.0,-42.76387
2974406406.25,-42.76911
2974406562.5,-42.76736
2974406718.75,-42.77626
2974406875.0,-42.78465
2974407031.25,-42.77963
2974407187.5,-42.77981
2974407343.75,-42.78241
2974407500.0,-42.76566
2974407656.25,-42.77589
2974407812.5,-42.80266
2974407968.75,-42.7822
2974408125.0,-42.7886
2974408281.25,-42.75688
2974408437.5,-42.8098
2974408593.75,-42.79318
2974408750.0,-42.79949
2974408906.25,-42.78208
2974409062.5,-42.81061
2974409218.75,-42.78958
2974409375.0,-42.78992
2974409531.25,-42.79077
2974409687.5,-42.81463
2974409843.75,-42.80254
2974410000.0,-42.80808
2974410156.25,-42.80909
2974410312.5,-42.78597
2974410468.75,-42.80477
2974410625.0,-42.78944
2974410781.25,-42.79505
2974410937.5,-42.82372
2974411093.75,-42.82228
2974411250.0,-42.83295
2974411406.25,-42.8328
2974411562.5,-42.8301
2974411718.75,-42.827
2974411875.0,-42.85652
2974412031.25,-42.85609
2974412187.5,-42.86031
2974412343.75,-42.82686
2974412500.0,-42.83433
2974412656.25,-42.84705
2974412812.5,-42.83258
2974412968.75,-42.84801
2974413125.0,-42.83842
2974413281.25,-42.85025
2974413437.5,-42.84924
2974413593.75,-42.86614
2974413750.0,-42.84469
2974413906.25,-42.85165
2974414062.5,-42.85744
2974414218.75,-42.85137
2974414375.0,-42.86271
2974414531.25,-42.8604
2974414687.5,-42.85927
2974414843.75,-42.85825
2974415000.0,-42.88394
2974415156.25,-42.86834
2974415312.5,-42.85726
2974415468.75,-42.89619
2974415625.0,-42.8495
2974415781.25,-42.88665
2974415937.5,-42.88163
2974416093.75,-42.88504
2974416250.0,-42.87946
2974416406.25,-42.85764
2974416562.5,-42.88651
2974416718.75,-42.86293
2974416875.0,-42.88973
2974417031.25,-42.9038
2974417187.5,-42.90275
2974417343.75,-42.89639
2974417500.0,-42.91683
2974417656.25,-42.91559
2974417812.5,-42.8955
2974417968.75,-42.89815
2974418125.0,-42.90226
2974418281.25,-42.93803
2974418437.5,-42.90199
2974418593.75,-42.90283
2974418750.0,-42.90657
2974418906.25,-42.88768
2974419062.5,-42.91045
2974419218.75,-42.90964
2974419375.0,-42.90644
2974419531.25,-42.91868
2974419687.5,-42.89502
2974419843.75,-42.93973
2974420000.0,-42.9245
2974420156.25,-42.93861
2974420312.5,-42.9284
2974420468.75,-42.933
2974420625.0,-42.91923
2974420781.25,-42.92357
2974420937.5,-42.91257
2974421093.75,-42.93761
2974421250.0,-42.92556
2974421406.25,-42.9563
2974421562.5,-42.92115
2974421718.75,-42.95163
2974421875.0,-42.91273
2974422031.25,-42.93233
2974422187.5,-42.96152
2974422343.75,-42.92694
2974422500.0,-42.93803
2974422656.25,-42.93849
2974422812.5,-42.96904
2974422968.75,-42.94321
2974423125.0,-42.94754
2974423281.25,-42.9391
2974423437.5,-42.94448
2974423593.75,-42.94931
2974423750.0,-42.95938
2974423906.25,-42.96977
2974424062.5,-42.94553
2974424218.75,-42.95446
2974424375.0,-42.95615
2974424531.25,-42.95233
2974424687.5,-42.97088
2974424843.75,-42.97899
2974425000.0,-42.95886
2974425156.25,-42.9604
2974425312.5,-42.9694
2974425468.75,-42.9604
2974425625.0,-42.9951
2974425781.25,-42.99334
2974425937.5,-42.96376
2974426093.75,-42.97634
2974426250.0,-42.95347
2974426406.25,-42.96847
2974426562.5,-42.99286
2974426718.75,-42.97245
2974426875.0,-42.98268
2974427031.25,-42.98261
2974427187.5,-42.97975
2974427343.75,-42.9975
2974427500.0,-42.97193
2974427656.25,-42.9777
2974427812.5,-42.9933
2974427968.75,-42.99844
2974428125.0,-42.97796
2974428281.25,-43.01473
2974428437.5,-42.99126
2974428593.75,-43.00515
2974428750.0,-43.01422
2974428906.25,-43.02383
2974429062.5,-43.02412
2974429218.75,-43.0112
2974429375.0,-43.01921
2974429531.25,-43.0441
2974429687.5,-43.01538
2974429843.75,-43.01286
2974430000.0,-43.00138
2974430156.25,-43.02042
2974430312.5,-43.00023
2974430468.75,-43.01169
2974430625.0,-43.03333
2974430781.25,-43.01822
2974430937.5,-43.04864
2974431093.75,-43.01954
2974431250.0,-43.02387
2974431406.25,-43.02657
2974431562.5,-43.04322
2974431718.75,-43.05549
2974431875.0,-43.04838
2974432031.25,-43.04011
2974432187.5,-43.02578
2974432343.75,-43.02695
2974432500.0,-43.03012
2974432656.25,-43.06968
2974432812.5,-43.04739
2974432968.75,-43.05022
2974433125.0,-43.05678
2974433281.25,-43.06277
2974433437.5,-43.06816
2974433593.75,-43.07603
2974433750.0,-43.04731
2974433906.25,-43.04425
2974434062.5,-43.0613
2974434218.75,-43.05588
2974434375.0,-43.05739
2974434531.25,-43.05384
2974434687.5,-43.08392
2974434843.75,-43.0874
2974435000.0,-43.07447
2974435156.25,-43.08755
2974435312.5,-43.08149
2974435468.75,-43.07407
2974435625.0,-43.08823
2974435781.25,-43.08211
2974435937.5,-43.1098
2974436093.75,-43.09383
2974436250.0,-43.07835
2974436406.25,-43.07063
2974436562.5,-43.08793
2974436718.75,-43.06326
2974436875.0,-43.08333
2974437031.25,-43.10758
2974437187.5,-43.09161
2974437343.75,-43.10003
2974437500.0,-43.08452
2974437656.25,-43.08883
2974437812.5,-43.11491
2974437968.75,-43.10069
2974438125.0,-43.10963
2974438281.25,-43.09793
2974438437.5,-43.13857
2974438593.75,-43.10326
2974438750.0,-43.1021
2974438906.25,-43.11255
2974439062.5,-43.11972
2974439218.75,-43.12309
2974439375.0,-43.11806
2974439531.25,-43.1387
2974439687.5,-43.12969
2974439843.75,-43.13967
2974440000.0,-43.13495
2974440156.25,-43.12162
2974440312.5,-43.1418
2974440468.75,-43.12742
2974440625.0,-43.1383
2974440781.25,-43.1021
2974440937.5,-43.1356
2974441093.75,-43.15305
2974441250.0,-43.11161
2974441406.25,-43.12678
2974441562.5,-43.12294
2974441718.75,-43.14236
2974441875.0,-43.13344
2974442031.25,-43.15635
2974442187.5,-43.12609
2974442343.75,-43.13144
2974442500.0,-43.15292
2974442656.25,-43.14092
2974442812.5,-43.17448
2974442968.75,-43.145
2974443125.0,-43.14698
2974443281.25,-43.16476
2974443437.5,-43.17486
2974443593.75,-43.15454
2974443750.0,-43.14833
2974443906.25,-43.17622
2974444062.5,-43.16637
2974444218.75,-43.16544
2974444375.0,-43.16938
2974444531.25,-43.16539
2974444687.5,-43.16726
2974444843.75,-43.15906
2974445000.0,-43.16978
2974445156.25,-43.16471
2974445312.5,-43.17673
2974445468.75,-43.19935
2974445625.0,-43.15889
2974445781.25,-43.17484
2974445937.5,-43.19131
2974446093.75,-43.17076
2974446250.0,-43.17225
2974446406.25,-43.20339
2974446562.5,-43.22444
2974446718.75,-43.18688
2974446875.0,-43.19581
2974447031.25,-43.16382
2974447187.5,-43.19938
2974447343.75,-43.18051
2974447500.0,-43.20295
2974447656.25,-43.19141
2974447812.5,-43.21518
2974447968.75,-43.20564
2974448125.0,-43.22618
2974448281.25,-43.20001
2974448437.5,-43.20515
2974448593.75,-43.19551
2974448750.0,-43.21505
2974448906.25,-43.20906
2974449062.5,-43.20431
2974449218.75,-43.19399
2974449375.0,-43.22263
2974449531.25,-43.24436
2974449687.5,-43.22324
2974449843.75,-43.23621
2974450000.0,-43.20813
2974450156.25,-43.22612
2974450312.5,-43.217
2974450468.75,-43.21488
2974450625.0,-43.23802
2974450781.25,-43.2356
2974450937.5,-43.21133
2974451093.75,-43.23046
2974451250.0,-43.23483
2974451406.25,-43.21392
2974451562.5,-43.24033
2974451718.75,-43.23905
2974451875.0,-43.22224
2974452031.25,-43.25746
2974452187.5,-43.25717
2974452343.75,-43.2475
2974452500.0,-43.2205
2974452656.25,-43.24717
2974452812.5,-43.27301
2974452968.75,-43.25254
2974453125.0,-43.26577
2974453281.25,-43.24835
2974453437.5,-43.28059
2974453593.75,-43.29094
2974453750.0,-43.26215
2974453906.25,-43.27902
2974454062.5,-43.27404
2974454218.75,-43.25183
2974454375.0,-43.29357
2974454531.25,-43.26657
2974454687.5,-43.27755
2974454843.75,-43.28985
2974455000.0,-43.28219
2974455156.25,-43.28837
2974455312.5,-43.24342
2974455468.75,-43.27288
2974455625.0,-43.28429
2974455781.25,-43.28802
2974455937.5,-43.29612
2974456093.75,-43.27134
2974456250.0,-43.27903
2974456406.25,-43.28685
2974456562.5,-43.28645
2974456718.75,-43.29636
2974456875.0,-43.28765
2974457031.25,-43.29232
2974457187.5,-43.30905
2974457343.75,-43.27217
2974457500.0,-43.29279
2974457656.25,-43.30552
2974457812.5,-43.30017
2974457968.75,-43.28984
2974458125.0,-43.29702
2974458281.25,-43.29321
2974458437.5,-43.32684
2974458593.75,-43.30263
2974458750.0,-43.31588
2974458906.25,-43.31093
2974459062.5,-43.29211
2974459218.75,-43.32086
2974459375.0,-43.31153
2974459531.25,-43.33276
2974459687.5,-43.32023
2974459843.75,-43.31786
2974460000.0,-43.32301
2974460156.25,-43.32881
2974460312.5,-43.32354
2974460468.75,-43.32863
2974460625.0,-43.35442
2974460781.25,-43.3098
2974460937.5,-43.34373
2974461093.75,-43.3097
2974461250.0,-43.33428
2974461406.25,-43.35238
2974461562.5,-43.32972
2974461718.75,-43.34215
2974461875.0,-43.35718
2974462031.25,-43.33672
2974462187.5,-43.35201
2974462343.75,-43.36774
2974462500.0,-43.34999
2974462656.25,-43.32513
2974462812.5,-43.36737
2974462968.75,-43.35215
2974463125.0,-43.36167
2974463281.25,-43.35042
2974463437.5,-43.33305
2974463593.75,-43.3432
2974463750.0,-43.38021
2974463906.25,-43.33811
2974464062.5,-43.39152
2974464218.75,-43.35851
2974464375.0,-43.34256
2974464531.25,-43.38042
2974464687.5,-43.34734
2974464843.75,-43.36921
2974465000.0,-43.36197
2974465156.25,-43.37497
2974465312.5,-43.38146
2974465468.75,-43.40411
2974465625.0,-43.37612
2974465781.25,-43.37085
2974465937.5,-43.39859
2974466093.75,-43.39361
2974466250.0,-43.38597
2974466406.25,-43.38395
2974466562.5,-43.35301
2974466718.75,-43.38513
2974466875.0,-43.38657
2974467031.25,-43.39307
2974467187.5,-43.40307
2974467343.75,-43.40733
2974467500.0,-43.38902
2974467656.25,-43.39455
2974467812.5,-43.39297
2974467968.75,-43.39639
2974468125.0,-43.39095
2974468281.25,-43.3795
2974468437.5,-43.42002
2974468593.75,-43.44373
2974468750.0,-43.40215
2974468906.25,-43.40878
2974469062.5,-43.40761
2974469218.75,-43.41031
2974469375.0,-43.43945
2974469531.25,-43.41475
2974469687.5,-43.43151
2974469843.75,-43.43685
2974470000.0,-43.44347
2974470156.25,-43.40257
2974470312.5,-43.42496
2974470468.75,-43.44706
2974470625.0,-43.43397
2974470781.25,-43.42451
2974470937.5,-43.42515
2974471093.75,-43.43234
2974471250.0,-43.4539
2974471406.25,-43.4281
2974471562.5,-43.415
2974471718.75,-43.4478
2974471875.0,-43.44178
2974472031.25,-43.44422
2974472187.5,-43.43243
2974472343.75,-43.4569
2974472500.0,-43.44373
2974472656.25,-43.4305
2974472812.5,-43.44783
2974472968.75,-43.43937
2974473125.0,-43.43919
2974473281.25,-43.45894
2974473437.5,-43.48139
2974473593.75,-43.45669
2974473750.0,-43.45387
2974473906.25,-43.45753
2974474062.5,-43.46364
2974474218.75,-43.45472
2974474375.0,-43.44191
2974474531.25,-43.4749
2974474687.5,-43.46204
2974474843.75,-43.47044
2974475000.0,-43.47169
2974475156.25,-43.47521
2974475312.5,-43.45712
2974475468.75,-43.47075
2974475625.0,-43.49924
2974475781.25,-43.48694
2974475937.5,-43.48867
2974476093.75,-43.47203
2974476250.0,-43.45925
2974476406.25,-43.48079
2974476562.5,-43.48579
2974476718.75,-43.48972
2974476875.0,-43.49626
2974477031.25,-43.46719
2974477187.5,-43.52223
2974477343.75,-43.51451
2974477500.0,-43.49339
2974477656.25,-43.48458
2974477812.5,-43.51777
2974477968.75,-43.50628
2974478125.0,-43.5098
2974478281.25,-43.50795
2974478437.5,-43.4983
2974478593.75,-43.5159
2974478750.0,-43.5274
2974478906.25,-43.50634
2974479062.5,-43.51867
2974479218.75,-43.49246
2974479375.0,-43.50288
2974479531.25,-43.52698
2974479687.5,-43.51946
2974479843.75,-43.51121
2974480000.0,-43.53413
2974480156.25,-43.52676
2974480312.5,-43.52068
2974480468.75,-43.53772
2974480625.0,-43.51636
2974480781.25,-43.52012
2974480937.5,-43.52571
2974481093.75,-43.5257
2974481250.0,-43.54272
2974481406.25,-43.53218
2974481562.5,-43.52477
2974481718.75,-43.52607
2974481875.0,-43.54894
2974482031.25,-43.52445
2974482187.5,-43.55381
2974482343.75,-43.53612
2974482500.0,-43.55257
2974482656.25,-43.56326
2974482812.5,-43.54044
2974482968.75,-43.57608
2974483125.0,-43.56421
2974483281.25,-43.56344
2974483437.5,-43.56742
2974483593.75,-43.55163
2974483750.0,-43.55307
2974483906.25,-43.5976
2974484062.5,-43.56901
2974484218.75,-43.52617
2974484375.0,-43.5677
2974484531.25,-43.58815
2974484687.5,-43.54731
2974484843.75,-43.56147
2974485000.0,-43.57074
2974485156.25,-43.58338
2974485312.5,-43.59027
2974485468.75,-43.57564
2974485625.0,-43.57038
2974485781.25,-43.56469
2974485937.5,-43.581
2974486093.75,-43.55864
2974486250.0,-43.58983
2974486406.25,-43.56321
2974486562.5,-43.59518
2974486718.75,-43.5859
2974486875.0,-43.58565
2974487031.25,-43.58558
2974487187.5,-43.59167
2974487343.75,-43.57512
2974487500.0,-43.58821
2974487656.25,-43.59813
2974487812.5,-43.57903
2974487968.75,-43.62428
2974488125.0,-43.59687
2974488281.25,-43.60395
2974488437.5,-43.58635
2974488593.75,-43.60263
2974488750.0,-43.59756
2974488906.25,-43.6021
2974489062.5,-43.629
2974489218.75,-43.61214
2974489375.0,-43.60738
2974489531.25,-43.61247
2974489687.5,-43.60524
2974489843.75,-43.62275
2974490000.0,-43.62539
2974490156.25,-43.62605
2974490312.5,-43.63792
2974490468.75,-43.62785
2974490625.0,-43.63898
2974490781.25,-43.62195
2974490937.5,-43.61351
2974491093.75,-43.63329
2974491250.0,-43.6348
2974491406.25,-43.6357
2974491562.5,-43.64504
2974491718.75,-43.6274
2974491875.0,-43.64749
2974492031.25,-43.644
2974492187.5,-43.65078
2974492343.75,-43.63588
2974492500.0,-43.61687
2974492656.25,-43.62679
2974492812.5,-43.62867
2974492968.75,-43.6394
2974493125.0,-43.65813
2974493281.25,-43.6517
2974493437.5,-43.6706
2974493593.75,-43.66612
2974493750.0,-43.66639
2974493906.25,-43.63597
2974494062.5,-43.6848
2974494218.75,-43.65219
2974494375.0,-43.62785
2974494531.25,-43.63275
2974494687.5,-43.6745
2974494843.75,-43.6548
2974495000.0,-43.66347
2974495156.25,-43.66661
2974495312.5,-43.69493
2974495468.75,-43.65023
2974495625.0,-43.67566
2974495781.25,-43.67499
2974495937.5,-43.65198
2974496093.75,-43.68252
2974496250.0,-43.67582
2974496406.25,-43.67183
2974496562.5,-43.67225
2974496718.75,-43.67338
2974496875.0,-43.70856
2974497031.25,-43.67525
2974497187.5,-43.67675
2974497343.75,-43.68303
2974497500.0,-43.68833
2974497656.25,-43.67414
2974497812.5,-43.68385
2974497968.75,-43.70508
2974498125.0,-43.70079
2974498281.25,-43.69035
2974498437.5,-43.68541
2974498593.75,-43.67657
2974498750.0,-43.70262
2974498906.25,-43.68465
2974499062.5,-43.70411
2974499218.75,-43.69682
2974499375.0,-43.69034
2974499531.25,-43.72496
2974499687.5,-43.71354
2974499843.75,-43.7034
2974500000.0,-43.70545
2974500156.25,-43.69168
2974500312.5,-43.73367
2974500468.75,-43.71731
2974500625.0,-43.75038
2974500781.25,-43.71365
2974500937.5,-43.72507
2974501093.75,-43.76275
2974501250.0,-43.74349
2974501406.25,-43.74017
2974501562.5,-43.74701
2974501718.75,-43.73018
2974501875.0,-43.72346
2974502031.25,-43.73939
2974502187.5,-43.74344
2974502343.75,-43.71717
2974502500.0,-43.74113
2974502656.25,-43.74737
2974502812.5,-43.70208
2974502968.75,-43.71524
2974503125.0,-43.74241
2974503281.25,-43.72622
2974503437.5,-43.74117
2974503593.75,-43.73228
2974503750.0,-43.77235
2974503906.25,-43.76287
2974504062.5,-43.73417
2974504218.75,-43.75234
2974504375.0,-43.75655
2974504531.25,-43.76527
2974504687.5,-43.76926
2974504843.75,-43.75191
2974505000.0,-43.77179
2974505156.25,-43.76969
2974505312.5,-43.76594
2974505468.75,-43.78645
2974505625.0,-43.77566
2974505781.25,-43.76194
2974505937.5,-43.78846
2974506093.75,-43.77866
2974506250.0,-43.77544
2974506406.25,-43.77759
2974506562.5,-43.77798
2974506718.75,-43.76511
2974506875.0,-43.76476
2974507031.25,-43.79442
2974507187.5,-43.79833
2974507343.75,-43.78863
2974507500.0,-43.80723
2974507656.25,-43.79766
2974507812.5,-43.80481
2974507968.75,-43.78915
2974508125.0,-43.76543
2974508281.25,-43.78542
2974508437.5,-43.77121
2974508593.75,-43.79114
2974508750.0,-43.78712
2974508906.25,-43.77419
2974509062.5,-43.82145
2974509218.75,-43.77889
2974509375.0,-43.80665
2974509531.25,-43.79828
2974509687.5,-43.80873
2974509843.75,-43.78003
2974510000.0,-43.82967
2974510156.25,-43.80313
2974510312.5,-43.82591
2974510468.75,-43.80279
2974510625.0,-43.81964
2974510781.25,-43.8026
2974510937.5,-43.81583
2974511093.75,-43.81543
2974511250.0,-43.80886
2974511406.25,-43.81974
2974511562.5,-43.80869
2974511718.75,-43.81395
2974511875.0,-43.81599
2974512031.25,-43.86026
2974512187.5,-43.82699
2974512343.75,-43.82957
2974512500.0,-43.83164
2974512656.25,-43.85131
2974512812.5,-43.8362
2974512968.75,-43.84621
2974513125.0,-43.84511
2974513281.25,-43.82722
2974513437.5,-43.86196
2974513593.75,-43.82959
2974513750.0,-43.83427
2974513906.25,-43.83723
2974514062.5,-43.85091
2974514218.75,-43.82745
2974514375.0,-43.8557
2974514531.25,-43.85875
2974514687.5,-43.85273
2974514843.75,-43.85232
2974515000.0,-43.85025
2974515156.25,-43.84054
2974515312.5,-43.87242
2974515468.75,-43.86245
2974515625.0,-43.84592
2974515781.25,-43.86215
2974515937.5,-43.87457
2974516093.75,-43.85294
2974516250.0,-43.86098
2974516406.25,-43.85293
2974516562.5,-43.85927
2974516718.75,-43.85725
2974516875.0,-43.85376
2974517031.25,-43.86872
2974517187.5,-43.87717
2974517343.75,-43.85665
2974517500.0,-43.88024
2974517656.25,-43.87541
2974517812.5,-43.88627
2974517968.75,-43.88021
2974518125.0,-43.88314
2974518281.25,-43.86344
2974518437.5,-43.90266
2974518593.75,-43.88382
2974518750.0,-43.89122
2974518906.25,-43.89412
2974519062.5,-43.88064
2974519218.75,-43.88071
2974519375.0,-43.89488
2974519531.25,-43.90904
2974519687.5,-43.89735
2974519843.75,-43.88308
2974520000.0,-43.90451
2974520156.25,-43.9135
2974520312.5,-43.91773
2974520468.75,-43.90548
2974520625.0,-43.9263
2974520781.25,-43.91552
2974520937.5,-43.94832
2974521093.75,-43.93223
2974521250.0,-43.88933
2974521406.25,-43.93164
2974521562.5,-43.94878
2974521718.75,-43.92128
2974521875.0,-43.93986
2974522031.25,-43.94072
2974522187.5,-43.9284
2974522343.75,-43.9246
2974522500.0,-43.90097
2974522656.25,-43.92431
2974522812.5,-43.96276
2974522968.75,-43.90398
2974523125.0,-43.93396
2974523281.25,-43.94085
2974523437.5,-43.94303
2974523593.75,-43.92976
2974523750.0,-43.93626
2974523906.25,-43.93699
2974524062.5,-43.93391
2974524218.75,-43.9612
2974524375.0,-43.94315
2974524531.25,-43.92745
2974524687.5,-43.97112
2974524843.75,-43.97489
2974525000.0,-43.96624
2974525156.25,-43.96255
2974525312.5,-43.95497
2974525468.75,-43.91889
2974525625.0,-43.97163
2974525781.25,-43.96822
2974525937.5,-43.9481
2974526093.75,-43.9557
2974526250.0,-43.97968
2974526406.25,-43.94621
2974526562.5,-43.9393
2974526718.75,-43.98115
2974526875.0,-43.97462
2974527031.25,-43.98033
2974527187.5,-43.95719
2974527343.75,-43.97374
2974527500.0,-43.94325
2974527656.25,-43.96008
2974527812.5,-43.96078
2974527968.75,-43.97714
2974528125.0,-44.00539
2974528281.25,-43.97122
2974528437.5,-43.96598
2974528593.75,-43.98446
2974528750.0,-43.98705
2974528906.25,-43.99622
2974529062.5,-43.98496
2974529218.75,-43.9801
2974529375.0,-43.9808
2974529531.25,-43.96394
2974529687.5,-43.97177
2974529843.75,-44.02757
2974530000.0,-44.01186
2974530156.25,-43.99595
2974530312.5,-44.01936
2974530468.75,-44.00278
2974530625.0,-43.99147
2974530781.25,-43.98237
2974530937.5,-44.01908
2974531093.75,-44.02135
2974531250.0,-44.01933
2974531406.25,-44.00678
2974531562.5,-43.99275
2974531718.75,-43.99983
2974531875.0,-44.01495
2974532031.25,-44.02709
2974532187.5,-44.0167
2974532343.75,-44.00441
2974532500.0,-44.00413
2974532656.25,-44.02973
2974532812.5,-44.01637
2974532968.75,-44.04476
2974533125.0,-44.00637
2974533281.25,-44.02144
2974533437.5,-44.03815
2974533593.75,-44.01868
2974533750.0,-44.03388
2974533906.25,-44.04309
2974534062.5,-44.02618
2974534218.75,-44.0182
2974534375.0,-44.04093
2974534531.25,-44.02749
2974534687.5,-44.04683
2974534843.75,-44.0619
2974535000.0,-44.03907
2974535156.25,-44.04685
2974535312.5,-44.05293
2974535468.75,-44.04863
2974535625.0,-44.02052
2974535781.25,-44.04957
2974535937.5,-44.04961
2974536093.75,-44.07009
2974536250.0,-44.04251
2974536406.25,-44.06441
2974536562.5,-44.08327
2974536718.75,-44.06731
2974536875.0,-44.04754
2974537031.25,-44.05698
2974537187.5,-44.05919
2974537343.75,-44.04517
2974537500.0,-44.06065
2974537656.25,-44.05354
2974537812.5,-44.05378
2974537968.75,-44.0731
2974538125.0,-44.06848
2974538281.25,-44.07776
2974538437.5,-44.08735
2974538593.75,-44.0751
2974538750.0,-44.08369
2974538906.25,-44.08125
2974539062.5,-44.06515
2974539218.75,-44.07703
2974539375.0,-44.07207
2974539531.25,-44.07739
2974539687.5,-44.0917
2974539843.75,-44.09256
2974540000.0,-44.08546
2974540156.25,-44.069
2974540312.5,-44.10029
2974540468.75,-44.09539
2974540625.0,-44.09428
2974540781.25,-44.09368
2974540937.5,-44.0706
2974541093.75,-44.09747
2974541250.0,-44.09634
2974541406.25,-44.08073
2974541562.5,-44.06664
2974541718.75,-44.12539
2974541875.0,-44.07336
2974542031.25,-44.12635
2974542187.5,-44.10879
2974542343.75,-44.13034
2974542500.0,-44.08819
2974542656.25,-44.11782
2974542812.5,-44.12732
2974542968.75,-44.1344
2974543125.0,-44.11963
2974543281.25,-44.09295
2974543437.5,-44.13926
2974543593.75,-44.13618
2974543750.0,-44.12162
2974543906.25,-44.13565
2974544062.5,-44.12453
2974544218.75,-44.11319
2974544375.0,-44.12907
2974544531.25,-44.11738
2974544687.5,-44.14597
2974544843.75,-44.16024
2974545000.0,-44.1277
2974545156.25,-44.12664
2974545312.5,-44.14037
2974545468.75,-44.13124
2974545625.0,-44.11951
2974545781.25,-44.16728
2974545937.5,-44.13933
2974546093.75,-44.13395
2974546250.0,-44.15788
2974546406.25,-44.15316
2974546562.5,-44.1282
2974546718.75,-44.13689
2974546875.0,-44.15551
2974547031.25,-44.13848
2974547187.5,-44.15858
2974547343.75,-44.1463
2974547500.0,-44.14096
2974547656.25,-44.16056
2974547812.5,-44.16447
2974547968.75,-44.16452
2974548125.0,-44.15909
2974548281.25,-44.1875
2974548437.5,-44.16632
2974548593.75,-44.1461
2974548750.0,-44.15483
2974548906.25,-44.17367
2974549062.5,-44.14475
2974549218.75,-44.16268
2974549375.0,-44.18014
2974549531.25,-44.17804
2974549687.5,-44.16152
2974549843.75,-44.14558
2974550000.0,-44.20948
2974550156.25,-44.21925
2974550312.5,-44.19956
2974550468.75,-44.19195
2974550625.0,-44.1955
2974550781.25,-44.18853
2974550937.5,-44.17254
2974551093.75,-44.18319
2974551250.0,-44.19186
2974551406.25,-44.18833
2974551562.5,-44.19381
2974551718.75,-44.17859
2974551875.0,-44.21973
2974552031.25,-44.18771
2974552187.5,-44.20243
2974552343.75,-44.21756
2974552500.0,-44.20426
2974552656.25,-44.20578
2974552812.5,-44.21273
2974552968.75,-44.22515
2974553125.0,-44.20923
2974553281.25,-44.21222
2974553437.5,-44.20172
2974553593.75,-44.22446
2974553750.0,-44.24716
2974553906.25,-44.1916
2974554062.5,-44.21183
2974554218.75,-44.19788
2974554375.0,-44.21344
2974554531.25,-44.20118
2974554687.5,-44.23025
2974554843.75,-44.22937
2974555000.0,-44.18346
2974555156.25,-44.22826
2974555312.5,-44.2093
2974555468.75,-44.24087
2974555625.0,-44.23147
2974555781.25,-44.25304
2974555937.5,-44.24019
2974556093.75,-44.24498
2974556250.0,-44.23103
2974556406.25,-44.22999
2974556562.5,-44.24361
2974556718.75,-44.23753
2974556875.0,-44.25198
2974557031.25,-44.27131
2974557187.5,-44.21572
2974557343.75,-44.24693
2974557500.0,-44.25566
2974557656.25,-44.2489
2974557812.5,-44.22766
2974557968.75,-44.2453
2974558125.0,-44.24958
2974558281.25,-44.24634
2974558437.5,-44.26377
2974558593.75,-44.2521
2974558750.0,-44.23953
2974558906.25,-44.25231
2974559062.5,-44.27353
2974559218.75,-44.2684
2974559375.0,-44.27297
2974559531.25,-44.26194
2974559687.5,-44.28099
2974559843.75,-44.25228
2974560000.0,-44.26719
2974560156.25,-44.27245
2974560312.5,-44.29845
2974560468.75,-44.24259
2974560625.0,-44.27052
2974560781.25,-44.28228
2974560937.5,-44.26432
2974561093.75,-44.27098
2974561250.0,-44.29964
2974561406.25,-44.26986
2974561562.5,-44.2891
2974561718.75,-44.30219
2974561875.0,-44.30297
2974562031.25,-44.30021
2974562187.5,-44.29799
2974562343.75,-44.29521
2974562500.0,-44.29168
2974562656.25,-44.2869
2974562812.5,-44.31076
2974562968.75,-44.28651
2974563125.0,-44.27741
2974563281.25,-44.30023
2974563437.5,-44.29881
2974563593.75,-44.29226
2974563750.0,-44.29118
2974563906.25,-44.31139
2974564062.5,-44.29429
2974564218.75,-44.31083
2974564375.0,-44.32291
2974564531.25,-44.30927
2974564687.5,-44.3044
2974564843.75,-44.2836
2974565000.0,-44.32396
2974565156.25,-44.32669
2974565312.5,-44.32704
2974565468.75,-44.31075
2974565625.0,-44.31832
2974565781.25,-44.32484
2974565937.5,-44.34044
2974566093.75,-44.32322
2974566250.0,-44.33361
2974566406.25,-44.32977
2974566562.5,-44.35134
2974566718.75,-44.30176
2974566875.0,-44.31193
2974567031.25,-44.33519
2974567187.5,-44.34758
2974567343.75,-44.31757
2974567500.0,-44.33235
2974567656.25,-44.38292
2974567812.5,-44.32081
2974567968.75,-44.31182
2974568125.0,-44.3387
2974568281.25,-44.339
2974568437.5,-44.35138
2974568593.75,-44.30789
2974568750.0,-44.35015
2974568906.25,-44.33101
2974569062.5,-44.3358
2974569218.75,-44.34397
2974569375.0,-44.34828
2974569531.25,-44.36373
2974569687.5,-44.36202
2974569843.75,-44.37615
2974570000.0,-44.348
2974570156.25,-44.36411
2974570312.5,-44.34735
2974570468.75,-44.36371
2974570625.0,-44.35046
2974570781.25,-44.34837
2974570937.5,-44.35711
2974571093.75,-44.38607
2974571250.0,-44.35807
2974571406.25,-44.34763
2974571562.5,-44.36452
2974571718.75,-44.36402
2974571875.0,-44.37029
2974572031.25,-44.3792
2974572187.5,-44.35143
2974572343.75,-44.4001
2974572500.0,-44.36435
2974572656.25,-44.38475
2974572812.5,-44.37195
2974572968.75,-44.38783
2974573125.0,-44.39745
2974573281.25,-44.41197
2974573437.5,-44.35462
2974573593.75,-44.39167
2974573750.0,-44.35696
2974573906.25,-44.40106
2974574062.5,-44.39938
2974574218.75,-44.42098
2974574375.0,-44.40448
2974574531.25,-44.41666
2974574687.5,-44.40589
2974574843.75,-44.3913
2974575000.0,-44.40127
2974575156.25,-44.40263
2974575312.5,-44.3981
2974575468.75,-44.41645
2974575625.0,-44.43397
2974575781.25,-44.38799
2974575937.5,-44.41847
2974576093.75,-44.40044
2974576250.0,-44.4319
2974576406.25,-44.44108
2974576562.5,-44.39129
2974576718.75,-44.44211
2974576875.0,-44.42413
2974577031.25,-44.4207
2974577187.5,-44.42192
2974577343.75,-44.43264
2974577500.0,-44.44521
2974577656.25,-44.41551
2974577812.5,-44.44073
2974577968.75,-44.43899
2974578125.0,-44.39698
2974578281.25,-44.39881
2974578437.5,-44.43504
2974578593.75,-44.43003
2974578750.0,-44.40533
2974578906.25,-44.45015
2974579062.5,-44.44051
2974579218.75,-44.43061
2974579375.0,-44.44818
2974579531.25,-44.42867
2974579687.5,-44.44112
2974579843.75,-44.46398
2974580000.0,-44.44585
2974580156.25,-44.44092
2974580312.5,-44.44134
2974580468.75,-44.45615
2974580625.0,-44.44976
2974580781.25,-44.42357
2974580937.5,-44.47187
2974581093.75,-44.44536
2974581250.0,-44.43995
2974581406.25,-44.47305
2974581562.5,-44.4618
2974581718.75,-44.45718
2974581875.0,-44.44719
2974582031.25,-44.44232
2974582187.5,-44.46959
2974582343.75,-44.46767
2974582500.0,-44.46808
2974582656.25,-44.45338
2974582812.5,-44.47876
2974582968.75,-44.48175
2974583125.0,-44.47906
2974583281.25,-44.46665
2974583437.5,-44.46955
2974583593.75,-44.4949
2974583750.0,-44.47001
2974583906.25,-44.48961
2974584062.5,-44.45239
2974584218.75,-44.45247
2974584375.0,-44.4735
2974584531.25,-44.47499
2974584687.5,-44.51464
2974584843.75,-44.49903
2974585000.0,-44.47248
2974585156.25,-44.47992
2974585312.5,-44.4762
2974585468.75,-44.50764
2974585625.0,-44.47932
2974585781.25,-44.49598
2974585937.5,-44.50079
2974586093.75,-44.49135
2974586250.0,-44.48299
2974586406.25,-44.49604
2974586562.5,-44.48404
2974586718.75,-44.515
2974586875.0,-44.50565
2974587031.25,-44.4944
2974587187.5,-44.50382
2974587343.75,-44.50333
2974587500.0,-44.51386
2974587656.25,-44.5094
2974587812.5,-44.49861
2974587968.75,-44.50855
2974588125.0,-44.50489
2974588281.25,-44.5211
2974588437.5,-44.49887
2974588593.75,-44.52803
2974588750.0,-44.52221
2974588906.25,-44.51485
2974589062.5,-44.5359
2974589218.75,-44.54829
2974589375.0,-44.53338
2974589531.25,-44.51766
2974589687.5,-44.51837
2974589843.75,-44.52953
2974590000.0,-44.53062
2974590156.25,-44.53426
2974590312.5,-44.53842
2974590468.75,-44.50165
2974590625.0,-44.52558
2974590781.25,-44.52113
2974590937.5,-44.5237
2974591093.75,-44.54109
2974591250.0,-44.52075
2974591406.25,-44.552
2974591562.5,-44.54323
2974591718.75,-44.55633
2974591875.0,-44.54805
2974592031.25,-44.53979
2974592187.5,-44.53637
2974592343.75,-44.55202
2974592500.0,-44.56693
2974592656.25,-44.58252
2974592812.5,-44.55234
2974592968.75,-44.55974
2974593125.0,-44.55651
2974593281.25,-44.55799
2974593437.5,-44.56242
2974593593.75,-44.54682
2974593750.0,-44.56385
2974593906.25,-44.55298
2974594062.5,-44.55725
2974594218.75,-44.56471
2974594375.0,-44.58003
2974594531.25,-44.56896
2974594687.5,-44.57199
2974594843.75,-44.54163
2974595000.0,-44.60606
2974595156.25,-44.5629
2974595312.5,-44.58613
2974595468.75,-44.57564
2974595625.0,-44.57361
2974595781.25,-44.57992
2974595937.5,-44.57565
2974596093.75,-44.59041
2974596250.0,-44.55923
2974596406.25,-44.64037
2974596562.5,-44.57063
2974596718.75,-44.58915
2974596875.0,-44.59166
2974597031.25,-44.59835
2974597187.5,-44.60173
2974597343.75,-44.61844
2974597500.0,-44.58112
2974597656.25,-44.59541
2974597812.5,-44.58615
2974597968.75,-44.60392
2974598125.0,-44.57026
2974598281.25,-44.63693
2974598437.5,-44.60918
2974598593.75,-44.63171
2974598750.0,-44.60028
2974598906.25,-44.64327
2974599062.5,-44.63584
2974599218.75,-44.62401
2974599375.0,-44.57277
2974599531.25,-44.60173
2974599687.5,-44.58999
2974599843.75,-44.63904
2974600000.0,-44.5941
2974600156.25,-44.64962
2974600312.5,-44.62052
2974600468.75,-44.62919
2974600625.0,-44.64518
2974600781.25,-44.6324
2974600937.5,-44.59904
2974601093.75,-44.63427
2974601250.0,-44.63749
2974601406.25,-44.64606
2974601562.5,-44.63879
2974601718.75,-44.62954
2974601875.0,-44.62683
2974602031.25,-44.63494
2974602187.5,-44.63379
2974602343.75,-44.62619
2974602500.0,-44.64655
2974602656.25,-44.62952
2974602812.5,-44.6333
2974602968.75,-44.64855
2974603125.0,-44.65665
2974603281.25,-44.66155
2974603437.5,-44.65549
2974603593.75,-44.66874
2974603750.0,-44.63342
2974603906.25,-44.67266
2974604062.5,-44.66315
2974604218.75,-44.69318
2974604375.0,-44.63524
2974604531.25,-44.68423
2974604687.5,-44.63882
2974604843.75,-44.67254
2974605000.0,-44.68783
2974605156.25,-44.68119
2974605312.5,-44.67401
2974605468.75,-44.65049
2974605625.0,-44.67088
2974605781.25,-44.65506
2974605937.5,-44.64108
2974606093.75,-44.66683
2974606250.0,-44.68673
2974606406.25,-44.68178
2974606562.5,-44.65725
2974606718.75,-44.6702
2974606875.0,-44.65289
2974607031.25,-44.71009
2974607187.5,-44.68311
2974607343.75,-44.66988
2974607500.0,-44.67145
2974607656.25,-44.68986
2974607812.5,-44.65727
2974607968.75,-44.70288
2974608125.0,-44.68036
2974608281.25,-44.66784
2974608437.5,-44.69175
2974608593.75,-44.68107
2974608750.0,-44.68855
2974608906.25,-44.69774
2974609062.5,-44.71076
2974609218.75,-44.70617
2974609375.0,-44.70963
2974609531.25,-44.70335
2974609687.5,-44.69293
2974609843.75,-44.68572
2974610000.0,-44.6924
2974610156.25,-44.68299
2974610312.5,-44.69592
2974610468.75,-44.70062
2974610625.0,-44.70213
2974610781.25,-44.70962
2974610937.5,-44.7071
2974611093.75,-44.68482
2974611250.0,-44.72608
2974611406.25,-44.70292
2974611562.5,-44.73972
2974611718.75,-44.72532
2974611875.0,-44.70617
2974612031.25,-44.73439
2974612187.5,-44.73645
2974612343.75,-44.74945
2974612500.0,-44.7142
2974612656.25,-44.70855
2974612812.5,-44.71571
2974612968.75,-44.74103
2974613125.0,-44.75547
2974613281.25,-44.74495
2974613437.5,-44.74939
2974613593.75,-44.74903
2974613750.0,-44.72633
2974613906.25,-44.76006
2974614062.5,-44.7292
2974614218.75,-44.72977
2974614375.0,-44.739
2974614531.25,-44.7499
2974614687.5,-44.73291
2974614843.75,-44.72266
2974615000.0,-44.758
2974615156.25,-44.77679
2974615312.5,-44.74664
2974615468.75,-44.77015
2974615625.0,-44.73186
2974615781.25,-44.77171
2974615937.5,-44.76769
2974616093.75,-44.76667
2974616250.0,-44.76168
2974616406.25,-44.76574
2974616562.5,-44.77861
2974616718.75,-44.76161
2974616875.0,-44.78758
2974617031.25,-44.75845
2974617187.5,-44.76598
2974617343.75,-44.78976
2974617500.0,-44.76558
2974617656.25,-44.73504
2974617812.5,-44.79009
2974617968.75,-44.75898
2974618125.0,-44.75098
2974618281.25,-44.76086
2974618437.5,-44.77936
2974618593.75,-44.77891
2974618750.0,-44.76505
2974618906.25,-44.78055
2974619062.5,-44.77114
2974619218.75,-44.77223
2974619375.0,-44.76163
2974619531.25,-44.77211
2974619687.5,-44.74734
2974619843.75,-44.75536
2974620000.0,-44.79162
2974620156.25,-44.77494
2974620312.5,-44.79992
2974620468.75,-44.79786
2974620625.0,-44.77875
2974620781.25,-44.80764
2974620937.5,-44.8173
2974621093.75,-44.79324
2974621250.0,-44.79048
2974621406.25,-44.81014
2974621562.5,-44.82213
2974621718.75,-44.79884
2974621875.0,-44.78812
2974622031.25,-44.8219
2974622187.5,-44.79414
2974622343.75,-44.81243
2974622500.0,-44.78604
2974622656.25,-44.82093
2974622812.5,-44.83266
2974622968.75,-44.82607
2974623125.0,-44.77759
2974623281.25,-44.80603
2974623437.5,-44.80256
2974623593.75,-44.8232
2974623750.0,-44.81308
2974623906.25,-44.83773
2974624062.5,-44.82819
2974624218.75,-44.8237
2974624375.0,-44.81383
2974624531.25,-44.86157
2974624687.5,-44.82871
2974624843.75,-44.83198
2974625000.0,-44.84119
2974625156.25,-44.82426
2974625312.5,-44.84712
2974625468.75,-44.83216
2974625625.0,-44.839
2974625781.25,-44.8382
2974625937.5,-44.83819
2974626093.75,-44.84025
2974626250.0,-44.84096
2974626406.25,-44.86267
2974626562.5,-44.83796
2974626718.75,-44.84909
2974626875.0,-44.83585
2974627031.25,-44.8214
2974627187.5,-44.86428
2974627343.75,-44.85991
2974627500.0,-44.83394
2974627656.25,-44.843
2974627812.5,-44.8396
2974627968.75,-44.87101
2974628125.0,-44.87325
2974628281.25,-44.87415
2974628437.5,-44.89249
2974628593.75,-44.84593
2974628750.0,-44.90086
2974628906.25,-44.85322
2974629062.5,-44.84223
2974629218.75,-44.85952
2974629375.0,-44.86624
2974629531.25,-44.87303
2974629687.5,-44.86623
2974629843.75,-44.85467
2974630000.0,-44.90041
2974630156.25,-44.85971
2974630312.5,-44.89323
2974630468.75,-44.86036
2974630625.0,-44.88359
2974630781.25,-44.89691
2974630937.5,-44.8918
2974631093.75,-44.87346
2974631250.0,-44.88444
2974631406.25,-44.86719
2974631562.5,-44.88291
2974631718.75,-44.88931
2974631875.0,-44.90657
2974632031.25,-44.90468
2974632187.5,-44.88366
2974632343.75,-44.92621
2974632500.0,-44.88617
2974632656.25,-44.90842
2974632812.5,-44.91145
2974632968.75,-44.9129
2974633125.0,-44.86713
2974633281.25,-44.91846
2974633437.5,-44.92324
2974633593.75,-44.89383
2974633750.0,-44.91523
2974633906.25,-44.89145
2974634062.5,-44.92668
2974634218.75,-44.8873
2974634375.0,-44.92244
2974634531.25,-44.92648
2974634687.5,-44.88147
2974634843.75,-44.90419
2974635000.0,-44.94465
2974635156.25,-44.91713
2974635312.5,-44.90932
2974635468.75,-44.90327
2974635625.0,-44.931
2974635781.25,-44.92087
2974635937.5,-44.93037
2974636093.75,-44.9225
2974636250.0,-44.91528
2974636406.25,-44.94709
2974636562.5,-44.9373
2974636718.75,-44.93578
2974636875.0,-44.91456
2974637031.25,-44.92311
2974637187.5,-44.92815
2974637343.75,-44.92112
2974637500.0,-44.93708
2974637656.25,-44.96376
2974637812.5,-44.95482
2974637968.75,-44.96511
2974638125.0,-44.94503
2974638281.25,-44.94807
2974638437.5,-44.92814
2974638593.75,-44.93539
2974638750.0,-44.97511
2974638906.25,-44.94258
2974639062.5,-44.95192
2974639218.75,-44.944
2974639375.0,-44.93564
2974639531.25,-44.95757
2974639687.5,-44.95871
2974639843.75,-44.94882
2974640000.0,-44.98137
2974640156.25,-44.93776
2974640312.5,-44.98508
2974640468.75,-44.96159
2974640625.0,-44.9727
2974640781.25,-44.97054
2974640937.5,-44.93916
2974641093.75,-44.98111
2974641250.0,-44.95898
2974641406.25,-44.95226
2974641562.5,-44.97115
2974641718.75,-44.95211
2974641875.0,-44.96133
2974642031.25,-44.99265
2974642187.5,-44.93465
2974642343.75,-44.97918
2974642500.0,-44.98268
2974642656.25,-44.95503
2974642812.5,-45.00889
2974642968.75,-44.97444
2974643125.0,-44.95763
2974643281.25,-44.97254
2974643437.5,-44.97624
2974643593.75,-45.0047
2974643750.0,-44.96232
2974643906.25,-44.98017
2974644062.5,-45.01202
2974644218.75,-44.97948
2974644375.0,-45.00999
2974644531.25,-44.99208
2974644687.5,-45.00695
2974644843.75,-44.98563
2974645000.0,-44.97514
2974645156.25,-44.9691
2974645312.5,-44.96117
2974645468.75,-45.01284
2974645625.0,-44.99651
2974645781.25,-45.0053
2974645937.5,-45.02315
2974646093.75,-45.00117
2974646250.0,-44.99201
2974646406.25,-44.9865
2974646562.5,-44.99332
2974646718.75,-44.98234
2974646875.0,-45.01658
2974647031.25,-45.01524
2974647187.5,-45.02177
2974647343.75,-44.99779
2974647500.0,-44.99878
2974647656.25,-45.05053
2974647812.5,-44.99484
2974647968.75,-45.00673
2974648125.0,-44.9961
2974648281.25,-45.04414
2974648437.5,-45.01187
2974648593.75,-45.03009
2974648750.0,-45.02618
2974648906.25,-45.01762
2974649062.5,-45.01922
2974649218.75,-45.00273
2974649375.0,-45.04741
2974649531.25,-44.9711
2974649687.5,-45.04105
2974649843.75,-45.01664
2974650000.0,-45.01816
2974650156.25,-45.05757
2974650312.5,-45.01606
2974650468.75,-45.03637
2974650625.0,-45.04382
2974650781.25,-45.05346
2974650937.5,-45.06119
2974651093.75,-45.01762
2974651250.0,-45.03912
2974651406.25,-45.05133
2974651562.5,-45.06486
2974651718.75,-45.0455
2974651875.0,-45.03475
2974652031.25,-45.06761
2974652187.5,-45.06284
2974652343.75,-45.05492
2974652500.0,-45.04508
2974652656.25,-45.04661
2974652812.5,-45.0334
2974652968.75,-45.02326
2974653125.0,-45.0478
2974653281.25,-45.08744
2974653437.5,-45.07321
2974653593.75,-45.06785
2974653750.0,-45.08936
2974653906.25,-45.06823
2974654062.5,-45.08421
2974654218.75,-45.06325
2974654375.0,-45.0265
2974654531.25,-45.07198
2974654687.5,-45.10367
2974654843.75,-45.08367
2974655000.0,-45.06797
2974655156.25,-45.06405
2974655312.5,-45.06947
2974655468.75,-45.06294
2974655625.0,-45.07767
2974655781.25,-45.09953
2974655937.5,-45.04099
2974656093.75,-45.05785
2974656250.0,-45.11063
2974656406.25,-45.06686
2974656562.5,-45.10041
2974656718.75,-45.10297
2974656875.0,-45.08445
2974657031.25,-45.08824
2974657187.5,-45.06983
2974657343.75,-45.11254
2974657500.0,-45.10534
2974657656.25,-45.05687
2974657812.5,-45.0939
2974657968.75,-45.09586
2974658125.0,-45.09426
2974658281.25,-45.09774
2974658437.5,-45.11042
2974658593.75,-45.087
2974658750.0,-45.07663
2974658906.25,-45.11372
2974659062.5,-45.09037
2974659218.75,-45.12276
2974659375.0,-45.12591
2974659531.25,-45.12561
2974659687.5,-45.13755
2974659843.75,-45.11108
2974660000.0,-45.10515
2974660156.25,-45.07735
2974660312.5,-45.1297
2974660468.75,-45.10635
2974660625.0,-45.15208
2974660781.25,-45.13012
2974660937.5,-45.15629
2974661093.75,-45.1045
2974661250.0,-45.108
2974661406.25,-45.14529
2974661562.5,-45.13653
2974661718.75,-45.10705
2974661875.0,-45.15
2974662031.25,-45.13634
2974662187.5,-45.11535
2974662343.75,-45.14679
2974662500.0,-45.12235
2974662656.25,-45.14588
2974662812.5,-45.14368
2974662968.75,-45.15703
2974663125.0,-45.1512
2974663281.25,-45.12674
2974663437.5,-45.15666
2974663593.75,-45.11856
2974663750.0,-45.14918
2974663906.25,-45.14812
2974664062.5,-45.16348
2974664218.75,-45.14447
2974664375.0,-45.12967
2974664531.25,-45.16969
2974664687.5,-45.1525
2974664843.75,-45.12634
2974665000.0,-45.1559
2974665156.25,-45.15765
2974665312.5,-45.18415
2974665468.75,-45.16426
2974665625.0,-45.16919
2974665781.25,-45.1814
2974665937.5,-45.16328
2974666093.75,-45.17026
2974666250.0,-45.14363
2974666406.25,-45.20464
2974666562.5,-45.1595
2974666718.75,-45.17031
2974666875.0,-45.17826
2974667031.25,-45.17494
2974667187.5,-45.20486
2974667343.75,-45.1855
2974667500.0,-45.17384
2974667656.25,-45.18856
2974667812.5,-45.15456
2974667968.75,-45.19026
2974668125.0,-45.18427
2974668281.25,-45.1949
2974668437.5,-45.15504
2974668593.75,-45.14922
2974668750.0,-45.19761
2974668906.25,-45.21218
2974669062.5,-45.17123
2974669218.75,-45.18741
2974669375.0,-45.18666
2974669531.25,-45.18311
2974669687.5,-45.22885
2974669843.75,-45.20274
2974670000.0,-45.19755
2974670156.25,-45.18752
2974670312.5,-45.15809
2974670468.75,-45.2165
2974670625.0,-45.19785
2974670781.25,-45.2146
2974670937.5,-45.20839
2974671093.75,-45.22979
2974671250.0,-45.22451
2974671406.25,-45.19995
2974671562.5,-45.23551
2974671718.75,-45.20403
2974671875.0,-45.17916
2974672031.25,-45.2242
2974672187.5,-45.20846
2974672343.75,-45.24232
2974672500.0,-45.22469
2974672656.25,-45.24091
2974672812.5,-45.22181
2974672968.75,-45.22419
2974673125.0,-45.2603
2974673281.25,-45.20877
2974673437.5,-45.24109
2974673593.75,-45.24496
2974673750.0,-45.23723
2974673906.25,-45.22186
2974674062.5,-45.21738
2974674218.75,-45.2323
2974674375.0,-45.24055
2974674531.25,-45.236
2974674687.5,-45.2223
2974674843.75,-45.2539
2974675000.0,-45.22607
2974675156.25,-45.25145
2974675312.5,-45.26759
2974675468.75,-45.27454
2974675625.0,-45.23654
2974675781.25,-45.25508
2974675937.5,-45.24577
2974676093.75,-45.23375
2974676250.0,-45.23585
2974676406.25,-45.25415
2974676562.5,-45.27473
2974676718.75,-45.25304
2974676875.0,-45.25027
2974677031.25,-45.24374
2974677187.5,-45.24965
2974677343.75,-45.25827
2974677500.0,-45.25557
2974677656.25,-45.28087
2974677812.5,-45.28524
2974677968.75,-45.27114
2974678125.0,-45.26092
2974678281.25,-45.26816
2974678437.5,-45.25409
2974678593.75,-45.28166
2974678750.0,-45.27352
2974678906.25,-45.26198
2974679062.5,-45.28536
2974679218.75,-45.29815
2974679375.0,-45.25752
2974679531.25,-45.26092
2974679687.5,-45.26505
2974679843.75,-45.28753
2974680000.0,-45.27725
2974680156.25,-45.30052
2974680312.5,-45.27534
2974680468.75,-45.27538
2974680625.0,-45.29552
2974680781.25,-45.24678
2974680937.5,-45.30551
2974681093.75,-45.30428
2974681250.0,-45.30864
2974681406.25,-45.2923
2974681562.5,-45.30938
2974681718.75,-45.2496
2974681875.0,-45.28873
2974682031.25,-45.30479
2974682187.5,-45.30473
2974682343.75,-45.30491
2974682500.0,-45.26049
2974682656.25,-45.28293
2974682812.5,-45.2993
2974682968.75,-45.30262
2974683125.0,-45.31082
2974683281.25,-45.31205
2974683437.5,-45.29711
2974683593.75,-45.30515
2974683750.0,-45.3054
2974683906.25,-45.29472
2974684062.5,-45.2883
2974684218.75,-45.33199
2974684375.0,-45.34877
2974684531.25,-45.29545
2974684687.5,-45.32612
2974684843.75,-45.3082
2974685000.0,-45.33335
2974685156.25,-45.32669
2974685312.5,-45.31763
2974685468.75,-45.32186
2974685625.0,-45.33682
2974685781.25,-45.3279
2974685937.5,-45.31352
2974686093.75,-45.32851
2974686250.0,-45.33799
2974686406.25,-45.33784
2974686562.5,-45.31898
2974686718.75,-45.3512
2974686875.0,-45.32896
2974687031.25,-45.32219
2974687187.5,-45.33117
2974687343.75,-45.31387
2974687500.0,-45.35027
2974687656.25,-45.33622
2974687812.5,-45.31745
2974687968.75,-45.3503
2974688125.0,-45.36124
2974688281.25,-45.3163
2974688437.5,-45.34639
2974688593.75,-45.31459
2974688750.0,-45.34604
2974688906.25,-45.33426
2974689062.5,-45.3844
2974689218.75,-45.35319
2974689375.0,-45.37672
2974689531.25,-45.35724
2974689687.5,-45.35603
2974689843.75,-45.33892
2974690000.0,-45.37764
2974690156.25,-45.35806
2974690312.5,-45.35729
2974690468.75,-45.34234
2974690625.0,-45.38738
2974690781.25,-45.38214
2974690937.5,-45.35772
2974691093.75,-45.38381
2974691250.0,-45.3319
2974691406.25,-45.3821
2974691562.5,-45.37016
2974691718.75,-45.3689
2974691875.0,-45.39471
2974692031.25,-45.34624
2974692187.5,-45.36956
2974692343.75,-45.35703
2974692500.0,-45.36049
2974692656.25,-45.41213
2974692812.5,-45.38585
2974692968.75,-45.3843
2974693125.0,-45.39803
2974693281.25,-45.38041
2974693437.5,-45.37481
2974693593.75,-45.3938
2974693750.0,-45.37719
2974693906.25,-45.38147
2974694062.5,-45.37363
2974694218.75,-45.36612
2974694375.0,-45.38177
2974694531.25,-45.36234
2974694687.5,-45.44171
2974694843.75,-45.41087
2974695000.0,-45.39791
2974695156.25,-45.38829
2974695312.5,-45.41442
2974695468.75,-45.39461
2974695625.0,-45.40165
2974695781.25,-45.39504
2974695937.5,-45.41381
2974696093.75,-45.37833
2974696250.0,-45.38369
2974696406.25,-45.42359
2974696562.5,-45.44313
2974696718.75,-45.401
2974696875.0,-45.4225
2974697031.25,-45.39855
2974697187.5,-45.38393
2974697343.75,-45.41089
2974697500.0,-45.42287
2974697656.25,-45.4272
2974697812.5,-45.42118
2974697968.75,-45.38125
2974698125.0,-45.45528
2974698281.25,-45.41565
2974698437.5,-45.39557
2974698593.75,-45.48127
2974698750.0,-45.40618
2974698906.25,-45.44215
2974699062.5,-45.4402
2974699218.75,-45.44442
2974699375.0,-45.38498
2974699531.25,-45.43723
2974699687.5,-45.40707
2974699843.75,-45.45774
2974700000.0,-45.44757
2974700156.25,-45.44076
2974700312.5,-45.42416
2974700468.75,-45.43651
2974700625.0,-45.47026
2974700781.25,-45.44513
2974700937.5,-45.4466
2974701093.75,-45.44286
2974701250.0,-45.4266
2974701406.25,-45.41981
2974701562.5,-45.44622
2974701718.75,-45.47387
2974701875.0,-45.43439
2974702031.25,-45.42249
2974702187.5,-45.47425
2974702343.75,-45.46294
2974702500.0,-45.46869
2974702656.25,-45.46479
2974702812.5,-45.47941
2974702968.75,-45.43481
2974703125.0,-45.48368
2974703281.25,-45.46722
2974703437.5,-45.44991
2974703593.75,-45.46199
2974703750.0,-45.47863
2974703906.25,-45.48346
2974704062.5,-45.47276
2974704218.75,-45.45905
2974704375.0,-45.47977
2974704531.25,-45.48766
2974704687.5,-45.4649
2974704843.75,-45.49252
2974705000.0,-45.49342
2974705156.25,-45.49805
2974705312.5,-45.45963
2974705468.75,-45.48052
2974705625.0,-45.49923
2974705781.25,-45.47908
2974705937.5,-45.46732
2974706093.75,-45.49969
2974706250.0,-45.4694
2974706406.25,-45.47908
2974706562.5,-45.4823
2974706718.75,-45.50024
2974706875.0,-45.46737
2974707031.25,-45.47153
2974707187.5,-45.46783
2974707343.75,-45.46349
2974707500.0,-45.47283
2974707656.25,-45.49038
2974707812.5,-45.47876
2974707968.75,-45.49795
2974708125.0,-45.49362
2974708281.25,-45.50795
2974708437.5,-45.50278
2974708593.75,-45.49649
2974708750.0,-45.47103
2974708906.25,-45.5006
2974709062.5,-45.50415
2974709218.75,-45.54754
2974709375.0,-45.5089
2974709531.25,-45.52508
2974709687.5,-45.51175
2974709843.75,-45.52578
2974710000.0,-45.49867
2974710156.25,-45.50927
2974710312.5,-45.53459
2974710468.75,-45.50629
2974710625.0,-45.51319
2974710781.25,-45.51068
2974710937.5,-45.51305
2974711093.75,-45.53487
2974711250.0,-45.53634
2974711406.25,-45.50233
2974711562.5,-45.54053
2974711718.75,-45.52956
2974711875.0,-45.5437
2974712031.25,-45.52581
2974712187.5,-45.5162
2974712343.75,-45.54027
2974712500.0,-45.54039
2974712656.25,-45.53252
2974712812.5,-45.52211
2974712968.75,-45.52838
2974713125.0,-45.5613
2974713281.25,-45.55591
2974713437.5,-45.56952
2974713593.75,-45.54779
2974713750.0,-45.56194
2974713906.25,-45.5631
2974714062.5,-45.54618
2974714218.75,-45.53044
2974714375.0,-45.57533
2974714531.25,-45.54344
2974714687.5,-45.55016
2974714843.75,-45.54935
2974715000.0,-45.54357
2974715156.25,-45.5756
2974715312.5,-45.57033
2974715468.75,-45.55602
2974715625.0,-45.57386
2974715781.25,-45.54243
2974715937.5,-45.57588
2974716093.75,-45.56198
2974716250.0,-45.57925
2974716406.25,-45.57651
2974716562.5,-45.53816
2974716718.75,-45.56453
2974716875.0,-45.52335
2974717031.25,-45.57247
2974717187.5,-45.5579
2974717343.75,-45.56331
2974717500.0,-45.59551
2974717656.25,-45.59148
2974717812.5,-45.56049
2974717968.75,-45.54908
2974718125.0,-45.58189
2974718281.25,-45.54676
2974718437.5,-45.59444
2974718593.75,-45.59388
2974718750.0,-45.56057
2974718906.25,-45.60782
2974719062.5,-45.57288
2974719218.75,-45.57804
2974719375.0,-45.60012
2974719531.25,-45.60456
2974719687.5,-45.62789
2974719843.75,-45.63661
2974720000.0,-45.60881
2974720156.25,-45.61132
2974720312.5,-45.5998
2974720468.75,-45.57333
2974720625.0,-45.59777
2974720781.25,-45.60269
2974720937.5,-45.60597
2974721093.75,-45.63509
2974721250.0,-45.59459
2974721406.25,-45.61711
2974721562.5,-45.57845
2974721718.75,-45.59737
2974721875.0,-45.57152
2974722031.25,-45.60638
2974722187.5,-45.6051
2974722343.75,-45.61204
2974722500.0,-45.61026
2974722656.25,-45.62523
2974722812.5,-45.60083
2974722968.75,-45.62016
2974723125.0,-45.60956
2974723281.25,-45.59797
2974723437.5,-45.61795
2974723593.75,-45.61813
2974723750.0,-45.60174
2974723906.25,-45.61585
2974724062.5,-45.64991
2974724218.75,-45.6084
2974724375.0,-45.6399
2974724531.25,-45.64995
2974724687.5,-45.61993
2974724843.75,-45.63432
2974725000.0,-45.60365
2974725156.25,-45.6129
2974725312.5,-45.66278
2974725468.75,-45.62231
2974725625.0,-45.63796
2974725781.25,-45.64513
2974725937.5,-45.63585
2974726093.75,-45.65498
2974726250.0,-45.6405
2974726406.25,-45.6294
2974726562.5,-45.63231
2974726718.75,-45.66204
2974726875.0,-45.64028
2974727031.25,-45.65552
2974727187.5,-45.64128
2974727343.75,-45.65217
2974727500.0,-45.6783
2974727656.25,-45.64674
2974727812.5,-45.63616
2974727968.75,-45.65214
2974728125.0,-45.6376
2974728281.25,-45.68242
2974728437.5,-45.63672
2974728593.75,-45.65637
2974728750.0,-45.68543
2974728906.25,-45.63865
2974729062.5,-45.66769
2974729218.75,-45.62083
2974729375.0,-45.65169
2974729531.25,-45.6697
2974729687.5,-45.64615
2974729843.75,-45.67454
2974730000.0,-45.6374
2974730156.25,-45.66047
2974730312.5,-45.6784
2974730468.75,-45.67191
2974730625.0,-45.70123
2974730781.25,-45.68076
2974730937.5,-45.67054
2974731093.75,-45.70796
2974731250.0,-45.66769
2974731406.25,-45.6575
2974731562.5,-45.6989
2974731718.75,-45.65801
2974731875.0,-45.73388
2974732031.25,-45.67719
2974732187.5,-45.66016
2974732343.75,-45.69627
2974732500.0,-45.70752
2974732656.25,-45.69439
2974732812.5,-45.71938
2974732968.75,-45.69255
2974733125.0,-45.72615
2974733281.25,-45.71299
2974733437.5,-45.69567
2974733593.75,-45.6805
2974733750.0,-45.72774
2974733906.25,-45.6632
2974734062.5,-45.69623
2974734218.75,-45.6798
2974734375.0,-45.70042
2974734531.25,-45.67417
2974734687.5,-45.71186
2974734843.75,-45.70629
2974735000.0,-45.72998
2974735156.25,-45.6965
2974735312.5,-45.72517
2974735468.75,-45.74069
2974735625.0,-45.69467
2974735781.25,-45.71304
2974735937.5,-45.7329
2974736093.75,-45.69186
2974736250.0,-45.70008
2974736406.25,-45.74459
2974736562.5,-45.71734
2974736718.75,-45.71275
2974736875.0,-45.72833
2974737031.25,-45.7076
2974737187.5,-45.7374
2974737343.75,-45.72
2974737500.0,-45.73035
2974737656.25,-45.7338
2974737812.5,-45.7233
2974737968.75,-45.70662
2974738125.0,-45.70684
2974738281.25,-45.71024
2974738437.5,-45.74345
2974738593.75,-45.74965
2974738750.0,-45.72647
2974738906.25,-45.73451
2974739062.5,-45.74673
2974739218.75,-45.74393
2974739375.0,-45.76696
2974739531.25,-45.71645
2974739687.5,-45.72949
2974739843.75,-45.74851
2974740000.0,-45.75278
2974740156.25,-45.74873
2974740312.5,-45.73801
2974740468.75,-45.74549
2974740625.0,-45.75997
2974740781.25,-45.77811
2974740937.5,-45.74163
2974741093.75,-45.77062
2974741250.0,-45.77274
2974741406.25,-45.7508
2974741562.5,-45.74838
2974741718.75,-45.73138
2974741875.0,-45.77801
2974742031.25,-45.77715
2974742187.5,-45.7721
2974742343.75,-45.79555
2974742500.0,-45.78413
2974742656.25,-45.7517
2974742812.5,-45.79532
2974742968.75,-45.7677
2974743125.0,-45.75492
2974743281.25,-45.76431
2974743437.5,-45.75854
2974743593.75,-45.73988
2974743750.0,-45.79221
2974743906.25,-45.76428
2974744062.5,-45.78439
2974744218.75,-45.80011
2974744375.0,-45.82542
2974744531.25,-45.78838
2974744687.5,-45.77686
2974744843.75,-45.76172
2974745000.0,-45.8068
2974745156.25,-45.78964
2974745312.5,-45.79879
2974745468.75,-45.77356
2974745625.0,-45.79551
2974745781.25,-45.78908
2974745937.5,-45.83078
2974746093.75,-45.78781
2974746250.0,-45.79367
2974746406.25,-45.77318
2974746562.5,-45.79792
2974746718.75,-45.7967
2974746875.0,-45.79412
2974747031.25,-45.79689
2974747187.5,-45.81778
2974747343.75,-45.79798
2974747500.0,-45.79948
2974747656.25,-45.79603
2974747812.5,-45.80333
2974747968.75,-45.80509
2974748125.0,-45.80561
2974748281.25,-45.81386
2974748437.5,-45.8116
2974748593.75,-45.82922
2974748750.0,-45.82074
2974748906.25,-45.81897
2974749062.5,-45.83241
2974749218.75,-45.83567
2974749375.0,-45.76965
2974749531.25,-45.80367
2974749687.5,-45.80341
2974749843.75,-45.79089
2974750000.0,-45.80305
2974750156.25,-45.80458
2974750312.5,-45.80693
2974750468.75,-45.84167
2974750625.0,-45.82501
2974750781.25,-45.82958
2974750937.5,-45.82174
2974751093.75,-45.85175
2974751250.0,-45.82899
2974751406.25,-45.86129
2974751562.5,-45.85987
2974751718.75,-45.84454
2974751875.0,-45.82235
2974752031.25,-45.82352
2974752187.5,-45.82299
2974752343.75,-45.81089
2974752500.0,-45.80867
2974752656.25,-45.84385
2974752812.5,-45.81096
2974752968.75,-45.84764
2974753125.0,-45.83856
2974753281.25,-45.82956
2974753437.5,-45.81739
2974753593.75,-45.84658
2974753750.0,-45.87284
2974753906.25,-45.85284
2974754062.5,-45.86508
2974754218.75,-45.86864
2974754375.0,-45.86575
2974754531.25,-45.85733
2974754687.5,-45.85388
2974754843.75,-45.81691
2974755000.0,-45.88914
2974755156.25,-45.85881
2974755312.5,-45.84949
2974755468.75,-45.86128
2974755625.0,-45.89021
2974755781.25,-45.84736
2974755937.5,-45.89989
2974756093.75,-45.84298
2974756250.0,-45.87426
2974756406.25,-45.87858
2974756562.5,-45.85059
2974756718.75,-45.85293
2974756875.0,-45.87913
2974757031.25,-45.8741
2974757187.5,-45.86501
2974757343.75,-45.88623
2974757500.0,-45.87895
2974757656.25,-45.88842
2974757812.5,-45.8821
2974757968.75,-45.88366
2974758125.0,-45.85323
2974758281.25,-45.88707
2974758437.5,-45.87555
2974758593.75,-45.85742
2974758750.0,-45.9057
2974758906.25,-45.87331
2974759062.5,-45.87801
2974759218.75,-45.88344
2974759375.0,-45.90024
2974759531.25,-45.91245
2974759687.5,-45.91602
2974759843.75,-45.89779
2974760000.0,-45.91301
2974760156.25,-45.91642
2974760312.5,-45.91107
2974760468.75,-45.89196
2974760625.0,-45.92605
2974760781.25,-45.9085
2974760937.5,-45.89325
2974761093.75,-45.89444
2974761250.0,-45.8656
2974761406.25,-45.89474
2974761562.5,-45.85843
2974761718.75,-45.89126
2974761875.0,-45.89714
2974762031.25,-45.91498
2974762187.5,-45.94809
2974762343.75,-45.91386
2974762500.0,-45.9336
2974762656.25,-45.92105
2974762812.5,-45.94577
2974762968.75,-45.91279
2974763125.0,-45.92978
2974763281.25,-45.92329
2974763437.5,-45.9341
2974763593.75,-45.91542
2974763750.0,-45.89318
2974763906.25,-45.92901
2974764062.5,-45.92532
2974764218.75,-45.91424
2974764375.0,-45.93531
2974764531.25,-45.9188
2974764687.5,-45.91822
2974764843.75,-45.9174
2974765000.0,-45.90878
2974765156.25,-45.92116
2974765312.5,-45.94553
2974765468.75,-45.94193
2974765625.0,-45.93131
2974765781.25,-45.92087
2974765937.5,-45.94065
2974766093.75,-45.94162
2974766250.0,-45.92737
2974766406.25,-45.94645
2974766562.5,-45.96576
2974766718.75,-45.98417
2974766875.0,-45.96542
2974767031.25,-45.93662
2974767187.5,-45.95019
2974767343.75,-45.93806
2974767500.0,-45.95556
2974767656.25,-45.93647
2974767812.5,-45.96767
2974767968.75,-45.96275
2974768125.0,-45.95274
2974768281.25,-45.94693
2974768437.5,-45.93999
2974768593.75,-45.96193
2974768750.0,-45.95909
2974768906.25,-45.96756
2974769062.5,-45.95548
2974769218.75,-45.96379
2974769375.0,-45.94699
2974769531.25,-45.92982
2974769687.5,-45.95473
2974769843.75,-45.93857
2974770000.0,-45.96594
2974770156.25,-45.9962
2974770312.5,-45.98049
2974770468.75,-45.98
2974770625.0,-45.98442
2974770781.25,-45.99017
2974770937.5,-45.9688
2974771093.75,-45.95142
2974771250.0,-45.94658
2974771406.25,-45.9728
2974771562.5,-45.97295
2974771718.75,-45.98708
2974771875.0,-45.99409
2974772031.25,-46.05898
2974772187.5,-45.96823
2974772343.75,-45.95814
2974772500.0,-45.97906
2974772656.25,-45.95611
2974772812.5,-45.97257
2974772968.75,-46.00303
2974773125.0,-46.00663
2974773281.25,-45.96868
2974773437.5,-45.98631
2974773593.75,-46.00327
2974773750.0,-45.98731
2974773906.25,-45.98944
2974774062.5,-46.00513
2974774218.75,-46.0017
2974774375.0,-45.98437
2974774531.25,-46.01069
2974774687.5,-45.9433
2974774843.75,-46.01888
2974775000.0,-45.98075
2974775156.25,-45.99738
2974775312.5,-46.00005
2974775468.75,-46.01922
2974775625.0,-46.0277
2974775781.25,-46.03887
2974775937.5,-46.0321
2974776093.75,-46.03045
2974776250.0,-46.0461
2974776406.25,-46.02523
2974776562.5,-45.99942
2974776718.75,-46.00659
2974776875.0,-46.01522
2974777031.25,-46.01164
2974777187.5,-46.01622
2974777343.75,-45.97588
2974777500.0,-46.01595
2974777656.25,-46.04239
2974777812.5,-46.03367
2974777968.75,-46.02319
2974778125.0,-46.02296
2974778281.25,-46.03229
2974778437.5,-46.03755
2974778593.75,-46.07861
2974778750.0,-46.01749
2974778906.25,-46.02056
2974779062.5,-46.03129
2974779218.75,-46.01147
2974779375.0,-46.02518
2974779531.25,-46.01598
2974779687.5,-46.02095
2974779843.75,-46.02207
2974780000.0,-46.04488
2974780156.25,-46.03508
2974780312.5,-46.06738
2974780468.75,-46.03738
2974780625.0,-46.07669
2974780781.25,-46.07004
2974780937.5,-46.00682
2974781093.75,-46.03074
2974781250.0,-46.04724
2974781406.25,-46.05331
2974781562.5,-46.02862
2974781718.75,-46.01344
2974781875.0,-46.09772
2974782031.25,-46.0717
2974782187.5,-46.07093
2974782343.75,-46.02895
2974782500.0,-46.03556
2974782656.25,-46.07336
2974782812.5,-46.05931
2974782968.75,-46.06121
2974783125.0,-46.02958
2974783281.25,-46.03369
2974783437.5,-46.07528
2974783593.75,-46.06607
2974783750.0,-46.04158
2974783906.25,-46.09056
2974784062.5,-46.07465
2974784218.75,-46.08014
2974784375.0,-46.12577
2974784531.25,-46.07753
2974784687.5,-46.05205
2974784843.75,-46.07288
2974785000.0,-46.08566
2974785156.25,-46.0827
2974785312.5,-46.06149
2974785468.75,-46.08875
2974785625.0,-46.08096
2974785781.25,-46.09068
2974785937.5,-46.07306
2974786093.75,-46.06651
2974786250.0,-46.09752
2974786406.25,-46.07059
2974786562.5,-46.07824
2974786718.75,-46.08047
2974786875.0,-46.09539
2974787031.25,-46.07215
2974787187.5,-46.07627
2974787343.75,-46.09088
2974787500.0,-46.09343
2974787656.25,-46.07976
2974787812.5,-46.08793
2974787968.75,-46.09239
2974788125.0,-46.0843
2974788281.25,-46.09064
2974788437.5,-46.11961
2974788593.75,-46.10944
2974788750.0,-46.07031
2974788906.25,-46.12338
2974789062.5,-46.13622
2974789218.75,-46.11562
2974789375.0,-46.11418
2974789531.25,-46.10004
2974789687.5,-46.12656
2974789843.75,-46.11494
2974790000.0,-46.12253
2974790156.25,-46.12304
2974790312.5,-46.09691
2974790468.75,-46.12024
2974790625.0,-46.10708
2974790781.25,-46.11021
2974790937.5,-46.09741
2974791093.75,-46.13092
2974791250.0,-46.10968
2974791406.25,-46.1362
2974791562.5,-46.14897
2974791718.75,-46.12377
2974791875.0,-46.11361
2974792031.25,-46.13116
2974792187.5,-46.09313
2974792343.75,-46.11107
2974792500.0,-46.12144
2974792656.25,-46.10922
2974792812.5,-46.1466
2974792968.75,-46.13239
2974793125.0,-46.11378
2974793281.25,-46.10676
2974793437.5,-46.12023
2974793593.75,-46.09679
2974793750.0,-46.13099
2974793906.25,-46.13781
2974794062.5,-46.1439
2974794218.75,-46.07885
2974794375.0,-46.13631
2974794531.25,-46.13117
2974794687.5,-46.12874
2974794843.75,-46.1042
2974795000.0,-46.17334
2974795156.25,-46.16932
2974795312.5,-46.12215
2974795468.75,-46.16635
2974795625.0,-46.16756
2974795781.25,-46.16129
2974795937.5,-46.1434
2974796093.75,-46.17708
2974796250.0,-46.15334
2974796406.25,-46.15816
2974796562.5,-46.20627
2974796718.75,-46.15128
2974796875.0,-46.13422
2974797031.25,-46.16352
2974797187.5,-46.14221
2974797343.75,-46.15644
2974797500.0,-46.16106
2974797656.25,-46.14939
2974797812.5,-46.16673
2974797968.75,-46.14819
2974798125.0,-46.17112
2974798281.25,-46.18541
2974798437.5,-46.17385
2974798593.75,-46.17444
2974798750.0,-46.19147
2974798906.25,-46.18533
2974799062.5,-46.17119
2974799218.75,-46.18509
2974799375.0,-46.19697
2974799531.25,-46.18648
2974799687.5,-46.1697
2974799843.75,-46.19167
2974800000.0,-46.21212
2974800156.25,-46.17178
2974800312.5,-46.18671
2974800468.75,-46.19824
2974800625.0,-46.21074
2974800781.25,-46.18888
2974800937.5,-46.17252
2974801093.75,-46.20083
2974801250.0,-46.21814
2974801406.25,-46.18929
2974801562.5,-46.19051
2974801718.75,-46.21844
2974801875.0,-46.17059
2974802031.25,-46.21718
2974802187.5,-46.21081
2974802343.75,-46.18996
2974802500.0,-46.19118
2974802656.25,-46.20437
2974802812.5,-46.17414
2974802968.75,-46.21645
2974803125.0,-46.22081
2974803281.25,-46.24305
2974803437.5,-46.24551
2974803593.75,-46.20982
2974803750.0,-46.22581
2974803906.25,-46.21316
2974804062.5,-46.20764
2974804218.75,-46.22343
2974804375.0,-46.20835
2974804531.25,-46.19979
2974804687.5,-46.24108
2974804843.75,-46.25075
2974805000.0,-46.22301
2974805156.25,-46.24028
2974805312.5,-46.24345
2974805468.75,-46.26426
2974805625.0,-46.26934
2974805781.25,-46.21496
2974805937.5,-46.25456
2974806093.75,-46.21933
2974806250.0,-46.21869
2974806406.25,-46.23843
2974806562.5,-46.25298
2974806718.75,-46.20891
2974806875.0,-46.22698
2974807031.25,-46.24171
2974807187.5,-46.26268
2974807343.75,-46.26566
2974807500.0,-46.22709
2974807656.25,-46.22723
2974807812.5,-46.25368
2974807968.75,-46.21909
2974808125.0,-46.2475
2974808281.25,-46.22396
2974808437.5,-46.24678
2974808593.75,-46.20081
2974808750.0,-46.23705
2974808906.25,-46.23884
2974809062.5,-46.25925
2974809218.75,-46.26578
2974809375.0,-46.25099
2974809531.25,-46.23758
2974809687.5,-46.22751
2974809843.75,-46.26364
2974810000.0,-46.26965
2974810156.25,-46.2868
2974810312.5,-46.28001
2974810468.75,-46.26453
2974810625.0,-46.26491
2974810781.25,-46.2643
2974810937.5,-46.26606
2974811093.75,-46.2545
2974811250.0,-46.27143
2974811406.25,-46.26061
2974811562.5,-46.2971
2974811718.75,-46.26107
2974811875.0,-46.29827
2974812031.25,-46.26402
2974812187.5,-46.2649
2974812343.75,-46.26845
2974812500.0,-46.33026
2974812656.25,-46.28222
2974812812.5,-46.29488
2974812968.75,-46.28041
2974813125.0,-46.25916
2974813281.25,-46.3224
2974813437.5,-46.26834
2974813593.75,-46.32548
2974813750.0,-46.29252
2974813906.25,-46.27378
2974814062.5,-46.2473
2974814218.75,-46.30027
2974814375.0,-46.30318
2974814531.25,-46.29718
2974814687.5,-46.2633
2974814843.75,-46.26585
2974815000.0,-46.32199
2974815156.25,-46.29814
2974815312.5,-46.27281
2974815468.75,-46.26958
2974815625.0,-46.32026
2974815781.25,-46.31122
2974815937.5,-46.2837
2974816093.75,-46.31322
2974816250.0,-46.30281
2974816406.25,-46.29478
2974816562.5,-46.29895
2974816718.75,-46.31495
2974816875.0,-46.32313
2974817031.25,-46.31738
2974817187.5,-46.31142
2974817343.75,-46.32137
2974817500.0,-46.28247
2974817656.25,-46.31041
2974817812.5,-46.34368
2974817968.75,-46.31414
2974818125.0,-46.31282
2974818281.25,-46.34221
2974818437.5,-46.30131
2974818593.75,-46.29891
2974818750.0,-46.34297
2974818906.25,-46.32429
2974819062.5,-46.30939
2974819218.75,-46.30624
2974819375.0,-46.32712
2974819531.25,-46.32186
2974819687.5,-46.29605
2974819843.75,-46.3241
2974820000.0,-46.32734
2974820156.25,-46.32332
2974820312.5,-46.30936
2974820468.75,-46.29366
2974820625.0,-46.35793
2974820781.25,-46.31933
2974820937.5,-46.32343
2974821093.75,-46.34789
2974821250.0,-46.40039
2974821406.25,-46.34025
2974821562.5,-46.33989
2974821718.75,-46.37114
2974821875.0,-46.35165
2974822031.25,-46.34372
2974822187.5,-46.36198
2974822343.75,-46.31411
2974822500.0,-46.36769
2974822656.25,-46.34647
2974822812.5,-46.34757
2974822968.75,-46.34197
2974823125.0,-46.35786
2974823281.25,-46.34846
2974823437.5,-46.33753
2974823593.75,-46.32527
2974823750.0,-46.39389
2974823906.25,-46.33459
2974824062.5,-46.34298
2974824218.75,-46.38724
2974824375.0,-46.36035
2974824531.25,-46.3563
2974824687.5,-46.35224
2974824843.75,-46.34153
2974825000.0,-46.34672
2974825156.25,-46.38193
2974825312.5,-46.38162
2974825468.75,-46.37359
2974825625.0,-46.34362
2974825781.25,-46.3592
2974825937.5,-46.37647
2974826093.75,-46.37669
2974826250.0,-46.3411
2974826406.25,-46.38811
2974826562.5,-46.43428
2974826718.75,-46.38869
2974826875.0,-46.3596
2974827031.25,-46.38215
2974827187.5,-46.37173
2974827343.75,-46.35147
2974827500.0,-46.3577
2974827656.25,-46.38933
2974827812.5,-46.37444
2974827968.75,-46.36208
2974828125.0,-46.38079
2974828281.25,-46.42889
2974828437.5,-46.41398
2974828593.75,-46.40075
2974828750.0,-46.3885
2974828906.25,-46.35048
2974829062.5,-46.37751
2974829218.75,-46.36514
2974829375.0,-46.37383
2974829531.25,-46.41532
2974829687.5,-46.39959
2974829843.75,-46.39229
2974830000.0,-46.39234
2974830156.25,-46.41041
2974830312.5,-46.39898
2974830468.75,-46.4093
2974830625.0,-46.4034
2974830781.25,-46.38644
2974830937.5,-46.40988
2974831093.75,-46.38483
2974831250.0,-46.41888
2974831406.25,-46.4191
2974831562.5,-46.37202
2974831718.75,-46.44158
2974831875.0,-46.40821
2974832031.25,-46.41959
2974832187.5,-46.43191
2974832343.75,-46.42051
2974832500.0,-46.45161
2974832656.25,-46.4263
2974832812.5,-46.4275
2974832968.75,-46.43037
2974833125.0,-46.4506
2974833281.25,-46.39428
2974833437.5,-46.41858
2974833593.75,-46.42187
2974833750.0,-46.41941
2974833906.25,-46.44412
2974834062.5,-46.42171
2974834218.75,-46.42111
2974834375.0,-46.40781
2974834531.25,-46.43174
2974834687.5,-46.42625
2974834843.75,-46.43633
2974835000.0,-46.42829
2974835156.25,-46.44496
2974835312.5,-46.42607
2974835468.75,-46.40726
2974835625.0,-46.42282
2974835781.25,-46.46181
2974835937.5,-46.43721
2974836093.75,-46.45299
2974836250.0,-46.46819
2974836406.25,-46.47131
2974836562.5,-46.45848
2974836718.75,-46.42908
2974836875.0,-46.48154
2974837031.25,-46.44096
2974837187.5,-46.45478
2974837343.75,-46.41673
2974837500.0,-46.44855
2974837656.25,-46.44563
2974837812.5,-46.43241
2974837968.75,-46.45971
2974838125.0,-46.4394
2974838281.25,-46.45192
2974838437.5,-46.4625
2974838593.75,-46.45298
2974838750.0,-46.47628
2974838906.25,-46.43877
2974839062.5,-46.45899
2974839218.75,-46.47961
2974839375.0,-46.49116
2974839531.25,-46.49958
2974839687.5,-46.4511
2974839843.75,-46.44826
2974840000.0,-46.43483
2974840156.25,-46.46978
2974840312.5,-46.46055
2974840468.75,-46.47244
2974840625.0,-46.4708
2974840781.25,-46.45034
2974840937.5,-46.4752
2974841093.75,-46.42165
2974841250.0,-46.4586
2974841406.25,-46.43815
2974841562.5,-46.45585
2974841718.75,-46.46785
2974841875.0,-46.49198
2974842031.25,-46.48635
2974842187.5,-46.48691
2974842343.75,-46.50228
2974842500.0,-46.49168
2974842656.25,-46.48077
2974842812.5,-46.48563
2974842968.75,-46.48782
2974843125.0,-46.48003
2974843281.25,-46.4646
2974843437.5,-46.47425
2974843593.75,-46.47389
2974843750.0,-46.49866
2974843906.25,-46.50326
2974844062.5,-46.52398
2974844218.75,-46.51135
2974844375.0,-46.5307
2974844531.25,-46.49256
2974844687.5,-46.50842
2974844843.75,-46.509
2974845000.0,-46.49911
2974845156.25,-46.50373
2974845312.5,-46.50278
2974845468.75,-46.50468
2974845625.0,-46.50578
2974845781.25,-46.50306
2974845937.5,-46.52475
2974846093.75,-46.51655
2974846250.0,-46.47631
2974846406.25,-46.54506
2974846562.5,-46.5509
2974846718.75,-46.53506
2974846875.0,-46.51397
2974847031.25,-46.52075
2974847187.5,-46.51
2974847343.75,-46.52215
2974847500.0,-46.55727
2974847656.25,-46.50277
2974847812.5,-46.50598
2974847968.75,-46.5503
2974848125.0,-46.52094
2974848281.25,-46.50816
2974848437.5,-46.51884
2974848593.75,-46.52926
2974848750.0,-46.55397
2974848906.25,-46.51988
2974849062.5,-46.52548
2974849218.75,-46.55772
2974849375.0,-46.55662
2974849531.25,-46.54458
2974849687.5,-46.52613
2974849843.75,-46.52875
2974850000.0,-46.56447
2974850156.25,-46.48213
2974850312.5,-46.49627
2974850468.75,-46.51459
2974850625.0,-46.53494
2974850781.25,-46.51279
2974850937.5,-46.56927
2974851093.75,-46.54192
2974851250.0,-46.53653
2974851406.25,-46.57099
2974851562.5,-46.56349
2974851718.75,-46.54859
2974851875.0,-46.57538
2974852031.25,-46.54416
2974852187.5,-46.5677
2974852343.75,-46.57494
2974852500.0,-46.54451
2974852656.25,-46.56708
2974852812.5,-46.58368
2974852968.75,-46.57908
2974853125.0,-46.54703
2974853281.25,-46.55375
2974853437.5,-46.57238
2974853593.75,-46.54814
2974853750.0,-46.51313
2974853906.25,-46.54618
2974854062.5,-46.60587
2974854218.75,-46.5453
2974854375.0,-46.56508
2974854531.25,-46.53561
2974854687.5,-46.57483
2974854843.75,-46.5732
2974855000.0,-46.60795
2974855156.25,-46.56765
2974855312.5,-46.51952
2974855468.75,-46.56239
2974855625.0,-46.53796
2974855781.25,-46.57878
2974855937.5,-46.61343
2974856093.75,-46.61114
2974856250.0,-46.56008
2974856406.25,-46.56234
2974856562.5,-46.5614
2974856718.75,-46.56242
2974856875.0,-46.58287
2974857031.25,-46.56919
2974857187.5,-46.58524
2974857343.75,-46.60408
2974857500.0,-46.62197
2974857656.25,-46.59205
2974857812.5,-46.59353
2974857968.75,-46.56845
2974858125.0,-46.57574
2974858281.25,-46.60955
2974858437.5,-46.55486
2974858593.75,-46.58804
2974858750.0,-46.64651
2974858906.25,-46.60139
2974859062.5,-46.6013
2974859218.75,-46.61617
2974859375.0,-46.59273
2974859531.25,-46.61182
2974859687.5,-46.60326
2974859843.75,-46.59654
2974860000.0,-46.59227
2974860156.25,-46.62816
2974860312.5,-46.57539
2974860468.75,-46.61652
2974860625.0,-46.60729
2974860781.25,-46.60773
2974860937.5,-46.5998
2974861093.75,-46.61257
2974861250.0,-46.63347
2974861406.25,-46.63594
2974861562.5,-46.65734
2974861718.75,-46.61307
2974861875.0,-46.62167
2974862031.25,-46.60674
2974862187.5,-46.6094
2974862343.75,-46.62103
2974862500.0,-46.60635
2974862656.25,-46.62161
2974862812.5,-46.62007
2974862968.75,-46.62752
2974863125.0,-46.63378
2974863281.25,-46.6214
2974863437.5,-46.66428
2974863593.75,-46.64074
2974863750.0,-46.63299
2974863906.25,-46.61002
2974864062.5,-46.68975
2974864218.75,-46.6169
2974864375.0,-46.63625
2974864531.25,-46.60035
2974864687.5,-46.63777
2974864843.75,-46.6757
2974865000.0,-46.67066
2974865156.25,-46.64904
2974865312.5,-46.63674
2974865468.75,-46.62223
2974865625.0,-46.67761
2974865781.25,-46.60558
2974865937.5,-46.64115
2974866093.75,-46.6239
2974866250.0,-46.63021
2974866406.25,-46.62566
2974866562.5,-46.65982
2974866718.75,-46.64448
2974866875.0,-46.65707
2974867031.25,-46.64916
2974867187.5,-46.66361
2974867343.75,-46.65661
2974867500.0,-46.6704
2974867656.25,-46.67608
2974867812.5,-46.67218
2974867968.75,-46.65705
2974868125.0,-46.67871
2974868281.25,-46.65236
2974868437.5,-46.65974
2974868593.75,-46.66214
2974868750.0,-46.6713
2974868906.25,-46.68816
2974869062.5,-46.65701
2974869218.75,-46.67615
2974869375.0,-46.67717
2974869531.25,-46.65922
2974869687.5,-46.64352
2974869843.75,-46.66219
2974870000.0,-46.67065
2974870156.25,-46.70847
2974870312.5,-46.70654
2974870468.75,-46.67328
2974870625.0,-46.6269
2974870781.25,-46.70074
2974870937.5,-46.64525
2974871093.75,-46.68166
2974871250.0,-46.69406
2974871406.25,-46.69031
2974871562.5,-46.67966
2974871718.75,-46.6734
2974871875.0,-46.67521
2974872031.25,-46.63311
2974872187.5,-46.68251
2974872343.75,-46.69954
2974872500.0,-46.68687
2974872656.25,-46.69291
2974872812.5,-46.7042
2974872968.75,-46.69009
2974873125.0,-46.68764
2974873281.25,-46.69885
2974873437.5,-46.7208
2974873593.75,-46.66662
2974873750.0,-46.71941
2974873906.25,-46.70562
2974874062.5,-46.66072
2974874218.75,-46.7401
2974874375.0,-46.71514
2974874531.25,-46.72798
2974874687.5,-46.70278
2974874843.75,-46.71209
2974875000.0,-46.73462
2974875156.25,-46.7022
2974875312.5,-46.70168
2974875468.75,-46.71089
2974875625.0,-46.70109
2974875781.25,-46.74133
2974875937.5,-46.71843
2974876093.75,-46.76218
2974876250.0,-46.72443
2974876406.25,-46.70896
2974876562.5,-46.71018
2974876718.75,-46.71758
2974876875.0,-46.70497
2974877031.25,-46.70925
2974877187.5,-46.71423
2974877343.75,-46.68633
2974877500.0,-46.69938
2974877656.25,-46.74329
2974877812.5,-46.71067
2974877968.75,-46.72805
2974878125.0,-46.743
2974878281.25,-46.764
2974878437.5,-46.7374
2974878593.75,-46.70073
2974878750.0,-46.73217
2974878906.25,-46.72999
2974879062.5,-46.74099
2974879218.75,-46.72027
2974879375.0,-46.71363
2974879531.25,-46.73985
2974879687.5,-46.75409
2974879843.75,-46.76361
2974880000.0,-46.74337
2974880156.25,-46.7236
2974880312.5,-46.77026
2974880468.75,-46.73967
2974880625.0,-46.74696
2974880781.25,-46.74832
2974880937.5,-46.75026
2974881093.75,-46.73335
2974881250.0,-46.76848
2974881406.25,-46.74681
2974881562.5,-46.77375
2974881718.75,-46.79359
2974881875.0,-46.7869
2974882031.25,-46.74622
2974882187.5,-46.76242
2974882343.75,-46.75321
2974882500.0,-46.76091
2974882656.25,-46.77481
2974882812.5,-46.72038
2974882968.75,-46.78189
2974883125.0,-46.76983
2974883281.25,-46.77335
2974883437.5,-46.72805
2974883593.75,-46.75341
2974883750.0,-46.734
2974883906.25,-46.81189
2974884062.5,-46.79156
2974884218.75,-46.81514
2974884375.0,-46.78119
2974884531.25,-46.79888
2974884687.5,-46.78522
2974884843.75,-46.76155
2974885000.0,-46.79646
2974885156.25,-46.78523
2974885312.5,-46.77209
2974885468.75,-46.76641
2974885625.0,-46.77753
2974885781.25,-46.79457
2974885937.5,-46.77722
2974886093.75,-46.80648
2974886250.0,-46.77922
2974886406.25,-46.79041
2974886562.5,-46.76607
2974886718.75,-46.82274
2974886875.0,-46.79405
2974887031.25,-46.80479
2974887187.5,-46.71752
2974887343.75,-46.78159
2974887500.0,-46.80945
2974887656.25,-46.77464
2974887812.5,-46.72862
2974887968.75,-46.76638
2974888125.0,-46.7812
2974888281.25,-46.81597
2974888437.5,-46.8023
2974888593.75,-46.81334
2974888750.0,-46.80255
2974888906.25,-46.77356
2974889062.5,-46.77656
2974889218.75,-46.76629
2974889375.0,-46.81046
2974889531.25,-46.81173
2974889687.5,-46.82553
2974889843.75,-46.8117
2974890000.0,-46.80127
2974890156.25,-46.80285
2974890312.5,-46.78714
2974890468.75,-46.81176
2974890625.0,-46.82938
2974890781.25,-46.82879
2974890937.5,-46.83251
2974891093.75,-46.81054
2974891250.0,-46.79818
2974891406.25,-46.78287
2974891562.5,-46.80964
2974891718.75,-46.86789
2974891875.0,-46.83413
2974892031.25,-46.80458
2974892187.5,-46.81535
2974892343.75,-46.83426
2974892500.0,-46.86368
2974892656.25,-46.82963
2974892812.5,-46.83643
2974892968.75,-46.79138
2974893125.0,-46.82093
2974893281.25,-46.85612
2974893437.5,-46.78049
2974893593.75,-46.85789
2974893750.0,-46.835
2974893906.25,-46.84245
2974894062.5,-46.81977
2974894218.75,-46.86413
2974894375.0,-46.80429
2974894531.25,-46.8177
2974894687.5,-46.8309
2974894843.75,-46.83851
2974895000.0,-46.85445
2974895156.25,-46.81263
2974895312.5,-46.8272
2974895468.75,-46.82373
2974895625.0,-46.81104
2974895781.25,-46.85939
2974895937.5,-46.82575
2974896093.75,-46.85107
2974896250.0,-46.83172
2974896406.25,-46.84278
2974896562.5,-46.85331
2974896718.75,-46.87296
2974896875.0,-46.79946
2974897031.25,-46.89361
2974897187.5,-46.84098
2974897343.75,-46.89385
2974897500.0,-46.84988
2974897656.25,-46.87975
2974897812.5,-46.85066
2974897968.75,-46.87359
2974898125.0,-46.88716
2974898281.25,-46.87574
2974898437.5,-46.90416
2974898593.75,-46.86075
2974898750.0,-46.82653
2974898906.25,-46.84791
2974899062.5,-46.90488
2974899218.75,-46.90207
2974899375.0,-46.8819
2974899531.25,-46.87973
2974899687.5,-46.8844
2974899843.75,-46.88472
2974900000.0,-46.86654
2974900156.25,-46.87508
2974900312.5,-46.87896
2974900468.75,-46.86843
2974900625.0,-46.89672
2974900781.25,-46.89305
2974900937.5,-46.8778
2974901093.75,-46.89173
2974901250.0,-46.83689
2974901406.25,-46.90351
2974901562.5,-46.8655
2974901718.75,-46.84569
2974901875.0,-46.89032
2974902031.25,-46.90206
2974902187.5,-46.8778
2974902343.75,-46.87402
2974902500.0,-46.84844
2974902656.25,-46.87347
2974902812.5,-46.89745
2974902968.75,-46.88621
2974903125.0,-46.87328
2974903281.25,-46.9002
2974903437.5,-46.89943
2974903593.75,-46.9092
2974903750.0,-46.90712
2974903906.25,-46.8948
2974904062.5,-46.86906
2974904218.75,-46.92102
2974904375.0,-46.92279
2974904531.25,-46.89693
2974904687.5,-46.91014
2974904843.75,-46.89375
2974905000.0,-46.87166
2974905156.25,-46.92884
2974905312.5,-46.91076
2974905468.75,-46.91439
2974905625.0,-46.95417
2974905781.25,-46.92156
2974905937.5,-46.91116
2974906093.75,-46.93551
2974906250.0,-46.88663
2974906406.25,-46.93157
2974906562.5,-46.92617
2974906718.75,-46.92904
2974906875.0,-46.93092
2974907031.25,-46.92291
2974907187.5,-46.91015
2974907343.75,-46.9128
2974907500.0,-46.94869
2974907656.25,-46.90652
2974907812.5,-46.92221
2974907968.75,-46.91529
2974908125.0,-46.9437
2974908281.25,-46.91026
2974908437.5,-46.95246
2974908593.75,-46.93668
2974908750.0,-46.89268
2974908906.25,-46.9714
2974909062.5,-46.95545
2974909218.75,-46.93208
2974909375.0,-46.92869
2974909531.25,-46.92671
2974909687.5,-46.94656
2974909843.75,-46.9258
2974910000.0,-46.91891
2974910156.25,-46.9451
2974910312.5,-46.9852
2974910468.75,-46.91169
2974910625.0,-46.93427
2974910781.25,-46.96889
2974910937.5,-46.98157
2974911093.75,-46.94012
2974911250.0,-46.94941
2974911406.25,-46.92825
2974911562.5,-46.99319
2974911718.75,-46.94072
2974911875.0,-47.00261
2974912031.25,-46.95938
2974912187.5,-46.94571
2974912343.75,-46.92906
2974912500.0,-46.96068
2974912656.25,-46.91592
2974912812.5,-46.93154
2974912968.75,-46.92085
2974913125.0,-46.95292
2974913281.25,-46.95659
2974913437.5,-46.97072
2974913593.75,-46.95893
2974913750.0,-46.95317
2974913906.25,-46.95228
2974914062.5,-46.96027
2974914218.75,-46.98187
2974914375.0,-46.97752
2974914531.25,-46.94132
2974914687.5,-46.98968
2974914843.75,-46.98454
2974915000.0,-46.99285
2974915156.25,-46.95309
2974915312.5,-46.97466
2974915468.75,-47.00316
2974915625.0,-46.96106
2974915781.25,-46.99647
2974915937.5,-46.96161
2974916093.75,-46.98922
2974916250.0,-46.97071
2974916406.25,-46.92541
2974916562.5,-46.97343
2974916718.75,-46.99057
2974916875.0,-46.9803
2974917031.25,-46.99565
2974917187.5,-46.98078
2974917343.75,-46.96191
2974917500.0,-46.98098
2974917656.25,-46.99879
2974917812.5,-46.98182
2974917968.75,-46.97761
2974918125.0,-46.99945
2974918281.25,-46.99953
2974918437.5,-46.97969
2974918593.75,-47.00613
2974918750.0,-46.97829
2974918906.25,-47.00888
2974919062.5,-46.96587
2974919218.75,-47.00334
2974919375.0,-46.96948
2974919531.25,-46.98339
2974919687.5,-47.04466
2974919843.75,-47.04862
2974920000.0,-46.97475
2974920156.25,-47.01669
2974920312.5,-47.02008
2974920468.75,-46.97411
2974920625.0,-47.00639
2974920781.25,-47.00736
2974920937.5,-47.01974
2974921093.75,-47.05297
2974921250.0,-47.01296
2974921406.25,-47.02408
2974921562.5,-47.02332
2974921718.75,-47.02526
2974921875.0,-46.98793
2974922031.25,-47.03802
2974922187.5,-47.02357
2974922343.75,-47.01302
2974922500.0,-47.05446
2974922656.25,-47.02361
2974922812.5,-47.00779
2974922968.75,-47.02399
2974923125.0,-47.01918
2974923281.25,-47.00433
2974923437.5,-47.04231
2974923593.75,-47.02189
2974923750.0,-47.02928
2974923906.25,-47.04154
2974924062.5,-47.02896
2974924218.75,-47.02968
2974924375.0,-47.03717
2974924531.25,-47.01585
2974924687.5,-47.0373
2974924843.75,-47.06765
2974925000.0,-47.0583
2974925156.25,-47.03948
2974925312.5,-47.02491
2974925468.75,-47.06318
2974925625.0,-47.04326
2974925781.25,-47.03479
2974925937.5,-47.01759
2974926093.75,-47.05737
2974926250.0,-47.04126
2974926406.25,-47.06284
2974926562.5,-47.07587
2974926718.75,-47.03096
2974926875.0,-47.04989
2974927031.25,-47.08976
2974927187.5,-47.05305
2974927343.75,-47.04426
2974927500.0,-47.0474
2974927656.25,-47.07118
2974927812.5,-47.04251
2974927968.75,-47.04145
2974928125.0,-47.0654
2974928281.25,-47.03386
2974928437.5,-47.04902
2974928593.75,-47.09929
2974928750.0,-47.03518
2974928906.25,-47.02994
2974929062.5,-47.06059
2974929218.75,-47.05743
2974929375.0,-47.07748
2974929531.25,-47.09152
2974929687.5,-47.0611
2974929843.75,-47.08008
2974930000.0,-47.09099
2974930156.25,-47.08109
2974930312.5,-47.04744
2974930468.75,-47.06918
2974930625.0,-47.07215
2974930781.25,-47.11245
2974930937.5,-47.0948
2974931093.75,-47.07183
2974931250.0,-47.11441
2974931406.25,-47.079
2974931562.5,-47.0606
2974931718.75,-47.07266
2974931875.0,-47.06699
2974932031.25,-47.07832
2974932187.5,-47.09018
2974932343.75,-47.09803
2974932500.0,-47.10413
2974932656.25,-47.09187
2974932812.5,-47.08297
2974932968.75,-47.08196
2974933125.0,-47.09083
2974933281.25,-47.04782
2974933437.5,-47.09944
2974933593.75,-47.09418
2974933750.0,-47.12138
2974933906.25,-47.08154
2974934062.5,-47.13681
2974934218.75,-47.11852
2974934375.0,-47.11163
2974934531.25,-47.16929
2974934687.5,-47.08547
2974934843.75,-47.10332
2974935000.0,-47.13478
2974935156.25,-47.08582
2974935312.5,-47.11256
2974935468.75,-47.09204
2974935625.0,-47.1053
2974935781.25,-47.09605
2974935937.5,-47.14193
2974936093.75,-47.14009
2974936250.0,-47.13098
2974936406.25,-47.12678
2974936562.5,-47.12669
2974936718.75,-47.12719
2974936875.0,-47.09623
2974937031.25,-47.1403
2974937187.5,-47.10641
2974937343.75,-47.1358
2974937500.0,-47.08786
2974937656.25,-47.09876
2974937812.5,-47.11142
2974937968.75,-47.12637
2974938125.0,-47.12671
2974938281.25,-47.14761
2974938437.5,-47.14513
2974938593.75,-47.15347
2974938750.0,-47.11945
2974938906.25,-47.14611
2974939062.5,-47.1266
2974939218.75,-47.16357
2974939375.0,-47.18702
2974939531.25,-47.13686
2974939687.5,-47.13937
2974939843.75,-47.1216
2974940000.0,-47.11061
2974940156.25,-47.11515
2974940312.5,-47.11097
2974940468.75,-47.1472
2974940625.0,-47.20073
2974940781.25,-47.13784
2974940937.5,-47.13807
2974941093.75,-47.15673
2974941250.0,-47.16458
2974941406.25,-47.1197
2974941562.5,-47.16315
2974941718.75,-47.18488
2974941875.0,-47.13527
2974942031.25,-47.16198
2974942187.5,-47.16158
2974942343.75,-47.17738
2974942500.0,-47.14447
2974942656.25,-47.16114
2974942812.5,-47.16231
2974942968.75,-47.14946
2974943125.0,-47.16757
2974943281.25,-47.1604
2974943437.5,-47.14286
2974943593.75,-47.16373
2974943750.0,-47.17155
2974943906.25,-47.13084
2974944062.5,-47.18617
2974944218.75,-47.19053
2974944375.0,-47.21314
2974944531.25,-47.14134
2974944687.5,-47.17176
2974944843.75,-47.17337
2974945000.0,-47.16749
2974945156.25,-47.19688
2974945312.5,-47.19176
2974945468.75,-47.18325
2974945625.0,-47.16632
2974945781.25,-47.14597
2974945937.5,-47.15118
2974946093.75,-47.15971
2974946250.0,-47.14233
2974946406.25,-47.13959
2974946562.5,-47.23777
2974946718.75,-47.21306
2974946875.0,-47.15763
2974947031.25,-47.18081
2974947187.5,-47.18771
2974947343.75,-47.16564
2974947500.0,-47.19862
2974947656.25,-47.17453
2974947812.5,-47.17758
2974947968.75,-47.18896
2974948125.0,-47.17766
2974948281.25,-47.14986
2974948437.5,-47.19148
2974948593.75,-47.15527
2974948750.0,-47.20171
2974948906.25,-47.20323
2974949062.5,-47.16573
2974949218.75,-47.20123
2974949375.0,-47.16298
2974949531.25,-47.22238
2974949687.5,-47.18735
2974949843.75,-47.18699
2974950000.0,-47.16835
2974950156.25,-47.21491
2974950312.5,-47.18406
2974950468.75,-47.21033
2974950625.0,-47.18834
2974950781.25,-47.22693
2974950937.5,-47.20837
2974951093.75,-47.19139
2974951250.0,-47.22571
2974951406.25,-47.23395
2974951562.5,-47.22618
2974951718.75,-47.24918
2974951875.0,-47.25233
2974952031.25,-47.20901
2974952187.5,-47.19189
2974952343.75,-47.20305
2974952500.0,-47.20308
2974952656.25,-47.20853
2974952812.5,-47.22622
2974952968.75,-47.24408
2974953125.0,-47.24623
2974953281.25,-47.24796
2974953437.5,-47.21916
2974953593.75,-47.20466
2974953750.0,-47.23548
2974953906.25,-47.22105
2974954062.5,-47.22704
2974954218.75,-47.20817
2974954375.0,-47.19081
2974954531.25,-47.21942
2974954687.5,-47.28678
2974954843.75,-47.23612
2974955000.0,-47.2339
2974955156.25,-47.20624
2974955312.5,-47.25206
2974955468.75,-47.25746
2974955625.0,-47.26243
2974955781.25,-47.24665
2974955937.5,-47.25668
2974956093.75,-47.23932
2974956250.0,-47.21628
2974956406.25,-47.2286
2974956562.5,-47.23387
2974956718.75,-47.24197
2974956875.0,-47.22704
2974957031.25,-47.23709
2974957187.5,-47.23549
2974957343.75,-47.22818
2974957500.0,-47.22188
2974957656.25,-47.2656
2974957812.5,-47.27826
2974957968.75,-47.25385
2974958125.0,-47.2419
2974958281.25,-47.23845
2974958437.5,-47.26265
2974958593.75,-47.26473
2974958750.0,-47.24741
2974958906.25,-47.21565
2974959062.5,-47.2973
2974959218.75,-47.26194
2974959375.0,-47.23675
2974959531.25,-47.25251
2974959687.5,-47.27076
2974959843.75,-47.28418
2974960000.0,-47.25821
2974960156.25,-47.24789
2974960312.5,-47.25811
2974960468.75,-47.25426
2974960625.0,-47.29178
2974960781.25,-47.24816
2974960937.5,-47.30435
2974961093.75,-47.29169
2974961250.0,-47.27328
2974961406.25,-47.24537
2974961562.5,-47.3061
2974961718.75,-47.30656
2974961875.0,-47.30199
2974962031.25,-47.27544
2974962187.5,-47.28759
2974962343.75,-47.30484
2974962500.0,-47.2909
2974962656.25,-47.27924
2974962812.5,-47.29396
2974962968.75,-47.29673
2974963125.0,-47.24396
2974963281.25,-47.2864
2974963437.5,-47.27549
2974963593.75,-47.29632
2974963750.0,-47.30614
2974963906.25,-47.27164
2974964062.5,-47.28771
2974964218.75,-47.25898
2974964375.0,-47.27188
2974964531.25,-47.26052
2974964687.5,-47.28114
2974964843.75,-47.31116
2974965000.0,-47.32084
2974965156.25,-47.28194
2974965312.5,-47.25978
2974965468.75,-47.30867
2974965625.0,-47.33127
2974965781.25,-47.31368
2974965937.5,-47.33807
2974966093.75,-47.29583
2974966250.0,-47.32533
2974966406.25,-47.2784
2974966562.5,-47.31877
2974966718.75,-47.26749
2974966875.0,-47.35316
2974967031.25,-47.32421
2974967187.5,-47.34904
2974967343.75,-47.28312
2974967500.0,-47.26071
2974967656.25,-47.3139
2974967812.5,-47.34927
2974967968.75,-47.35746
2974968125.0,-47.30086
2974968281.25,-47.32686
2974968437.5,-47.30706
2974968593.75,-47.29945
2974968750.0,-47.3352
2974968906.25,-47.34443
2974969062.5,-47.33289
2974969218.75,-47.34329
2974969375.0,-47.34588
2974969531.25,-47.33065
2974969687.5,-47.29959
2974969843.75,-47.33208
2974970000.0,-47.33119
2974970156.25,-47.29235
2974970312.5,-47.30301
2974970468.75,-47.29296
2974970625.0,-47.32584
2974970781.25,-47.32259
2974970937.5,-47.29077
2974971093.75,-47.35462
2974971250.0,-47.35542
2974971406.25,-47.33244
2974971562.5,-47.34475
2974971718.75,-47.32101
2974971875.0,-47.33104
2974972031.25,-47.35774
2974972187.5,-47.3516
2974972343.75,-47.39219
2974972500.0,-47.32819
2974972656.25,-47.36123
2974972812.5,-47.35926
2974972968.75,-47.31821
2974973125.0,-47.35374
2974973281.25,-47.30902
2974973437.5,-47.38872
2974973593.75,-47.34604
2974973750.0,-47.38749
2974973906.25,-47.33002
2974974062.5,-47.36641
2974974218.75,-47.4055
2974974375.0,-47.38122
2974974531.25,-47.37024
2974974687.5,-47.35209
2974974843.75,-47.35938
2974975000.0,-47.36792
2974975156.25,-47.34556
2974975312.5,-47.3712
2974975468.75,-47.36832
2974975625.0,-47.3466
2974975781.25,-47.39005
2974975937.5,-47.31993
2974976093.75,-47.37452
2974976250.0,-47.40408
2974976406.25,-47.34093
2974976562.5,-47.38399
2974976718.75,-47.33701
2974976875.0,-47.3711
2974977031.25,-47.3714
2974977187.5,-47.39521
2974977343.75,-47.35891
2974977500.0,-47.36641
2974977656.25,-47.36113
2974977812.5,-47.38641
2974977968.75,-47.39211
2974978125.0,-47.3925
2974978281.25,-47.3836
2974978437.5,-47.38913
2974978593.75,-47.43407
2974978750.0,-47.3837
2974978906.25,-47.37979
2974979062.5,-47.37555
2974979218.75,-47.38166
2974979375.0,-47.38517
2974979531.25,-47.35196
2974979687.5,-47.36418
2974979843.75,-47.38875
2974980000.0,-47.38398
2974980156.25,-47.3466
2974980312.5,-47.40771
2974980468.75,-47.39229
2974980625.0,-47.35617
2974980781.25,-47.40582
2974980937.5,-47.3759
2974981093.75,-47.41688
2974981250.0,-47.39074
2974981406.25,-47.38204
2974981562.5,-47.42136
2974981718.75,-47.39072
2974981875.0,-47.3722
2974982031.25,-47.39867
2974982187.5,-47.40625
2974982343.75,-47.39373
2974982500.0,-47.44413
2974982656.25,-47.42687
2974982812.5,-47.4455
2974982968.75,-47.42403
2974983125.0,-47.39243
2974983281.25,-47.4159
2974983437.5,-47.41819
2974983593.75,-47.42423
2974983750.0,-47.419
2974983906.25,-47.39851
2974984062.5,-47.43245
2974984218.75,-47.41001
2974984375.0,-47.42472
2974984531.25,-47.4485
2974984687.5,-47.38782
2974984843.75,-47.43782
2974985000.0,-47.39916
2974985156.25,-47.43073
2974985312.5,-47.38549
2974985468.75,-47.36889
2974985625.0,-47.41919
2974985781.25,-47.41204
2974985937.5,-47.4685
2974986093.75,-47.40514
2974986250.0,-47.42994
2974986406.25,-47.42034
2974986562.5,-47.40601
2974986718.75,-47.4547
2974986875.0,-47.4024
2974987031.25,-47.46447
2974987187.5,-47.44397
2974987343.75,-47.4462
2974987500.0,-47.42867
2974987656.25,-47.44323
2974987812.5,-47.51332
2974987968.75,-47.43263
2974988125.0,-47.43647
2974988281.25,-47.39925
2974988437.5,-47.43844
2974988593.75,-47.42745
2974988750.0,-47.44564
2974988906.25,-47.44141
2974989062.5,-47.4223
2974989218.75,-47.43557
2974989375.0,-47.4277
2974989531.25,-47.43734
2974989687.5,-47.47341
2974989843.75,-47.47244
2974990000.0,-47.42877
2974990156.25,-47.4775
2974990312.5,-47.45573
2974990468.75,-47.45424
2974990625.0,-47.47429
2974990781.25,-47.49187
2974990937.5,-47.43221
2974991093.75,-47.44857
2974991250.0,-47.48913
2974991406.25,-47.45744
2974991562.5,-47.48978
2974991718.75,-47.46261
2974991875.0,-47.45303
2974992031.25,-47.43463
2974992187.5,-47.47839
2974992343.75,-47.48043
2974992500.0,-47.4427
2974992656.25,-47.49453
2974992812.5,-47.47001
2974992968.75,-47.43478
2974993125.0,-47.47874
2974993281.25,-47.44886
2974993437.5,-47.50056
2974993593.75,-47.48833
2974993750.0,-47.47578
2974993906.25,-47.50719
2974994062.5,-47.4657
2974994218.75,-47.50377
2974994375.0,-47.49366
2974994531.25,-47.48367
2974994687.5,-47.48384
2974994843.75,-47.47845
2974995000.0,-47.50789
2974995156.25,-47.51678
2974995312.5,-47.49741
2974995468.75,-47.47348
2974995625.0,-47.42755
2974995781.25,-47.48309
2974995937.5,-47.51401
2974996093.75,-47.5172
2974996250.0,-47.44801
2974996406.25,-47.51777
2974996562.5,-47.49296
2974996718.75,-47.47553
2974996875.0,-47.50129
2974997031.25,-47.47127
2974997187.5,-47.49721
2974997343.75,-47.51832
2974997500.0,-47.48539
2974997656.25,-47.50871
2974997812.5,-47.50444
2974997968.75,-47.55818
2974998125.0,-47.51229
2974998281.25,-47.49275
2974998437.5,-47.51555
2974998593.75,-47.51096
2974998750.0,-47.51962
2974998906.25,-47.49542
2974999062.5,-47.54216
2974999218.75,-47.52848
2974999375.0,-47.5092
2974999531.25,-47.48302
2974999687.5,-47.51242
2974999843.75,-47.538
2975000000.0,-47.50651
2975000156.25,-47.49726
2975000312.5,-47.53082
2975000468.75,-47.5402
2975000625.0,-47.53295
2975000781.25,-47.46703
2975000937.5,-47.49429
2975001093.75,-47.51039
2975001250.0,-47.5173
2975001406.25,-47.51355
2975001562.5,-47.47877
2975001718.75,-47.55283
2975001875.0,-47.5712
2975002031.25,-47.55932
2975002187.5,-47.5384
2975002343.75,-47.51047
2975002500.0,-47.555
2975002656.25,-47.52961
2975002812.5,-47.50885
2975002968.75,-47.5191
2975003125.0,-47.52264
2975003281.25,-47.52338
2975003437.5,-47.56079
2975003593.75,-47.53489
2975003750.0,-47.54525
2975003906.25,-47.55893
2975004062.5,-47.51427
2975004218.75,-47.52148
2975004375.0,-47.52283
2975004531.25,-47.53267
2975004687.5,-47.5423
2975004843.75,-47.53319
2975005000.0,-47.55788
2975005156.25,-47.54594
2975005312.5,-47.56023
2975005468.75,-47.56095
2975005625.0,-47.55344
2975005781.25,-47.49788
2975005937.5,-47.58527
2975006093.75,-47.56817
2975006250.0,-47.56863
2975006406.25,-47.52437
2975006562.5,-47.54433
2975006718.75,-47.597
2975006875.0,-47.56367
2975007031.25,-47.55814
2975007187.5,-47.56533
2975007343.75,-47.57288
2975007500.0,-47.54384
2975007656.25,-47.5467
2975007812.5,-47.541
2975007968.75,-47.55153
2975008125.0,-47.49668
2975008281.25,-47.56559
2975008437.5,-47.5719
2975008593.75,-47.53991
2975008750.0,-47.56391
2975008906.25,-47.56176
2975009062.5,-47.56756
2975009218.75,-47.6241
2975009375.0,-47.57537
2975009531.25,-47.5858
2975009687.5,-47.57774
2975009843.75,-47.52906
2975010000.0,-47.60071
2975010156.25,-47.54912
2975010312.5,-47.64005
2975010468.75,-47.55018
2975010625.0,-47.55083
2975010781.25,-47.58838
2975010937.5,-47.59501
2975011093.75,-47.57859
2975011250.0,-47.56594
2975011406.25,-47.58023
2975011562.5,-47.54946
2975011718.75,-47.58889
2975011875.0,-47.60723
2975012031.25,-47.56152
2975012187.5,-47.58746
2975012343.75,-47.57104
2975012500.0,-47.60941
2975012656.25,-47.59775
2975012812.5,-47.55369
2975012968.75,-47.583
2975013125.0,-47.56555
2975013281.25,-47.61012
2975013437.5,-47.59687
2975013593.75,-47.61406
2975013750.0,-47.60628
2975013906.25,-47.61711
2975014062.5,-47.61246
2975014218.75,-47.62991
2975014375.0,-47.62283
2975014531.25,-47.60856
2975014687.5,-47.61135
2975014843.75,-47.60258
2975015000.0,-47.64215
2975015156.25,-47.61683
2975015312.5,-47.63082
2975015468.75,-47.6253
2975015625.0,-47.60066
2975015781.25,-47.61605
2975015937.5,-47.59264
2975016093.75,-47.59923
2975016250.0,-47.64738
2975016406.25,-47.65486
2975016562.5,-47.64014
2975016718.75,-47.62178
2975016875.0,-47.64538
2975017031.25,-47.57825
2975017187.5,-47.61683
2975017343.75,-47.64018
2975017500.0,-47.64359
2975017656.25,-47.61952
2975017812.5,-47.58551
2975017968.75,-47.64906
2975018125.0,-47.66849
2975018281.25,-47.63545
2975018437.5,-47.61974
2975018593.75,-47.61345
2975018750.0,-47.6239
2975018906.25,-47.6074
2975019062.5,-47.62349
2975019218.75,-47.64293
2975019375.0,-47.68337
2975019531.25,-47.66306
2975019687.5,-47.61228
2975019843.75,-47.6514
2975020000.0,-47.64753
2975020156.25,-47.65304
2975020312.5,-47.63318
2975020468.75,-47.64571
2975020625.0,-47.61047
2975020781.25,-47.64259
2975020937.5,-47.64241
2975021093.75,-47.59103
2975021250.0,-47.64048
2975021406.25,-47.64721
2975021562.5,-47.61674
2975021718.75,-47.61995
2975021875.0,-47.64777
2975022031.25,-47.65516
2975022187.5,-47.65831
2975022343.75,-47.62397
2975022500.0,-47.64433
2975022656.25,-47.64877
2975022812.5,-47.63066
2975022968.75,-47.67084
2975023125.0,-47.66021
2975023281.25,-47.65481
2975023437.5,-47.6603
2975023593.75,-47.66256
2975023750.0,-47.61439
2975023906.25,-47.64098
2975024062.5,-47.65771
2975024218.75,-47.62035
2975024375.0,-47.70652
2975024531.25,-47.67536
2975024687.5,-47.69793
2975024843.75,-47.70687
2975025000.0,-47.68851
2975025156.25,-47.6685
2975025312.5,-47.68134
2975025468.75,-47.6585
2975025625.0,-47.67422
2975025781.25,-47.67399
2975025937.5,-47.65163
