1177560312.5,-45.27381
1177560468.75,-45.269
1177560625.0,-45.31376
1177560781.25,-45.27389
1177560937.5,-45.26773
1177561093.75,-45.28769
1177561250.0,-45.27732
1177561406.25,-45.28544
1177561562.5,-45.27661
1177561718.75,-45.2712
1177561875.0,-45.26611
1177562031.25,-45.24838
1177562187.5,-45.25182
1177562343.75,-45.24936
1177562500.0,-45.2464
1177562656.25,-45.2689
1177562812.5,-45.26279
1177562968.75,-45.25596
1177563125.0,-45.26174
1177563281.25,-45.24088
1177563437.5,-45.27103
1177563593.75,-45.29663
1177563750.0,-45.27796
1177563906.25,-45.27773
1177564062.5,-45.25027
1177564218.75,-45.26582
1177564375.0,-45.2682
1177564531.25,-45.26387
1177564687.5,-45.28751
1177564843.75,-45.23978
1177565000.0,-45.26004
1177565156.25,-45.26957
1177565312.5,-45.26315
1177565468.75,-45.27048
1177565625.0,-45.25619
1177565781.25,-45.27298
1177565937.5,-45.26794
1177566093.75,-45.27376
1177566250.0,-45.24121
1177566406.25,-45.24607
1177566562.5,-45.27183
1177566718.75,-45.26037
1177566875.0,-45.25368
1177567031.25,-45.23973
1177567187.5,-45.217
1177567343.75,-45.25328
1177567500.0,-45.29344
1177567656.25,-45.24544
1177567812.5,-45.28794
1177567968.75,-45.30549
1177568125.0,-45.29368
1177568281.25,-45.25882
1177568437.5,-45.25986
1177568593.75,-45.21711
1177568750.0,-45.25754
1177568906.25,-45.23571
1177569062.5,-45.25238
1177569218.75,-45.25188
1177569375.0,-45.23037
1177569531.25,-45.25361
1177569687.5,-45.29349
1177569843.75,-45.25522
1177570000.0,-45.25907
1177570156.25,-45.28015
1177570312.5,-45.24376
1177570468.75,-45.24883
1177570625.0,-45.24228
1177570781.25,-45.22178
1177570937.5,-45.22936
1177571093.75,-45.23098
1177571250.0,-45.22165
1177571406.25,-45.2858
1177571562.5,-45.24869
1177571718.75,-45.28394
1177571875.0,-45.26125
1177572031.25,-45.25651
1177572187.5,-45.2479
1177572343.75,-45.25648
1177572500.0,-45.22425
1177572656.25,-45.23017
1177572812.5,-45.25053
1177572968.75,-45.2537
1177573125.0,-45.23405
1177573281.25,-45.21122
1177573437.5,-45.229
1177573593.75,-45.2192
1177573750.0,-45.21201
1177573906.25,-45.23411
1177574062.5,-45.22536
1177574218.75,-45.22806
1177574375.0,-45.21966
1177574531.25,-45.26283
1177574687.5,-45.27959
1177574843.75,-45.25087
1177575000.0,-45.23807
1177575156.25,-45.22689
1177575312.5,-45.24932
1177575468.75,-45.24895
1177575625.0,-45.25813
1177575781.25,-45.23634
1177575937.5,-45.24314
1177576093.75,-45.24289
1177576250.0,-45.22699
1177576406.25,-45.24572
1177576562.5,-45.24023
1177576718.75,-45.23239
1177576875.0,-45.24054
1177577031.25,-45.20924
1177577187.5,-45.25084
1177577343.75,-45.20429
1177577500.0,-45.26864
1177577656.25,-45.24112
1177577812.5,-45.2122
1177577968.75,-45.23723
1177578125.0,-45.21044
1177578281.25,-45.22525
1177578437.5,-45.24576
1177578593.75,-45.22635
1177578750.0,-45.2701
1177578906.25,-45.2332
1177579062.5,-45.21999
1177579218.75,-45.23415
1177579375.0,-45.22144
1177579531.25,-45.22281
1177579687.5,-45.23969
1177579843.75,-45.24341
1177580000.0,-45.19335
1177580156.25,-45.21736
1177580312.5,-45.23671
1177580468.75,-45.2353
1177580625.0,-45.23121
1177580781.25,-45.24926
1177580937.5,-45.2471
1177581093.75,-45.22519
1177581250.0,-45.25906
1177581406.25,-45.2302
1177581562.5,-45.24577
1177581718.75,-45.23225
1177581875.0,-45.22286
1177582031.25,-45.22428
1177582187.5,-45.22532
1177582343.75,-45.24144
1177582500.0,-45.20366
1177582656.25,-45.23339
1177582812.5,-45.23378
1177582968.75,-45.21498
1177583125.0,-45.26122
1177583281.25,-45.18932
1177583437.5,-45.19938
1177583593.75,-45.20509
1177583750.0,-45.24413
1177583906.25,-45.25578
1177584062.5,-45.22183
1177584218.75,-45.24256
1177584375.0,-45.2434
1177584531.25,-45.19743
1177584687.5,-45.22528
1177584843.75,-45.22237
1177585000.0,-45.21284
1177585156.25,-45.19203
1177585312.5,-45.20535
1177585468.75,-45.20034
1177585625.0,-45.22375
1177585781.25,-45.22824
1177585937.5,-45.23914
1177586093.75,-45.18423
1177586250.0,-45.22066
1177586406.25,-45.23495
1177586562.5,-45.24963
1177586718.75,-45.2625
1177586875.0,-45.22699
1177587031.25,-45.2099
1177587187.5,-45.20481
1177587343.75,-45.2005
1177587500.0,-45.19798
1177587656.25,-45.19127
1177587812.5,-45.20984
1177587968.75,-45.21874
1177588125.0,-45.1926
1177588281.25,-45.21434
1177588437.5,-45.17404
1177588593.75,-45.26163
1177588750.0,-45.17899
1177588906.25,-45.23345
1177589062.5,-45.18441
1177589218.75,-45.21889
1177589375.0,-45.20147
1177589531.25,-45.21392
1177589687.5,-45.21061
1177589843.75,-45.21685
1177590000.0,-45.19507
1177590156.25,-45.16396
1177590312.5,-45.18831
1177590468.75,-45.21981
1177590625.0,-45.194
1177590781.25,-45.19017
1177590937.5,-45.19795
1177591093.75,-45.19542
1177591250.0,-45.21281
1177591406.25,-45.21695
1177591562.5,-45.19656
1177591718.75,-45.22082
1177591875.0,-45.22815
1177592031.25,-45.18805
1177592187.5,-45.22191
1177592343.75,-45.18198
1177592500.0,-45.16565
1177592656.25,-45.22393
1177592812.5,-45.20499
1177592968.75,-45.19257
1177593125.0,-45.15656
1177593281.25,-45.18593
1177593437.5,-45.19992
1177593593.75,-45.17626
1177593750.0,-45.21376
1177593906.25,-45.18703
1177594062.5,-45.20282
1177594218.75,-45.20967
1177594375.0,-45.2091
1177594531.25,-45.20819
1177594687.5,-45.20647
1177594843.75,-45.213
1177595000.0,-45.19532
1177595156.25,-45.22369
1177595312.5,-45.19273
1177595468.75,-45.18086
1177595625.0,-45.17779
1177595781.25,-45.18611
1177595937.5,-45.22272
1177596093.75,-45.17944
1177596250.0,-45.20314
1177596406.25,-45.20044
1177596562.5,-45.16747
1177596718.75,-45.19133
1177596875.0,-45.19953
1177597031.25,-45.20124
1177597187.5,-45.16995
1177597343.75,-45.15095
1177597500.0,-45.22173
1177597656.25,-45.22024
1177597812.5,-45.23585
1177597968.75,-45.18595
1177598125.0,-45.18947
1177598281.25,-45.19096
1177598437.5,-45.18172
1177598593.75,-45.23454
1177598750.0,-45.17482
1177598906.25,-45.20637
1177599062.5,-45.17436
1177599218.75,-45.17978
1177599375.0,-45.16446
1177599531.25,-45.17556
1177599687.5,-45.18622
1177599843.75,-45.21922
1177600000.0,-45.16723
1177600156.25,-45.16836
1177600312.5,-45.18591
1177600468.75,-45.17924
1177600625.0,-45.19284
1177600781.25,-45.18217
1177600937.5,-45.18578
1177601093.75,-45.20154
1177601250.0,-45.16999
1177601406.25,-45.17651
1177601562.5,-45.19225
1177601718.75,-45.18138
1177601875.0,-45.20997
1177602031.25,-45.21838
1177602187.5,-45.17516
1177602343.75,-45.18276
1177602500.0,-45.2115
1177602656.25,-45.15925
1177602812.5,-45.19794
1177602968.75,-45.19076
1177603125.0,-45.156
1177603281.25,-45.16542
1177603437.5,-45.19319
1177603593.75,-45.17361
1177603750.0,-45.15165
1177603906.25,-45.20015
1177604062.5,-45.17298
1177604218.75,-45.13858
1177604375.0,-45.18146
1177604531.25,-45.17949
1177604687.5,-45.17787
1177604843.75,-45.21122
1177605000.0,-45.16729
1177605156.25,-45.19706
1177605312.5,-45.16318
1177605468.75,-45.22242
1177605625.0,-45.16914
1177605781.25,-45.18893
1177605937.5,-45.15628
1177606093.75,-45.17965
1177606250.0,-45.18011
1177606406.25,-45.17525
1177606562.5,-45.15402
1177606718.75,-45.15644
1177606875.0,-45.16624
1177607031.25,-45.1628
1177607187.5,-45.17708
1177607343.75,-45.16075
1177607500.0,-45.14992
1177607656.25,-45.15389
1177607812.5,-45.19433
1177607968.75,-45.179
1177608125.0,-45.18754
1177608281.25,-45.18246
1177608437.5,-45.15123
1177608593.75,-45.15011
1177608750.0,-45.14645
1177608906.25,-45.13032
1177609062.5,-45.18438
1177609218.75,-45.16721
1177609375.0,-45.12829
1177609531.25,-45.15511
1177609687.5,-45.15536
1177609843.75,-45.1324
1177610000.0,-45.12759
1177610156.25,-45.14298
1177610312.5,-45.15258
1177610468.75,-45.16238
1177610625.0,-45.18748
1177610781.25,-45.17289
1177610937.5,-45.15001
1177611093.75,-45.14136
1177611250.0,-45.18834
1177611406.25,-45.16433
1177611562.5,-45.14262
1177611718.75,-45.16997
1177611875.0,-45.14524
1177612031.25,-45.14918
1177612187.5,-45.18374
1177612343.75,-45.14736
1177612500.0,-45.16956
1177612656.25,-45.12992
1177612812.5,-45.16225
1177612968.75,-45.11515
1177613125.0,-45.1396
1177613281.25,-45.15794
1177613437.5,-45.16709
1177613593.75,-45.12744
1177613750.0,-45.16418
1177613906.25,-45.12552
1177614062.5,-45.16642
1177614218.75,-45.1429
1177614375.0,-45.16863
1177614531.25,-45.14579
1177614687.5,-45.13256
1177614843.75,-45.12162
1177615000.0,-45.15981
1177615156.25,-45.12717
1177615312.5,-45.16534
1177615468.75,-45.13292
1177615625.0,-45.14317
1177615781.25,-45.12912
1177615937.5,-45.1498
1177616093.75,-45.1207
1177616250.0,-45.16454
1177616406.25,-45.137
1177616562.5,-45.13083
1177616718.75,-45.1527
1177616875.0,-45.16899
1177617031.25,-45.13945
1177617187.5,-45.14033
1177617343.75,-45.16034
1177617500.0,-45.16631
1177617656.25,-45.16485
1177617812.5,-45.13568
1177617968.75,-45.15449
1177618125.0,-45.1531
1177618281.25,-45.13012
1177618437.5,-45.14595
1177618593.75,-45.13737
1177618750.0,-45.13593
1177618906.25,-45.14764
1177619062.5,-45.11097
1177619218.75,-45.14789
1177619375.0,-45.16358
1177619531.25,-45.14834
1177619687.5,-45.13552
1177619843.75,-45.12749
1177620000.0,-45.15292
1177620156.25,-45.12536
1177620312.5,-45.14489
1177620468.75,-45.12478
1177620625.0,-45.13257
1177620781.25,-45.13821
1177620937.5,-45.12664
1177621093.75,-45.11441
1177621250.0,-45.10161
1177621406.25,-45.12547
1177621562.5,-45.09948
1177621718.75,-45.13994
1177621875.0,-45.10791
1177622031.25,-45.10667
1177622187.5,-45.14613
1177622343.75,-45.13829
1177622500.0,-45.14457
1177622656.25,-45.13033
1177622812.5,-45.11431
1177622968.75,-45.14545
1177623125.0,-45.11792
1177623281.25,-45.10744
1177623437.5,-45.12536
1177623593.75,-45.10815
1177623750.0,-45.12656
1177623906.25,-45.1279
1177624062.5,-45.09862
1177624218.75,-45.12634
1177624375.0,-45.1403
1177624531.25,-45.15308
1177624687.5,-45.14854
1177624843.75,-45.10389
1177625000.0,-45.09972
1177625156.25,-45.16906
1177625312.5,-45.14797
1177625468.75,-45.11044
1177625625.0,-45.12891
1177625781.25,-45.12315
1177625937.5,-45.11185
1177626093.75,-45.13956
1177626250.0,-45.09317
1177626406.25,-45.09428
1177626562.5,-45.12152
1177626718.75,-45.12921
1177626875.0,-45.12061
1177627031.25,-45.11175
1177627187.5,-45.12696
1177627343.75,-45.11431
1177627500.0,-45.11087
1177627656.25,-45.10992
1177627812.5,-45.11374
1177627968.75,-45.12445
1177628125.0,-45.13327
1177628281.25,-45.11237
1177628437.5,-45.11493
1177628593.75,-45.10854
1177628750.0,-45.11515
1177628906.25,-45.13006
1177629062.5,-45.11068
1177629218.75,-45.12602
1177629375.0,-45.11763
1177629531.25,-45.14756
1177629687.5,-45.09175
1177629843.75,-45.11973
1177630000.0,-45.1103
1177630156.25,-45.1171
1177630312.5,-45.11974
1177630468.75,-45.12965
1177630625.0,-45.10008
1177630781.25,-45.10295
1177630937.5,-45.12741
1177631093.75,-45.10281
1177631250.0,-45.11526
1177631406.25,-45.09223
1177631562.5,-45.11485
1177631718.75,-45.08061
1177631875.0,-45.14101
1177632031.25,-45.10231
1177632187.5,-45.11295
1177632343.75,-45.13311
1177632500.0,-45.10383
1177632656.25,-45.11405
1177632812.5,-45.10568
1177632968.75,-45.06993
1177633125.0,-45.09161
1177633281.25,-45.11411
1177633437.5,-45.09756
1177633593.75,-45.07787
1177633750.0,-45.08109
1177633906.25,-45.10759
1177634062.5,-45.14329
1177634218.75,-45.09919
1177634375.0,-45.12228
1177634531.25,-45.12096
1177634687.5,-45.10888
1177634843.75,-45.1083
1177635000.0,-45.10684
1177635156.25,-45.07785
1177635312.5,-45.08398
1177635468.75,-45.12249
1177635625.0,-45.07891
1177635781.25,-45.09681
1177635937.5,-45.11256
1177636093.75,-45.09431
1177636250.0,-45.07629
1177636406.25,-45.08891
1177636562.5,-45.12856
1177636718.75,-45.09974
1177636875.0,-45.11179
1177637031.25,-45.0909
1177637187.5,-45.09892
1177637343.75,-45.11462
1177637500.0,-45.11626
1177637656.25,-45.08919
1177637812.5,-45.09846
1177637968.75,-45.07595
1177638125.0,-45.12627
1177638281.25,-45.06081
1177638437.5,-45.08698
1177638593.75,-45.09262
1177638750.0,-45.08398
1177638906.25,-45.10606
1177639062.5,-45.11876
1177639218.75,-45.07908
1177639375.0,-45.08868
1177639531.25,-45.10691
1177639687.5,-45.0815
1177639843.75,-45.07515
1177640000.0,-45.0728
1177640156.25,-45.08283
1177640312.5,-45.06909
1177640468.75,-45.12087
1177640625.0,-45.07382
1177640781.25,-45.08361
1177640937.5,-45.0844
1177641093.75,-45.09996
1177641250.0,-45.07678
1177641406.25,-45.10163
1177641562.5,-45.05737
1177641718.75,-45.08988
1177641875.0,-45.08856
1177642031.25,-45.08196
1177642187.5,-45.06619
1177642343.75,-45.11409
1177642500.0,-45.08677
1177642656.25,-45.09025
1177642812.5,-45.08468
1177642968.75,-45.09145
1177643125.0,-45.06266
1177643281.25,-45.08712
1177643437.5,-45.1044
1177643593.75,-45.08127
1177643750.0,-45.11614
1177643906.25,-45.07491
1177644062.5,-45.07962
1177644218.75,-45.1154
1177644375.0,-45.05246
1177644531.25,-45.06995
1177644687.5,-45.06811
1177644843.75,-45.08928
1177645000.0,-45.09064
1177645156.25,-45.05922
1177645312.5,-45.09139
1177645468.75,-45.0737
1177645625.0,-45.06284
1177645781.25,-45.05787
1177645937.5,-45.07844
1177646093.75,-45.02893
1177646250.0,-45.06004
1177646406.25,-45.0946
1177646562.5,-45.0733
1177646718.75,-45.08316
1177646875.0,-45.06693
1177647031.25,-45.04103
1177647187.5,-45.07701
1177647343.75,-45.03985
1177647500.0,-45.08944
1177647656.25,-45.04851
1177647812.5,-45.0798
1177647968.75,-45.10603
1177648125.0,-45.07814
1177648281.25,-45.08381
1177648437.5,-45.0865
1177648593.75,-45.0649
1177648750.0,-45.08654
1177648906.25,-45.07573
1177649062.5,-45.07194
1177649218.75,-45.0833
1177649375.0,-45.07154
1177649531.25,-45.06212
1177649687.5,-45.07939
1177649843.75,-45.06051
1177650000.0,-45.07531
1177650156.25,-45.07152
1177650312.5,-45.06805
1177650468.75,-45.06879
1177650625.0,-45.06749
1177650781.25,-45.07236
1177650937.5,-45.05219
1177651093.75,-45.05675
1177651250.0,-45.07526
1177651406.25,-45.05302
1177651562.5,-45.07836
1177651718.75,-45.065
1177651875.0,-45.08534
1177652031.25,-45.08626
1177652187.5,-45.06268
1177652343.75,-45.05195
1177652500.0,-45.09539
1177652656.25,-45.06832
1177652812.5,-45.035
1177652968.75,-45.04148
1177653125.0,-45.08892
1177653281.25,-45.05334
1177653437.5,-45.04314
1177653593.75,-45.07223
1177653750.0,-45.03859
1177653906.25,-45.07844
1177654062.5,-45.06121
1177654218.75,-45.06888
1177654375.0,-45.07711
1177654531.25,-45.04728
1177654687.5,-45.07279
1177654843.75,-45.08303
1177655000.0,-45.07196
1177655156.25,-45.05967
1177655312.5,-45.05264
1177655468.75,-45.04968
1177655625.0,-45.05126
1177655781.25,-45.04839
1177655937.5,-45.03759
1177656093.75,-45.02627
1177656250.0,-45.08064
1177656406.25,-45.05143
1177656562.5,-45.05121
1177656718.75,-45.06088
1177656875.0,-45.05642
1177657031.25,-45.0405
1177657187.5,-45.01891
1177657343.75,-45.04879
1177657500.0,-45.04178
1177657656.25,-45.02311
1177657812.5,-45.04656
1177657968.75,-45.03067
1177658125.0,-45.03928
1177658281.25,-45.05002
1177658437.5,-45.03535
1177658593.75,-45.02375
1177658750.0,-45.0525
1177658906.25,-45.05217
1177659062.5,-45.08237
1177659218.75,-44.99195
1177659375.0,-45.0567
1177659531.25,-45.07355
1177659687.5,-45.01973
1177659843.75,-45.05671
1177660000.0,-45.04865
1177660156.25,-45.0318
1177660312.5,-45.02235
1177660468.75,-45.08149
1177660625.0,-45.04902
1177660781.25,-45.04263
1177660937.5,-45.02874
1177661093.75,-45.03418
1177661250.0,-45.0452
1177661406.25,-45.04458
1177661562.5,-45.03626
1177661718.75,-45.05041
1177661875.0,-45.0193
1177662031.25,-45.04092
1177662187.5,-45.07504
1177662343.75,-45.05806
1177662500.0,-45.02288
1177662656.25,-45.03214
1177662812.5,-44.99771
1177662968.75,-45.05359
1177663125.0,-45.04934
1177663281.25,-45.02129
1177663437.5,-45.04398
1177663593.75,-45.04036
1177663750.0,-45.03846
1177663906.25,-45.00312
1177664062.5,-45.01974
1177664218.75,-45.0443
1177664375.0,-45.06316
1177664531.25,-45.01823
1177664687.5,-45.03397
1177664843.75,-45.00688
1177665000.0,-45.03274
1177665156.25,-45.01847
1177665312.5,-45.08396
1177665468.75,-45.01328
1177665625.0,-45.02117
1177665781.25,-45.03001
1177665937.5,-45.03183
1177666093.75,-45.02318
1177666250.0,-45.02622
1177666406.25,-45.04547
1177666562.5,-45.01817
1177666718.75,-45.01122
1177666875.0,-45.04813
1177667031.25,-45.02168
1177667187.5,-45.02921
1177667343.75,-45.04634
1177667500.0,-45.03273
1177667656.25,-45.03308
1177667812.5,-45.01758
1177667968.75,-45.01145
1177668125.0,-45.01548
1177668281.25,-44.99506
1177668437.5,-45.02742
1177668593.75,-45.01932
1177668750.0,-45.03168
1177668906.25,-45.03193
1177669062.5,-45.01641
1177669218.75,-45.03625
1177669375.0,-45.05017
1177669531.25,-45.03357
1177669687.5,-45.00301
1177669843.75,-45.04699
1177670000.0,-45.04214
1177670156.25,-45.00529
1177670312.5,-45.02371
1177670468.75,-45.02936
1177670625.0,-45.00672
1177670781.25,-45.02567
1177670937.5,-44.9985
1177671093.75,-45.014
1177671250.0,-45.01979
1177671406.25,-45.00986
1177671562.5,-45.02016
1177671718.75,-45.02441
1177671875.0,-45.03581
1177672031.25,-45.01628
1177672187.5,-45.00924
1177672343.75,-45.01246
1177672500.0,-45.04131
1177672656.25,-45.01097
1177672812.5,-45.00811
1177672968.75,-45.00278
1177673125.0,-44.99357
1177673281.25,-45.0053
1177673437.5,-44.99274
1177673593.75,-45.03767
1177673750.0,-45.03019
1177673906.25,-44.97677
1177674062.5,-45.00379
1177674218.75,-45.01601
1177674375.0,-45.02837
1177674531.25,-44.9952
1177674687.5,-45.03165
1177674843.75,-44.9996
1177675000.0,-45.00065
1177675156.25,-44.99891
1177675312.5,-45.02375
1177675468.75,-44.99106
1177675625.0,-45.02533
1177675781.25,-45.00048
1177675937.5,-44.98311
1177676093.75,-45.0284
1177676250.0,-44.97697
1177676406.25,-45.02408
1177676562.5,-45.01252
1177676718.75,-45.00733
1177676875.0,-45.00212
1177677031.25,-44.95617
1177677187.5,-45.03096
1177677343.75,-44.98939
1177677500.0,-45.03132
1177677656.25,-44.99202
1177677812.5,-45.00797
1177677968.75,-44.99738
1177678125.0,-44.98291
1177678281.25,-45.02193
1177678437.5,-44.99897
1177678593.75,-44.99347
1177678750.0,-44.98927
1177678906.25,-45.00008
1177679062.5,-44.98763
1177679218.75,-44.98873
1177679375.0,-44.99231
1177679531.25,-44.99763
1177679687.5,-44.9799
1177679843.75,-45.00159
1177680000.0,-45.00158
1177680156.25,-45.02432
1177680312.5,-44.96997
1177680468.75,-44.9837
1177680625.0,-44.98813
1177680781.25,-45.00214
1177680937.5,-45.00042
1177681093.75,-44.98377
1177681250.0,-44.98739
1177681406.25,-44.98065
1177681562.5,-45.02975
1177681718.75,-44.99331
1177681875.0,-44.98956
1177682031.25,-44.97868
1177682187.5,-44.98756
1177682343.75,-45.01166
1177682500.0,-44.969
1177682656.25,-44.98365
1177682812.5,-44.99176
1177682968.75,-45.00453
1177683125.0,-44.99104
1177683281.25,-44.97095
1177683437.5,-45.00654
1177683593.75,-44.94834
1177683750.0,-45.0024
1177683906.25,-44.98812
1177684062.5,-45.00664
1177684218.75,-44.97926
1177684375.0,-44.96994
1177684531.25,-44.95871
1177684687.5,-44.96177
1177684843.75,-44.96762
1177685000.0,-44.96245
1177685156.25,-44.98896
1177685312.5,-44.9892
1177685468.75,-44.97523
1177685625.0,-44.96058
1177685781.25,-44.999
1177685937.5,-44.99849
1177686093.75,-45.01115
1177686250.0,-44.96574
1177686406.25,-44.99042
1177686562.5,-44.98295
1177686718.75,-44.97115
1177686875.0,-44.97778
1177687031.25,-44.97112
1177687187.5,-44.97605
1177687343.75,-44.96954
1177687500.0,-44.99094
1177687656.25,-44.9449
1177687812.5,-44.98651
1177687968.75,-44.95493
1177688125.0,-44.93834
1177688281.25,-45.00255
1177688437.5,-44.98787
1177688593.75,-44.98317
1177688750.0,-44.96451
1177688906.25,-44.98462
1177689062.5,-44.95916
1177689218.75,-44.96148
1177689375.0,-44.94503
1177689531.25,-44.96304
1177689687.5,-44.9735
1177689843.75,-44.97242
1177690000.0,-44.99107
1177690156.25,-44.93052
1177690312.5,-44.95433
1177690468.75,-44.9736
1177690625.0,-45.00102
1177690781.25,-45.00553
1177690937.5,-44.97596
1177691093.75,-44.96706
1177691250.0,-44.96348
1177691406.25,-44.94338
1177691562.5,-44.97256
1177691718.75,-44.9563
1177691875.0,-44.95388
1177692031.25,-44.98315
1177692187.5,-44.98521
1177692343.75,-44.96261
1177692500.0,-44.96118
1177692656.25,-44.97893
1177692812.5,-44.98714
1177692968.75,-44.95382
1177693125.0,-44.95998
1177693281.25,-44.94878
1177693437.5,-44.96775
1177693593.75,-44.99776
1177693750.0,-44.92488
1177693906.25,-44.94487
1177694062.5,-44.97623
1177694218.75,-44.9556
1177694375.0,-44.95275
1177694531.25,-44.94548
1177694687.5,-44.96022
1177694843.75,-44.93785
1177695000.0,-44.97268
1177695156.25,-44.9724
1177695312.5,-44.9694
1177695468.75,-44.99449
1177695625.0,-44.94987
1177695781.25,-44.97966
1177695937.5,-44.9485
1177696093.75,-44.98803
1177696250.0,-44.95384
1177696406.25,-44.9556
1177696562.5,-44.9522
1177696718.75,-44.95746
1177696875.0,-44.98615
1177697031.25,-44.93319
1177697187.5,-44.9535
1177697343.75,-44.93086
1177697500.0,-44.93923
1177697656.25,-44.9483
1177697812.5,-44.97581
1177697968.75,-44.96368
1177698125.0,-44.98347
1177698281.25,-44.96693
1177698437.5,-44.9604
1177698593.75,-44.92424
1177698750.0,-44.97067
1177698906.25,-44.97963
1177699062.5,-44.95315
1177699218.75,-44.94189
1177699375.0,-44.93169
1177699531.25,-44.98679
1177699687.5,-44.93531
1177699843.75,-44.95595
1177700000.0,-44.96821
1177700156.25,-44.94311
1177700312.5,-44.96221
1177700468.75,-44.94721
1177700625.0,-44.93664
1177700781.25,-44.94798
1177700937.5,-44.95171
1177701093.75,-44.94445
1177701250.0,-44.91399
1177701406.25,-44.94592
1177701562.5,-44.94235
1177701718.75,-44.97166
1177701875.0,-44.96812
1177702031.25,-44.95887
1177702187.5,-44.95996
1177702343.75,-44.97601
1177702500.0,-44.98169
1177702656.25,-44.93525
1177702812.5,-44.89368
1177702968.75,-44.93291
1177703125.0,-44.92403
1177703281.25,-44.94174
1177703437.5,-44.95057
1177703593.75,-44.91978
1177703750.0,-44.91954
1177703906.25,-44.94348
1177704062.5,-44.94846
1177704218.75,-44.98034
1177704375.0,-44.91076
1177704531.25,-44.95274
1177704687.5,-44.92664
1177704843.75,-44.93265
1177705000.0,-44.94406
1177705156.25,-44.92921
1177705312.5,-44.92458
1177705468.75,-44.94837
1177705625.0,-44.92949
1177705781.25,-44.91983
1177705937.5,-44.92802
1177706093.75,-44.93211
1177706250.0,-44.90577
1177706406.25,-44.9064
1177706562.5,-44.93696
1177706718.75,-44.92755
1177706875.0,-44.93273
1177707031.25,-44.93329
1177707187.5,-44.91441
1177707343.75,-44.91619
1177707500.0,-44.94004
1177707656.25,-44.91103
1177707812.5,-44.93866
1177707968.75,-44.91775
1177708125.0,-44.92578
1177708281.25,-44.9184
1177708437.5,-44.91713
1177708593.75,-44.93439
1177708750.0,-44.91345
1177708906.25,-44.94108
1177709062.5,-44.90894
1177709218.75,-44.91922
1177709375.0,-44.90988
1177709531.25,-44.92595
1177709687.5,-44.93181
1177709843.75,-44.94263
1177710000.0,-44.92614
1177710156.25,-44.91416
1177710312.5,-44.89523
1177710468.75,-44.93327
1177710625.0,-44.93588
1177710781.25,-44.9488
1177710937.5,-44.9197
1177711093.75,-44.9389
1177711250.0,-44.901
1177711406.25,-44.92947
1177711562.5,-44.94499
1177711718.75,-44.92831
1177711875.0,-44.88416
1177712031.25,-44.93197
1177712187.5,-44.92599
1177712343.75,-44.90735
1177712500.0,-44.92937
1177712656.25,-44.92809
1177712812.5,-44.92856
1177712968.75,-44.92451
1177713125.0,-44.92865
1177713281.25,-44.89841
1177713437.5,-44.92958
1177713593.75,-44.93643
1177713750.0,-44.89135
1177713906.25,-44.96113
1177714062.5,-44.90573
1177714218.75,-44.94773
1177714375.0,-44.90907
1177714531.25,-44.9521
1177714687.5,-44.93322
1177714843.75,-44.89116
1177715000.0,-44.90591
1177715156.25,-44.92186
1177715312.5,-44.9101
1177715468.75,-44.91275
1177715625.0,-44.91129
1177715781.25,-44.92584
1177715937.5,-44.9159
1177716093.75,-44.90467
1177716250.0,-44.91769
1177716406.25,-44.9183
1177716562.5,-44.90022
1177716718.75,-44.86803
1177716875.0,-44.90188
1177717031.25,-44.91088
1177717187.5,-44.89441
1177717343.75,-44.90711
1177717500.0,-44.8911
1177717656.25,-44.90704
1177717812.5,-44.91881
1177717968.75,-44.87938
1177718125.0,-44.89767
1177718281.25,-44.91151
1177718437.5,-44.89158
1177718593.75,-44.88376
1177718750.0,-44.87115
1177718906.25,-44.91529
1177719062.5,-44.87003
1177719218.75,-44.91301
1177719375.0,-44.90199
1177719531.25,-44.89324
1177719687.5,-44.93512
1177719843.75,-44.91939
1177720000.0,-44.92897
1177720156.25,-44.88358
1177720312.5,-44.93386
1177720468.75,-44.88771
1177720625.0,-44.90031
1177720781.25,-44.86414
1177720937.5,-44.88827
1177721093.75,-44.89724
1177721250.0,-44.89743
1177721406.25,-44.90322
1177721562.5,-44.88834
1177721718.75,-44.9087
1177721875.0,-44.87887
1177722031.25,-44.92215
1177722187.5,-44.91545
1177722343.75,-44.90759
1177722500.0,-44.89645
1177722656.25,-44.90924
1177722812.5,-44.91986
1177722968.75,-44.88316
1177723125.0,-44.89673
1177723281.25,-44.92686
1177723437.5,-44.87622
1177723593.75,-44.88173
1177723750.0,-44.90588
1177723906.25,-44.91136
1177724062.5,-44.91513
1177724218.75,-44.92057
1177724375.0,-44.88271
1177724531.25,-44.89207
1177724687.5,-44.88118
1177724843.75,-44.8919
1177725000.0,-44.90771
1177725156.25,-44.90454
1177725312.5,-44.86072
1177725468.75,-44.87044
1177725625.0,-44.89169
1177725781.25,-44.89881
1177725937.5,-44.91399
1177726093.75,-44.90051
1177726250.0,-44.87859
1177726406.25,-44.91222
1177726562.5,-44.85413
1177726718.75,-44.89192
1177726875.0,-44.90025
1177727031.25,-44.88353
1177727187.5,-44.88597
1177727343.75,-44.87104
1177727500.0,-44.88085
1177727656.25,-44.91259
1177727812.5,-44.88214
1177727968.75,-44.87729
1177728125.0,-44.87901
1177728281.25,-44.85744
1177728437.5,-44.86781
1177728593.75,-44.85469
1177728750.0,-44.87048
1177728906.25,-44.8996
1177729062.5,-44.86445
1177729218.75,-44.87801
1177729375.0,-44.90028
1177729531.25,-44.87857
1177729687.5,-44.90539
1177729843.75,-44.84064
1177730000.0,-44.91796
1177730156.25,-44.89892
1177730312.5,-44.88428
1177730468.75,-44.85841
1177730625.0,-44.90248
1177730781.25,-44.85503
1177730937.5,-44.8804
1177731093.75,-44.87375
1177731250.0,-44.89039
1177731406.25,-44.86912
1177731562.5,-44.86521
1177731718.75,-44.86317
1177731875.0,-44.85849
1177732031.25,-44.87083
1177732187.5,-44.89505
1177732343.75,-44.83568
1177732500.0,-44.88217
1177732656.25,-44.86491
1177732812.5,-44.87685
1177732968.75,-44.89247
1177733125.0,-44.88373
1177733281.25,-44.88276
1177733437.5,-44.85599
1177733593.75,-44.84795
1177733750.0,-44.87064
1177733906.25,-44.83937
1177734062.5,-44.87462
1177734218.75,-44.83518
1177734375.0,-44.88232
1177734531.25,-44.85466
1177734687.5,-44.85332
1177734843.75,-44.87023
1177735000.0,-44.85257
1177735156.25,-44.88653
1177735312.5,-44.88509
1177735468.75,-44.8663
1177735625.0,-44.84878
1177735781.25,-44.84922
1177735937.5,-44.85524
1177736093.75,-44.88679
1177736250.0,-44.84974
1177736406.25,-44.8623
1177736562.5,-44.82911
1177736718.75,-44.87157
1177736875.0,-44.88073
1177737031.25,-44.85324
1177737187.5,-44.87405
1177737343.75,-44.87284
1177737500.0,-44.83666
1177737656.25,-44.87675
1177737812.5,-44.84867
1177737968.75,-44.83961
1177738125.0,-44.86283
1177738281.25,-44.85433
1177738437.5,-44.88282
1177738593.75,-44.86627
1177738750.0,-44.87925
1177738906.25,-44.87249
1177739062.5,-44.8619
1177739218.75,-44.84869
1177739375.0,-44.85883
1177739531.25,-44.86173
1177739687.5,-44.85933
1177739843.75,-44.83624
1177740000.0,-44.83623
1177740156.25,-44.85846
1177740312.5,-44.84462
1177740468.75,-44.86019
1177740625.0,-44.84271
1177740781.25,-44.85627
1177740937.5,-44.83513
1177741093.75,-44.82307
1177741250.0,-44.8415
1177741406.25,-44.85443
1177741562.5,-44.88453
1177741718.75,-44.83582
1177741875.0,-44.83268
1177742031.25,-44.82441
1177742187.5,-44.85403
1177742343.75,-44.82785
1177742500.0,-44.84511
1177742656.25,-44.82361
1177742812.5,-44.81765
1177742968.75,-44.84459
1177743125.0,-44.87469
1177743281.25,-44.83382
1177743437.5,-44.87907
1177743593.75,-44.83196
1177743750.0,-44.83438
1177743906.25,-44.80578
1177744062.5,-44.85878
1177744218.75,-44.85888
1177744375.0,-44.83816
1177744531.25,-44.84459
1177744687.5,-44.83161
1177744843.75,-44.83186
1177745000.0,-44.85603
1177745156.25,-44.86843
1177745312.5,-44.83193
1177745468.75,-44.85295
1177745625.0,-44.83729
1177745781.25,-44.82309
1177745937.5,-44.86505
1177746093.75,-44.83846
1177746250.0,-44.81314
1177746406.25,-44.83394
1177746562.5,-44.81723
1177746718.75,-44.84836
1177746875.0,-44.82909
1177747031.25,-44.83181
1177747187.5,-44.82513
1177747343.75,-44.83052
1177747500.0,-44.84668
1177747656.25,-44.82907
1177747812.5,-44.81286
1177747968.75,-44.83944
1177748125.0,-44.86614
1177748281.25,-44.83455
1177748437.5,-44.81548
1177748593.75,-44.82608
1177748750.0,-44.8578
1177748906.25,-44.8627
1177749062.5,-44.85725
1177749218.75,-44.84553
1177749375.0,-44.80676
1177749531.25,-44.82541
1177749687.5,-44.80912
1177749843.75,-44.84386
1177750000.0,-44.82067
1177750156.25,-44.8097
1177750312.5,-44.86203
1177750468.75,-44.83067
1177750625.0,-44.83683
1177750781.25,-44.82695
1177750937.5,-44.84608
1177751093.75,-44.83181
1177751250.0,-44.82191
1177751406.25,-44.79654
1177751562.5,-44.84284
1177751718.75,-44.84482
1177751875.0,-44.81058
1177752031.25,-44.81841
1177752187.5,-44.8424
1177752343.75,-44.8049
1177752500.0,-44.81067
1177752656.25,-44.83276
1177752812.5,-44.82515
1177752968.75,-44.83094
1177753125.0,-44.80391
1177753281.25,-44.8362
1177753437.5,-44.83333
1177753593.75,-44.80681
1177753750.0,-44.81958
1177753906.25,-44.82998
1177754062.5,-44.82411
1177754218.75,-44.82601
1177754375.0,-44.8189
1177754531.25,-44.8084
1177754687.5,-44.79369
1177754843.75,-44.83514
1177755000.0,-44.79196
1177755156.25,-44.8354
1177755312.5,-44.79397
1177755468.75,-44.83069
1177755625.0,-44.80609
1177755781.25,-44.83728
1177755937.5,-44.83458
1177756093.75,-44.82892
1177756250.0,-44.82416
1177756406.25,-44.7918
1177756562.5,-44.8288
1177756718.75,-44.84409
1177756875.0,-44.84235
1177757031.25,-44.83465
1177757187.5,-44.80094
1177757343.75,-44.78884
1177757500.0,-44.81953
1177757656.25,-44.79791
1177757812.5,-44.78057
1177757968.75,-44.80144
1177758125.0,-44.80518
1177758281.25,-44.79099
1177758437.5,-44.79497
1177758593.75,-44.7966
1177758750.0,-44.82253
1177758906.25,-44.7986
1177759062.5,-44.82555
1177759218.75,-44.79337
1177759375.0,-44.8074
1177759531.25,-44.77995
1177759687.5,-44.76313
1177759843.75,-44.83316
1177760000.0,-44.81398
1177760156.25,-44.80058
1177760312.5,-44.8166
1177760468.75,-44.82776
1177760625.0,-44.81166
1177760781.25,-44.82722
1177760937.5,-44.76624
1177761093.75,-44.79747
1177761250.0,-44.81413
1177761406.25,-44.8051
1177761562.5,-44.78488
1177761718.75,-44.77221
1177761875.0,-44.78915
1177762031.25,-44.77162
1177762187.5,-44.79721
1177762343.75,-44.81156
1177762500.0,-44.77027
1177762656.25,-44.79639
1177762812.5,-44.78683
1177762968.75,-44.79385
1177763125.0,-44.78567
1177763281.25,-44.80932
1177763437.5,-44.78682
1177763593.75,-44.81036
1177763750.0,-44.77876
1177763906.25,-44.78358
1177764062.5,-44.79621
1177764218.75,-44.8127
1177764375.0,-44.79986
1177764531.25,-44.80564
1177764687.5,-44.79452
1177764843.75,-44.80103
1177765000.0,-44.80265
1177765156.25,-44.78049
1177765312.5,-44.80433
1177765468.75,-44.79726
1177765625.0,-44.79417
1177765781.25,-44.791
1177765937.5,-44.76373
1177766093.75,-44.79988
1177766250.0,-44.76401
1177766406.25,-44.79697
1177766562.5,-44.78281
1177766718.75,-44.78106
1177766875.0,-44.76883
1177767031.25,-44.78844
1177767187.5,-44.78219
1177767343.75,-44.78893
1177767500.0,-44.78263
1177767656.25,-44.76315
1177767812.5,-44.78936
1177767968.75,-44.78906
1177768125.0,-44.80487
1177768281.25,-44.76624
1177768437.5,-44.75922
1177768593.75,-44.77375
1177768750.0,-44.76397
1177768906.25,-44.77572
1177769062.5,-44.81101
1177769218.75,-44.78592
1177769375.0,-44.78508
1177769531.25,-44.77224
1177769687.5,-44.79375
1177769843.75,-44.78175
1177770000.0,-44.77773
1177770156.25,-44.75511
1177770312.5,-44.79985
1177770468.75,-44.78636
1177770625.0,-44.76448
1177770781.25,-44.75359
1177770937.5,-44.76714
1177771093.75,-44.73509
1177771250.0,-44.78943
1177771406.25,-44.77473
1177771562.5,-44.76699
1177771718.75,-44.77853
1177771875.0,-44.77403
1177772031.25,-44.79485
1177772187.5,-44.77367
1177772343.75,-44.79274
1177772500.0,-44.80844
1177772656.25,-44.75673
1177772812.5,-44.76129
1177772968.75,-44.79153
1177773125.0,-44.7798
1177773281.25,-44.77398
1177773437.5,-44.76962
1177773593.75,-44.74173
1177773750.0,-44.78028
1177773906.25,-44.80448
1177774062.5,-44.79712
1177774218.75,-44.76015
1177774375.0,-44.77678
1177774531.25,-44.78926
1177774687.5,-44.71078
1177774843.75,-44.76359
1177775000.0,-44.74302
1177775156.25,-44.74916
1177775312.5,-44.75133
1177775468.75,-44.77586
1177775625.0,-44.77021
1177775781.25,-44.76813
1177775937.5,-44.75336
1177776093.75,-44.79202
1177776250.0,-44.7556
1177776406.25,-44.75085
1177776562.5,-44.79719
1177776718.75,-44.76955
1177776875.0,-44.76092
1177777031.25,-44.7715
1177777187.5,-44.78288
1177777343.75,-44.76306
1177777500.0,-44.77858
1177777656.25,-44.74368
1177777812.5,-44.76468
1177777968.75,-44.76514
1177778125.0,-44.76451
1177778281.25,-44.76519
1177778437.5,-44.72954
1177778593.75,-44.71621
1177778750.0,-44.76732
1177778906.25,-44.74211
1177779062.5,-44.76761
1177779218.75,-44.76587
1177779375.0,-44.76474
1177779531.25,-44.78469
1177779687.5,-44.74049
1177779843.75,-44.76389
1177780000.0,-44.74527
1177780156.25,-44.75061
1177780312.5,-44.74522
1177780468.75,-44.75934
1177780625.0,-44.75026
1177780781.25,-44.76868
1177780937.5,-44.79587
1177781093.75,-44.77703
1177781250.0,-44.76294
1177781406.25,-44.73618
1177781562.5,-44.76845
1177781718.75,-44.72915
1177781875.0,-44.75497
1177782031.25,-44.74543
1177782187.5,-44.7305
1177782343.75,-44.75594
1177782500.0,-44.76237
1177782656.25,-44.74561
1177782812.5,-44.76204
1177782968.75,-44.75615
1177783125.0,-44.75526
1177783281.25,-44.77777
1177783437.5,-44.74986
1177783593.75,-44.77643
1177783750.0,-44.74332
1177783906.25,-44.76447
1177784062.5,-44.76178
1177784218.75,-44.72869
1177784375.0,-44.71697
1177784531.25,-44.736
1177784687.5,-44.71922
1177784843.75,-44.74553
1177785000.0,-44.73529
1177785156.25,-44.76297
1177785312.5,-44.74607
1177785468.75,-44.75364
1177785625.0,-44.7311
1177785781.25,-44.74929
1177785937.5,-44.71644
1177786093.75,-44.7688
1177786250.0,-44.74598
1177786406.25,-44.7348
1177786562.5,-44.71836
1177786718.75,-44.76568
1177786875.0,-44.76804
1177787031.25,-44.77102
1177787187.5,-44.7503
1177787343.75,-44.73691
1177787500.0,-44.72675
1177787656.25,-44.7304
1177787812.5,-44.73452
1177787968.75,-44.72087
1177788125.0,-44.7452
1177788281.25,-44.7495
1177788437.5,-44.73817
1177788593.75,-44.73338
1177788750.0,-44.74572
1177788906.25,-44.73324
1177789062.5,-44.74101
1177789218.75,-44.72686
1177789375.0,-44.72169
1177789531.25,-44.71749
1177789687.5,-44.74071
1177789843.75,-44.72484
1177790000.0,-44.74414
1177790156.25,-44.7052
1177790312.5,-44.74443
1177790468.75,-44.72633
1177790625.0,-44.72399
1177790781.25,-44.74421
1177790937.5,-44.73899
1177791093.75,-44.74551
1177791250.0,-44.7276
1177791406.25,-44.74873
1177791562.5,-44.74481
1177791718.75,-44.73647
1177791875.0,-44.73163
1177792031.25,-44.71542
1177792187.5,-44.70671
1177792343.75,-44.71831
1177792500.0,-44.71452
1177792656.25,-44.74424
1177792812.5,-44.71782
1177792968.75,-44.73302
1177793125.0,-44.74775
1177793281.25,-44.70667
1177793437.5,-44.71396
1177793593.75,-44.71521
1177793750.0,-44.73362
1177793906.25,-44.7136
1177794062.5,-44.73838
1177794218.75,-44.74261
1177794375.0,-44.69718
1177794531.25,-44.72299
1177794687.5,-44.72152
1177794843.75,-44.73076
1177795000.0,-44.73236
1177795156.25,-44.73389
1177795312.5,-44.6912
1177795468.75,-44.71371
1177795625.0,-44.71685
1177795781.25,-44.71797
1177795937.5,-44.72989
1177796093.75,-44.68457
1177796250.0,-44.72768
1177796406.25,-44.71458
1177796562.5,-44.72861
1177796718.75,-44.72305
1177796875.0,-44.73023
1177797031.25,-44.72758
1177797187.5,-44.71537
1177797343.75,-44.71624
1177797500.0,-44.72432
1177797656.25,-44.72702
1177797812.5,-44.69729
1177797968.75,-44.68225
1177798125.0,-44.70086
1177798281.25,-44.72589
1177798437.5,-44.73437
1177798593.75,-44.70662
1177798750.0,-44.71849
1177798906.25,-44.72454
1177799062.5,-44.7161
1177799218.75,-44.68867
1177799375.0,-44.7049
1177799531.25,-44.681
1177799687.5,-44.69577
1177799843.75,-44.70575
1177800000.0,-44.67936
1177800156.25,-44.70121
1177800312.5,-44.71053
1177800468.75,-44.69086
1177800625.0,-44.71788
1177800781.25,-44.69166
1177800937.5,-44.71419
1177801093.75,-44.69055
1177801250.0,-44.7084
1177801406.25,-44.70648
1177801562.5,-44.69482
1177801718.75,-44.70292
1177801875.0,-44.72775
1177802031.25,-44.70089
1177802187.5,-44.69978
1177802343.75,-44.68198
1177802500.0,-44.69123
1177802656.25,-44.68158
1177802812.5,-44.69873
1177802968.75,-44.70323
1177803125.0,-44.69464
1177803281.25,-44.67543
1177803437.5,-44.69771
1177803593.75,-44.71091
1177803750.0,-44.68342
1177803906.25,-44.71692
1177804062.5,-44.70039
1177804218.75,-44.71698
1177804375.0,-44.69592
1177804531.25,-44.6924
1177804687.5,-44.70426
1177804843.75,-44.69312
1177805000.0,-44.70416
1177805156.25,-44.69653
1177805312.5,-44.69867
1177805468.75,-44.69807
1177805625.0,-44.71711
1177805781.25,-44.69709
1177805937.5,-44.72589
1177806093.75,-44.69809
1177806250.0,-44.72411
1177806406.25,-44.71986
1177806562.5,-44.66282
1177806718.75,-44.71815
1177806875.0,-44.70598
1177807031.25,-44.68993
1177807187.5,-44.69551
1177807343.75,-44.68515
1177807500.0,-44.66764
1177807656.25,-44.67788
1177807812.5,-44.68789
1177807968.75,-44.72053
1177808125.0,-44.67149
1177808281.25,-44.65904
1177808437.5,-44.67173
1177808593.75,-44.71206
1177808750.0,-44.66607
1177808906.25,-44.69347
1177809062.5,-44.67339
1177809218.75,-44.67647
1177809375.0,-44.677
1177809531.25,-44.65804
1177809687.5,-44.67446
1177809843.75,-44.70697
1177810000.0,-44.64993
1177810156.25,-44.65957
1177810312.5,-44.67495
1177810468.75,-44.69128
1177810625.0,-44.72009
1177810781.25,-44.66194
1177810937.5,-44.67933
1177811093.75,-44.6617
1177811250.0,-44.70696
1177811406.25,-44.68157
1177811562.5,-44.67176
1177811718.75,-44.70413
1177811875.0,-44.66959
1177812031.25,-44.66278
1177812187.5,-44.68103
1177812343.75,-44.7086
1177812500.0,-44.67114
1177812656.25,-44.66895
1177812812.5,-44.65272
1177812968.75,-44.65569
1177813125.0,-44.66977
1177813281.25,-44.66898
1177813437.5,-44.68259
1177813593.75,-44.64734
1177813750.0,-44.66652
1177813906.25,-44.69418
1177814062.5,-44.6895
1177814218.75,-44.67801
1177814375.0,-44.68005
1177814531.25,-44.67496
1177814687.5,-44.67702
1177814843.75,-44.66385
1177815000.0,-44.66122
1177815156.25,-44.66053
1177815312.5,-44.64917
1177815468.75,-44.65908
1177815625.0,-44.68186
1177815781.25,-44.70419
1177815937.5,-44.68692
1177816093.75,-44.67077
1177816250.0,-44.65981
1177816406.25,-44.65315
1177816562.5,-44.66137
1177816718.75,-44.66474
1177816875.0,-44.65629
1177817031.25,-44.6661
1177817187.5,-44.68976
1177817343.75,-44.64055
1177817500.0,-44.68157
1177817656.25,-44.66546
1177817812.5,-44.64483
1177817968.75,-44.68741
1177818125.0,-44.66925
1177818281.25,-44.69145
1177818437.5,-44.66765
1177818593.75,-44.68508
1177818750.0,-44.65895
1177818906.25,-44.64655
1177819062.5,-44.67551
1177819218.75,-44.65555
1177819375.0,-44.64793
1177819531.25,-44.64537
1177819687.5,-44.67853
1177819843.75,-44.66993
1177820000.0,-44.6719
1177820156.25,-44.6678
1177820312.5,-44.6558
1177820468.75,-44.66531
1177820625.0,-44.63935
1177820781.25,-44.65137
1177820937.5,-44.66842
1177821093.75,-44.64566
1177821250.0,-44.68008
1177821406.25,-44.657
1177821562.5,-44.66407
1177821718.75,-44.64404
1177821875.0,-44.66542
1177822031.25,-44.67158
1177822187.5,-44.65258
1177822343.75,-44.64459
1177822500.0,-44.688
1177822656.25,-44.65061
1177822812.5,-44.65945
1177822968.75,-44.61553
1177823125.0,-44.64328
1177823281.25,-44.63311
1177823437.5,-44.68802
1177823593.75,-44.66306
1177823750.0,-44.65566
1177823906.25,-44.65612
1177824062.5,-44.64524
1177824218.75,-44.62649
1177824375.0,-44.60869
1177824531.25,-44.63153
1177824687.5,-44.64863
1177824843.75,-44.6591
1177825000.0,-44.67068
1177825156.25,-44.64721
1177825312.5,-44.65682
1177825468.75,-44.65199
1177825625.0,-44.64865
1177825781.25,-44.64845
1177825937.5,-44.63085
1177826093.75,-44.6574
1177826250.0,-44.63219
1177826406.25,-44.61958
1177826562.5,-44.67363
1177826718.75,-44.62982
1177826875.0,-44.64012
1177827031.25,-44.6332
1177827187.5,-44.65473
1177827343.75,-44.62949
1177827500.0,-44.63134
1177827656.25,-44.60048
1177827812.5,-44.64209
1177827968.75,-44.65342
1177828125.0,-44.63038
1177828281.25,-44.66075
1177828437.5,-44.62309
1177828593.75,-44.65198
1177828750.0,-44.64182
1177828906.25,-44.65205
1177829062.5,-44.62997
1177829218.75,-44.65229
1177829375.0,-44.64498
1177829531.25,-44.62778
1177829687.5,-44.65233
1177829843.75,-44.6368
1177830000.0,-44.61507
1177830156.25,-44.62362
1177830312.5,-44.62539
1177830468.75,-44.59881
1177830625.0,-44.60733
1177830781.25,-44.6263
1177830937.5,-44.61052
1177831093.75,-44.62521
1177831250.0,-44.63333
1177831406.25,-44.62432
1177831562.5,-44.62121
1177831718.75,-44.62512
1177831875.0,-44.58968
1177832031.25,-44.62892
1177832187.5,-44.60086
1177832343.75,-44.63391
1177832500.0,-44.60212
1177832656.25,-44.60846
1177832812.5,-44.65459
1177832968.75,-44.63282
1177833125.0,-44.65498
1177833281.25,-44.61734
1177833437.5,-44.62929
1177833593.75,-44.6199
1177833750.0,-44.63491
1177833906.25,-44.66067
1177834062.5,-44.64342
1177834218.75,-44.63581
1177834375.0,-44.60674
1177834531.25,-44.63876
1177834687.5,-44.66881
1177834843.75,-44.59682
1177835000.0,-44.60211
1177835156.25,-44.63875
1177835312.5,-44.62234
1177835468.75,-44.63449
1177835625.0,-44.5881
1177835781.25,-44.63746
1177835937.5,-44.63748
1177836093.75,-44.63415
1177836250.0,-44.62544
1177836406.25,-44.62214
1177836562.5,-44.61501
1177836718.75,-44.64164
1177836875.0,-44.63217
1177837031.25,-44.60527
1177837187.5,-44.61617
1177837343.75,-44.63863
1177837500.0,-44.59406
1177837656.25,-44.65143
1177837812.5,-44.623
1177837968.75,-44.61401
1177838125.0,-44.60545
1177838281.25,-44.61803
1177838437.5,-44.61665
1177838593.75,-44.6121
1177838750.0,-44.61393
1177838906.25,-44.60407
1177839062.5,-44.60199
1177839218.75,-44.60538
1177839375.0,-44.60219
1177839531.25,-44.61742
1177839687.5,-44.59967
1177839843.75,-44.6137
1177840000.0,-44.61345
1177840156.25,-44.62136
1177840312.5,-44.60968
1177840468.75,-44.60122
1177840625.0,-44.61168
1177840781.25,-44.61038
1177840937.5,-44.58514
1177841093.75,-44.61593
1177841250.0,-44.61134
1177841406.25,-44.5797
1177841562.5,-44.62204
1177841718.75,-44.6055
1177841875.0,-44.59583
1177842031.25,-44.62146
1177842187.5,-44.60837
1177842343.75,-44.60117
1177842500.0,-44.59158
1177842656.25,-44.58432
1177842812.5,-44.61948
1177842968.75,-44.61077
1177843125.0,-44.6192
1177843281.25,-44.60897
1177843437.5,-44.5811
1177843593.75,-44.61317
1177843750.0,-44.59795
1177843906.25,-44.58714
1177844062.5,-44.6138
1177844218.75,-44.59474
1177844375.0,-44.61182
1177844531.25,-44.62331
1177844687.5,-44.5999
1177844843.75,-44.57524
1177845000.0,-44.61785
1177845156.25,-44.59245
1177845312.5,-44.60282
1177845468.75,-44.58316
1177845625.0,-44.5864
1177845781.25,-44.58292
1177845937.5,-44.58868
1177846093.75,-44.57288
1177846250.0,-44.59742
1177846406.25,-44.59075
1177846562.5,-44.6081
1177846718.75,-44.6124
1177846875.0,-44.62079
1177847031.25,-44.57406
1177847187.5,-44.60429
1177847343.75,-44.59535
1177847500.0,-44.57156
1177847656.25,-44.61136
1177847812.5,-44.59342
1177847968.75,-44.57644
1177848125.0,-44.59958
1177848281.25,-44.61036
1177848437.5,-44.58854
1177848593.75,-44.57659
1177848750.0,-44.62562
1177848906.25,-44.58556
1177849062.5,-44.58986
1177849218.75,-44.58468
1177849375.0,-44.57546
1177849531.25,-44.58656
1177849687.5,-44.57005
1177849843.75,-44.56373
1177850000.0,-44.56332
1177850156.25,-44.60477
1177850312.5,-44.57557
1177850468.75,-44.57512
1177850625.0,-44.57278
1177850781.25,-44.5691
1177850937.5,-44.59506
1177851093.75,-44.57857
1177851250.0,-44.5619
1177851406.25,-44.58788
1177851562.5,-44.56407
1177851718.75,-44.56431
1177851875.0,-44.59291
1177852031.25,-44.62254
1177852187.5,-44.57121
1177852343.75,-44.57547
1177852500.0,-44.57842
1177852656.25,-44.57299
1177852812.5,-44.57301
1177852968.75,-44.59065
1177853125.0,-44.58463
1177853281.25,-44.58136
1177853437.5,-44.59212
1177853593.75,-44.56918
1177853750.0,-44.56156
1177853906.25,-44.57277
1177854062.5,-44.56434
1177854218.75,-44.58701
1177854375.0,-44.57051
1177854531.25,-44.56797
1177854687.5,-44.57352
1177854843.75,-44.56568
1177855000.0,-44.60871
1177855156.25,-44.57418
1177855312.5,-44.55451
1177855468.75,-44.56321
1177855625.0,-44.54977
1177855781.25,-44.55692
1177855937.5,-44.55743
1177856093.75,-44.579
1177856250.0,-44.55653
1177856406.25,-44.58302
1177856562.5,-44.56557
1177856718.75,-44.51942
1177856875.0,-44.59583
1177857031.25,-44.53627
1177857187.5,-44.53989
1177857343.75,-44.569
1177857500.0,-44.56064
1177857656.25,-44.57532
1177857812.5,-44.57167
1177857968.75,-44.57081
1177858125.0,-44.56456
1177858281.25,-44.56558
1177858437.5,-44.54523
1177858593.75,-44.55133
1177858750.0,-44.54367
1177858906.25,-44.58157
1177859062.5,-44.56829
1177859218.75,-44.60468
1177859375.0,-44.5755
1177859531.25,-44.54314
1177859687.5,-44.58443
1177859843.75,-44.55426
1177860000.0,-44.57105
1177860156.25,-44.54717
1177860312.5,-44.54785
1177860468.75,-44.55915
1177860625.0,-44.52218
1177860781.25,-44.53082
1177860937.5,-44.57086
1177861093.75,-44.5565
1177861250.0,-44.55206
1177861406.25,-44.54071
1177861562.5,-44.5539
1177861718.75,-44.56545
1177861875.0,-44.55424
1177862031.25,-44.5365
1177862187.5,-44.53775
1177862343.75,-44.53512
1177862500.0,-44.56915
1177862656.25,-44.53939
1177862812.5,-44.57355
1177862968.75,-44.53466
1177863125.0,-44.55685
1177863281.25,-44.55742
1177863437.5,-44.56619
1177863593.75,-44.57119
1177863750.0,-44.53647
1177863906.25,-44.54241
1177864062.5,-44.55372
1177864218.75,-44.55025
1177864375.0,-44.54035
1177864531.25,-44.56182
1177864687.5,-44.55552
1177864843.75,-44.51996
1177865000.0,-44.51044
1177865156.25,-44.54787
1177865312.5,-44.55447
1177865468.75,-44.54151
1177865625.0,-44.54848
1177865781.25,-44.56433
1177865937.5,-44.57137
1177866093.75,-44.56267
1177866250.0,-44.55843
1177866406.25,-44.55036
1177866562.5,-44.55872
1177866718.75,-44.54129
1177866875.0,-44.55629
1177867031.25,-44.5451
1177867187.5,-44.51427
1177867343.75,-44.54156
1177867500.0,-44.53532
1177867656.25,-44.52845
1177867812.5,-44.54227
1177867968.75,-44.53142
1177868125.0,-44.5382
1177868281.25,-44.53797
1177868437.5,-44.53458
1177868593.75,-44.51981
1177868750.0,-44.53961
1177868906.25,-44.53585
1177869062.5,-44.51526
1177869218.75,-44.53365
1177869375.0,-44.55003
1177869531.25,-44.56277
1177869687.5,-44.51274
1177869843.75,-44.52983
1177870000.0,-44.53252
1177870156.25,-44.54311
1177870312.5,-44.53545
1177870468.75,-44.52433
1177870625.0,-44.53902
1177870781.25,-44.51934
1177870937.5,-44.49454
1177871093.75,-44.54242
1177871250.0,-44.52758
1177871406.25,-44.54855
1177871562.5,-44.49617
1177871718.75,-44.53179
1177871875.0,-44.54316
1177872031.25,-44.54536
1177872187.5,-44.52709
1177872343.75,-44.51782
1177872500.0,-44.54575
1177872656.25,-44.51482
1177872812.5,-44.51921
1177872968.75,-44.51951
1177873125.0,-44.50448
1177873281.25,-44.53296
1177873437.5,-44.55556
1177873593.75,-44.51629
1177873750.0,-44.52428
1177873906.25,-44.53508
1177874062.5,-44.52125
1177874218.75,-44.51915
1177874375.0,-44.49231
1177874531.25,-44.51045
1177874687.5,-44.55212
1177874843.75,-44.5225
1177875000.0,-44.52973
1177875156.25,-44.53143
1177875312.5,-44.50895
1177875468.75,-44.53986
1177875625.0,-44.52013
1177875781.25,-44.51072
1177875937.5,-44.50592
1177876093.75,-44.51405
1177876250.0,-44.53856
1177876406.25,-44.50687
1177876562.5,-44.4891
1177876718.75,-44.52015
1177876875.0,-44.50346
1177877031.25,-44.51797
1177877187.5,-44.50697
1177877343.75,-44.51088
1177877500.0,-44.50219
1177877656.25,-44.54388
1177877812.5,-44.49804
1177877968.75,-44.49928
1177878125.0,-44.52321
1177878281.25,-44.48756
1177878437.5,-44.52219
1177878593.75,-44.49609
1177878750.0,-44.50476
1177878906.25,-44.53679
1177879062.5,-44.53815
1177879218.75,-44.53764
1177879375.0,-44.51053
1177879531.25,-44.50914
1177879687.5,-44.49965
1177879843.75,-44.50909
1177880000.0,-44.52373
1177880156.25,-44.50459
1177880312.5,-44.50595
1177880468.75,-44.50563
1177880625.0,-44.473
1177880781.25,-44.50912
1177880937.5,-44.47117
1177881093.75,-44.50866
1177881250.0,-44.50254
1177881406.25,-44.48629
1177881562.5,-44.50916
1177881718.75,-44.48623
1177881875.0,-44.50562
1177882031.25,-44.51358
1177882187.5,-44.52588
1177882343.75,-44.49481
1177882500.0,-44.50977
1177882656.25,-44.52473
1177882812.5,-44.49327
1177882968.75,-44.46695
1177883125.0,-44.48612
1177883281.25,-44.50599
1177883437.5,-44.50451
1177883593.75,-44.48985
1177883750.0,-44.5114
1177883906.25,-44.50528
1177884062.5,-44.48386
1177884218.75,-44.47526
1177884375.0,-44.52029
1177884531.25,-44.48332
1177884687.5,-44.51141
1177884843.75,-44.50159
1177885000.0,-44.49458
1177885156.25,-44.48797
1177885312.5,-44.50877
1177885468.75,-44.52748
1177885625.0,-44.47464
1177885781.25,-44.51498
1177885937.5,-44.49133
1177886093.75,-44.46967
1177886250.0,-44.50774
1177886406.25,-44.5166
1177886562.5,-44.50202
1177886718.75,-44.48197
1177886875.0,-44.49804
1177887031.25,-44.48904
1177887187.5,-44.49617
1177887343.75,-44.50054
1177887500.0,-44.4658
1177887656.25,-44.4976
1177887812.5,-44.49997
1177887968.75,-44.49725
1177888125.0,-44.47059
1177888281.25,-44.46722
1177888437.5,-44.48559
1177888593.75,-44.48639
1177888750.0,-44.5101
1177888906.25,-44.50633
1177889062.5,-44.48053
1177889218.75,-44.51883
1177889375.0,-44.48907
1177889531.25,-44.49745
1177889687.5,-44.50208
1177889843.75,-44.45775
1177890000.0,-44.47872
1177890156.25,-44.49318
1177890312.5,-44.47813
1177890468.75,-44.48196
1177890625.0,-44.46041
1177890781.25,-44.50305
1177890937.5,-44.47277
1177891093.75,-44.4815
1177891250.0,-44.48823
1177891406.25,-44.4906
1177891562.5,-44.48533
1177891718.75,-44.48069
1177891875.0,-44.49716
1177892031.25,-44.48325
1177892187.5,-44.46025
1177892343.75,-44.4762
1177892500.0,-44.45826
1177892656.25,-44.47076
1177892812.5,-44.48529
1177892968.75,-44.45458
1177893125.0,-44.499
1177893281.25,-44.4497
1177893437.5,-44.47814
1177893593.75,-44.47449
1177893750.0,-44.49407
1177893906.25,-44.49232
1177894062.5,-44.47665
1177894218.75,-44.47707
1177894375.0,-44.4986
1177894531.25,-44.46555
1177894687.5,-44.45441
1177894843.75,-44.46711
1177895000.0,-44.45568
1177895156.25,-44.46982
1177895312.5,-44.45694
1177895468.75,-44.46684
1177895625.0,-44.44939
1177895781.25,-44.46136
1177895937.5,-44.47768
1177896093.75,-44.46626
1177896250.0,-44.50999
1177896406.25,-44.47026
1177896562.5,-44.465
1177896718.75,-44.49868
1177896875.0,-44.46949
1177897031.25,-44.4625
1177897187.5,-44.46703
1177897343.75,-44.46511
1177897500.0,-44.45925
1177897656.25,-44.4798
1177897812.5,-44.476
1177897968.75,-44.51023
1177898125.0,-44.48568
1177898281.25,-44.46436
1177898437.5,-44.44584
1177898593.75,-44.50133
1177898750.0,-44.45049
1177898906.25,-44.47176
1177899062.5,-44.44513
1177899218.75,-44.44921
1177899375.0,-44.46348
1177899531.25,-44.44421
1177899687.5,-44.44585
1177899843.75,-44.46309
1177900000.0,-44.44706
1177900156.25,-44.4491
1177900312.5,-44.45905
1177900468.75,-44.44034
1177900625.0,-44.46344
1177900781.25,-44.46302
1177900937.5,-44.47251
1177901093.75,-44.48781
1177901250.0,-44.43637
1177901406.25,-44.45893
1177901562.5,-44.42837
1177901718.75,-44.4568
1177901875.0,-44.45878
1177902031.25,-44.45499
1177902187.5,-44.45006
1177902343.75,-44.44277
1177902500.0,-44.47403
1177902656.25,-44.4713
1177902812.5,-44.4672
1177902968.75,-44.44466
1177903125.0,-44.4324
1177903281.25,-44.4657
1177903437.5,-44.44286
1177903593.75,-44.45654
1177903750.0,-44.49085
1177903906.25,-44.45412
1177904062.5,-44.43317
1177904218.75,-44.42002
1177904375.0,-44.43773
1177904531.25,-44.43899
1177904687.5,-44.4573
1177904843.75,-44.46033
1177905000.0,-44.4403
1177905156.25,-44.44438
1177905312.5,-44.44997
1177905468.75,-44.42972
1177905625.0,-44.48225
1177905781.25,-44.44874
1177905937.5,-44.45768
1177906093.75,-44.42512
1177906250.0,-44.4628
1177906406.25,-44.4432
1177906562.5,-44.45196
1177906718.75,-44.42923
1177906875.0,-44.45055
1177907031.25,-44.43027
1177907187.5,-44.44261
1177907343.75,-44.46078
1177907500.0,-44.45264
1177907656.25,-44.4376
1177907812.5,-44.43144
1177907968.75,-44.47544
1177908125.0,-44.44138
1177908281.25,-44.45165
1177908437.5,-44.43151
1177908593.75,-44.42739
1177908750.0,-44.47232
1177908906.25,-44.44789
1177909062.5,-44.44475
1177909218.75,-44.43938
1177909375.0,-44.44825
1177909531.25,-44.41969
1177909687.5,-44.43102
1177909843.75,-44.43938
1177910000.0,-44.41033
1177910156.25,-44.45335
1177910312.5,-44.41534
1177910468.75,-44.41212
1177910625.0,-44.42872
1177910781.25,-44.43563
1177910937.5,-44.43607
1177911093.75,-44.4358
1177911250.0,-44.42074
1177911406.25,-44.42938
1177911562.5,-44.40576
1177911718.75,-44.44196
1177911875.0,-44.42494
1177912031.25,-44.43484
1177912187.5,-44.44081
1177912343.75,-44.42258
1177912500.0,-44.43726
1177912656.25,-44.43882
1177912812.5,-44.42799
1177912968.75,-44.4313
1177913125.0,-44.42315
1177913281.25,-44.43469
1177913437.5,-44.38963
1177913593.75,-44.42719
1177913750.0,-44.42646
1177913906.25,-44.4497
1177914062.5,-44.41384
1177914218.75,-44.39128
1177914375.0,-44.4403
1177914531.25,-44.41848
1177914687.5,-44.44418
1177914843.75,-44.43118
1177915000.0,-44.43797
1177915156.25,-44.40761
1177915312.5,-44.42333
1177915468.75,-44.40694
1177915625.0,-44.40823
1177915781.25,-44.43612
1177915937.5,-44.39754
1177916093.75,-44.4385
1177916250.0,-44.40776
1177916406.25,-44.42277
1177916562.5,-44.39814
1177916718.75,-44.42928
1177916875.0,-44.42255
1177917031.25,-44.43485
1177917187.5,-44.42258
1177917343.75,-44.41999
1177917500.0,-44.42373
1177917656.25,-44.43982
1177917812.5,-44.39856
1177917968.75,-44.42964
1177918125.0,-44.4002
1177918281.25,-44.39019
1177918437.5,-44.42109
1177918593.75,-44.43103
1177918750.0,-44.39319
1177918906.25,-44.4064
1177919062.5,-44.42984
1177919218.75,-44.37884
1177919375.0,-44.41806
1177919531.25,-44.44037
1177919687.5,-44.38968
1177919843.75,-44.39572
1177920000.0,-44.42552
1177920156.25,-44.39793
1177920312.5,-44.40202
1177920468.75,-44.39863
1177920625.0,-44.38615
1177920781.25,-44.38969
1177920937.5,-44.4071
1177921093.75,-44.39963
1177921250.0,-44.42364
1177921406.25,-44.40476
1177921562.5,-44.4047
1177921718.75,-44.38147
1177921875.0,-44.42363
1177922031.25,-44.39624
1177922187.5,-44.4213
1177922343.75,-44.37836
1177922500.0,-44.41961
1177922656.25,-44.40963
1177922812.5,-44.39992
1177922968.75,-44.4078
1177923125.0,-44.41937
1177923281.25,-44.39565
1177923437.5,-44.39986
1177923593.75,-44.4138
1177923750.0,-44.43053
1177923906.25,-44.37172
1177924062.5,-44.40059
1177924218.75,-44.38429
1177924375.0,-44.38474
1177924531.25,-44.42698
1177924687.5,-44.38633
1177924843.75,-44.40022
1177925000.0,-44.38491
1177925156.25,-44.40454
1177925312.5,-44.36504
1177925468.75,-44.38745
1177925625.0,-44.38431
1177925781.25,-44.39134
1177925937.5,-44.38884
1177926093.75,-44.4206
1177926250.0,-44.4105
1177926406.25,-44.3801
1177926562.5,-44.37748
1177926718.75,-44.39263
1177926875.0,-44.4004
1177927031.25,-44.36843
1177927187.5,-44.3798
1177927343.75,-44.40181
1177927500.0,-44.36786
1177927656.25,-44.39594
1177927812.5,-44.41478
1177927968.75,-44.37946
1177928125.0,-44.38741
1177928281.25,-44.40457
1177928437.5,-44.40137
1177928593.75,-44.39302
1177928750.0,-44.39764
1177928906.25,-44.36066
1177929062.5,-44.40409
1177929218.75,-44.40842
1177929375.0,-44.40363
1177929531.25,-44.41198
1177929687.5,-44.395
1177929843.75,-44.38672
1177930000.0,-44.38103
1177930156.25,-44.38033
1177930312.5,-44.37931
1177930468.75,-44.38668
1177930625.0,-44.34569
1177930781.25,-44.39347
1177930937.5,-44.39019
1177931093.75,-44.36853
1177931250.0,-44.3592
1177931406.25,-44.37361
1177931562.5,-44.40089
1177931718.75,-44.40022
1177931875.0,-44.33342
1177932031.25,-44.36954
1177932187.5,-44.38162
1177932343.75,-44.37142
1177932500.0,-44.39331
1177932656.25,-44.39879
1177932812.5,-44.38885
1177932968.75,-44.39407
1177933125.0,-44.36306
1177933281.25,-44.37626
1177933437.5,-44.36081
1177933593.75,-44.37647
1177933750.0,-44.36447
1177933906.25,-44.40285
1177934062.5,-44.38877
1177934218.75,-44.36417
1177934375.0,-44.35415
1177934531.25,-44.37444
1177934687.5,-44.35789
1177934843.75,-44.35054
1177935000.0,-44.3681
1177935156.25,-44.40128
1177935312.5,-44.35467
1177935468.75,-44.36414
1177935625.0,-44.38458
1177935781.25,-44.37502
1177935937.5,-44.3865
1177936093.75,-44.39381
1177936250.0,-44.37868
1177936406.25,-44.38136
1177936562.5,-44.37796
1177936718.75,-44.35246
1177936875.0,-44.38736
1177937031.25,-44.37466
1177937187.5,-44.36962
1177937343.75,-44.39412
1177937500.0,-44.36338
1177937656.25,-44.37922
1177937812.5,-44.3648
1177937968.75,-44.35161
1177938125.0,-44.33055
1177938281.25,-44.39582
1177938437.5,-44.35059
1177938593.75,-44.36306
1177938750.0,-44.36947
1177938906.25,-44.37021
1177939062.5,-44.34366
1177939218.75,-44.32659
1177939375.0,-44.34936
1177939531.25,-44.32588
1177939687.5,-44.38479
1177939843.75,-44.36622
1177940000.0,-44.31882
1177940156.25,-44.37631
1177940312.5,-44.33556
1177940468.75,-44.34632
1177940625.0,-44.35604
1177940781.25,-44.3637
1177940937.5,-44.34785
1177941093.75,-44.36058
1177941250.0,-44.38039
1177941406.25,-44.33228
1177941562.5,-44.32746
1177941718.75,-44.37371
1177941875.0,-44.3393
1177942031.25,-44.35787
1177942187.5,-44.37067
1177942343.75,-44.34686
1177942500.0,-44.34986
1177942656.25,-44.34401
1177942812.5,-44.37261
1177942968.75,-44.34441
1177943125.0,-44.3492
1177943281.25,-44.34545
1177943437.5,-44.32989
1177943593.75,-44.36465
1177943750.0,-44.35509
1177943906.25,-44.35145
1177944062.5,-44.35571
1177944218.75,-44.33095
1177944375.0,-44.36589
1177944531.25,-44.33771
1177944687.5,-44.36402
1177944843.75,-44.35215
1177945000.0,-44.35101
1177945156.25,-44.3852
1177945312.5,-44.33425
1177945468.75,-44.33919
1177945625.0,-44.34075
1177945781.25,-44.34343
1177945937.5,-44.33112
1177946093.75,-44.34582
1177946250.0,-44.34583
1177946406.25,-44.36061
1177946562.5,-44.34565
1177946718.75,-44.33762
1177946875.0,-44.32162
1177947031.25,-44.35749
1177947187.5,-44.33409
1177947343.75,-44.36367
1177947500.0,-44.33691
1177947656.25,-44.32397
1177947812.5,-44.36283
1177947968.75,-44.35757
1177948125.0,-44.32956
1177948281.25,-44.31672
1177948437.5,-44.33192
1177948593.75,-44.3268
1177948750.0,-44.31089
1177948906.25,-44.31609
1177949062.5,-44.32587
1177949218.75,-44.3222
1177949375.0,-44.33913
1177949531.25,-44.32591
1177949687.5,-44.31568
1177949843.75,-44.2996
1177950000.0,-44.3123
1177950156.25,-44.33997
1177950312.5,-44.32656
1177950468.75,-44.33355
1177950625.0,-44.30908
1177950781.25,-44.34171
1177950937.5,-44.35358
1177951093.75,-44.32777
1177951250.0,-44.35757
1177951406.25,-44.32307
1177951562.5,-44.32319
1177951718.75,-44.33337
1177951875.0,-44.33135
1177952031.25,-44.33301
1177952187.5,-44.33731
1177952343.75,-44.32114
1177952500.0,-44.31654
1177952656.25,-44.3138
1177952812.5,-44.3106
1177952968.75,-44.33163
1177953125.0,-44.32438
1177953281.25,-44.32055
1177953437.5,-44.32342
1177953593.75,-44.31867
1177953750.0,-44.34069
1177953906.25,-44.31747
1177954062.5,-44.31937
1177954218.75,-44.33474
1177954375.0,-44.31415
1177954531.25,-44.33647
1177954687.5,-44.32981
1177954843.75,-44.29408
1177955000.0,-44.31318
1177955156.25,-44.32158
1177955312.5,-44.35872
1177955468.75,-44.32621
1177955625.0,-44.33385
1177955781.25,-44.32444
1177955937.5,-44.30418
1177956093.75,-44.30489
1177956250.0,-44.32091
1177956406.25,-44.30883
1177956562.5,-44.32805
1177956718.75,-44.31216
1177956875.0,-44.32903
1177957031.25,-44.2796
1177957187.5,-44.32769
1177957343.75,-44.31061
1177957500.0,-44.3261
1177957656.25,-44.30684
1177957812.5,-44.32899
1177957968.75,-44.34532
1177958125.0,-44.32702
1177958281.25,-44.29751
1177958437.5,-44.28822
1177958593.75,-44.30225
1177958750.0,-44.32801
1177958906.25,-44.29046
1177959062.5,-44.31173
1177959218.75,-44.29588
1177959375.0,-44.30935
1177959531.25,-44.28939
1177959687.5,-44.29807
1177959843.75,-44.31706
1177960000.0,-44.29234
1177960156.25,-44.28395
1177960312.5,-44.31013
1177960468.75,-44.30404
1177960625.0,-44.30195
1177960781.25,-44.31429
1177960937.5,-44.28377
1177961093.75,-44.32308
1177961250.0,-44.31013
1177961406.25,-44.29145
1177961562.5,-44.30495
1177961718.75,-44.3155
1177961875.0,-44.326
1177962031.25,-44.32846
1177962187.5,-44.29273
1177962343.75,-44.30492
1177962500.0,-44.29704
1177962656.25,-44.32125
1177962812.5,-44.28236
1177962968.75,-44.29914
1177963125.0,-44.30555
1177963281.25,-44.30457
1177963437.5,-44.32408
1177963593.75,-44.29569
1177963750.0,-44.30582
1177963906.25,-44.28155
1177964062.5,-44.2799
1177964218.75,-44.25801
1177964375.0,-44.29141
1177964531.25,-44.30045
1177964687.5,-44.30067
1177964843.75,-44.31556
1177965000.0,-44.30851
1177965156.25,-44.29317
1177965312.5,-44.29383
1177965468.75,-44.29028
1177965625.0,-44.31189
1177965781.25,-44.28746
1177965937.5,-44.30793
1177966093.75,-44.30487
1177966250.0,-44.29638
1177966406.25,-44.30011
1177966562.5,-44.3026
1177966718.75,-44.30833
1177966875.0,-44.26498
1177967031.25,-44.27958
1177967187.5,-44.29448
1177967343.75,-44.27901
1177967500.0,-44.27176
1177967656.25,-44.28353
1177967812.5,-44.27586
1177967968.75,-44.2724
1177968125.0,-44.27765
1177968281.25,-44.27554
1177968437.5,-44.30116
1177968593.75,-44.26657
1177968750.0,-44.27364
1177968906.25,-44.27198
1177969062.5,-44.28344
1177969218.75,-44.24945
1177969375.0,-44.30077
1177969531.25,-44.25891
1177969687.5,-44.27842
1177969843.75,-44.26668
1177970000.0,-44.2751
1177970156.25,-44.2881
1177970312.5,-44.27757
1177970468.75,-44.27185
1177970625.0,-44.29742
1177970781.25,-44.27043
1177970937.5,-44.29322
1177971093.75,-44.27349
1177971250.0,-44.29793
1177971406.25,-44.28894
1177971562.5,-44.28435
1177971718.75,-44.23765
1177971875.0,-44.28408
1177972031.25,-44.2767
1177972187.5,-44.26317
1177972343.75,-44.25492
1177972500.0,-44.28434
1177972656.25,-44.3032
1177972812.5,-44.2945
1177972968.75,-44.26683
1177973125.0,-44.29586
1177973281.25,-44.25927
1177973437.5,-44.27293
1177973593.75,-44.26515
1177973750.0,-44.24584
1177973906.25,-44.26346
1177974062.5,-44.28951
1177974218.75,-44.25636
1177974375.0,-44.24726
1177974531.25,-44.25305
1177974687.5,-44.28147
1177974843.75,-44.28046
1177975000.0,-44.26758
1177975156.25,-44.26936
1177975312.5,-44.2578
1177975468.75,-44.23703
1177975625.0,-44.23972
1177975781.25,-44.28403
1177975937.5,-44.25433
1177976093.75,-44.26849
1177976250.0,-44.27294
1177976406.25,-44.27004
1177976562.5,-44.24211
1177976718.75,-44.26073
1177976875.0,-44.24909
1177977031.25,-44.25175
1177977187.5,-44.24206
1177977343.75,-44.26475
1177977500.0,-44.23573
1177977656.25,-44.26799
1177977812.5,-44.24997
1177977968.75,-44.2452
1177978125.0,-44.26645
1177978281.25,-44.27473
1177978437.5,-44.2722
1177978593.75,-44.245
1177978750.0,-44.24807
1177978906.25,-44.21134
1177979062.5,-44.25875
1177979218.75,-44.28666
1177979375.0,-44.2547
1177979531.25,-44.25051
1177979687.5,-44.27104
1177979843.75,-44.279
1177980000.0,-44.25514
1177980156.25,-44.24009
1177980312.5,-44.28097
1177980468.75,-44.25996
1177980625.0,-44.22873
1177980781.25,-44.26258
1177980937.5,-44.25294
1177981093.75,-44.26067
1177981250.0,-44.23591
1177981406.25,-44.27495
1177981562.5,-44.24617
1177981718.75,-44.25858
1177981875.0,-44.29283
1177982031.25,-44.26918
1177982187.5,-44.25723
1177982343.75,-44.24697
1177982500.0,-44.24076
1177982656.25,-44.27335
1177982812.5,-44.24743
1177982968.75,-44.23977
1177983125.0,-44.27955
1177983281.25,-44.25352
1177983437.5,-44.24082
1177983593.75,-44.24566
1177983750.0,-44.24991
1177983906.25,-44.27068
1177984062.5,-44.24465
1177984218.75,-44.25323
1177984375.0,-44.22974
1177984531.25,-44.23337
1177984687.5,-44.25095
1177984843.75,-44.24497
1177985000.0,-44.25568
1177985156.25,-44.24519
1177985312.5,-44.23221
1177985468.75,-44.25784
1177985625.0,-44.22607
1177985781.25,-44.2547
1177985937.5,-44.23293
1177986093.75,-44.23642
1177986250.0,-44.24313
1177986406.25,-44.24044
1177986562.5,-44.23147
1177986718.75,-44.25221
1177986875.0,-44.24303
1177987031.25,-44.23389
1177987187.5,-44.24117
1177987343.75,-44.25242
1177987500.0,-44.26689
1177987656.25,-44.2349
1177987812.5,-44.24473
1177987968.75,-44.26687
1177988125.0,-44.22805
1177988281.25,-44.24269
1177988437.5,-44.24287
1177988593.75,-44.24543
1177988750.0,-44.24266
1177988906.25,-44.24644
1177989062.5,-44.25066
1177989218.75,-44.22577
1177989375.0,-44.23859
1177989531.25,-44.20064
1177989687.5,-44.21699
1177989843.75,-44.23683
1177990000.0,-44.24577
1177990156.25,-44.23601
1177990312.5,-44.21972
1177990468.75,-44.2201
1177990625.0,-44.23057
1177990781.25,-44.24069
1177990937.5,-44.2227
1177991093.75,-44.22848
1177991250.0,-44.2321
1177991406.25,-44.22816
1177991562.5,-44.22401
1177991718.75,-44.20014
1177991875.0,-44.22873
1177992031.25,-44.21626
1177992187.5,-44.21346
1177992343.75,-44.20877
1177992500.0,-44.2162
1177992656.25,-44.21863
1177992812.5,-44.22298
1177992968.75,-44.21931
1177993125.0,-44.19285
1177993281.25,-44.22099
1177993437.5,-44.22521
1177993593.75,-44.23583
1177993750.0,-44.24718
1177993906.25,-44.22094
1177994062.5,-44.21658
1177994218.75,-44.20068
1177994375.0,-44.20523
1177994531.25,-44.21592
1177994687.5,-44.21091
1177994843.75,-44.18702
1177995000.0,-44.22368
1177995156.25,-44.21972
1177995312.5,-44.21999
1177995468.75,-44.21951
1177995625.0,-44.20884
1177995781.25,-44.22712
1177995937.5,-44.19024
1177996093.75,-44.22458
1177996250.0,-44.23058
1177996406.25,-44.20451
1177996562.5,-44.20695
1177996718.75,-44.19807
1177996875.0,-44.22449
1177997031.25,-44.19952
1177997187.5,-44.22607
1177997343.75,-44.18045
1177997500.0,-44.2023
1177997656.25,-44.20441
1177997812.5,-44.21468
1177997968.75,-44.18418
1177998125.0,-44.20975
1177998281.25,-44.2127
1177998437.5,-44.21156
1177998593.75,-44.21753
1177998750.0,-44.2112
1177998906.25,-44.21928
1177999062.5,-44.193
1177999218.75,-44.20332
1177999375.0,-44.21468
1177999531.25,-44.18545
1177999687.5,-44.20119
1177999843.75,-44.21097
1178000000.0,-44.22675
1178000156.25,-44.20977
1178000312.5,-44.18076
1178000468.75,-44.19006
1178000625.0,-44.20667
1178000781.25,-44.20532
1178000937.5,-44.22083
1178001093.75,-44.19995
1178001250.0,-44.21601
1178001406.25,-44.20436
1178001562.5,-44.19569
1178001718.75,-44.22375
1178001875.0,-44.18798
1178002031.25,-44.20003
1178002187.5,-44.21044
1178002343.75,-44.20164
1178002500.0,-44.19315
1178002656.25,-44.20848
1178002812.5,-44.16763
1178002968.75,-44.20383
1178003125.0,-44.17777
1178003281.25,-44.19529
1178003437.5,-44.2066
1178003593.75,-44.19262
1178003750.0,-44.21795
1178003906.25,-44.18528
1178004062.5,-44.17145
1178004218.75,-44.19638
1178004375.0,-44.20071
1178004531.25,-44.19189
1178004687.5,-44.16469
1178004843.75,-44.20233
1178005000.0,-44.18166
1178005156.25,-44.16124
1178005312.5,-44.16685
1178005468.75,-44.19947
1178005625.0,-44.17847
1178005781.25,-44.18882
1178005937.5,-44.21498
1178006093.75,-44.17733
1178006250.0,-44.20835
1178006406.25,-44.16797
1178006562.5,-44.20412
1178006718.75,-44.21362
1178006875.0,-44.16654
1178007031.25,-44.16948
1178007187.5,-44.19559
1178007343.75,-44.18032
1178007500.0,-44.18967
1178007656.25,-44.17428
1178007812.5,-44.19696
1178007968.75,-44.19807
1178008125.0,-44.16614
1178008281.25,-44.16399
1178008437.5,-44.17573
1178008593.75,-44.17461
1178008750.0,-44.16147
1178008906.25,-44.19979
1178009062.5,-44.17809
1178009218.75,-44.15033
1178009375.0,-44.18337
1178009531.25,-44.17985
1178009687.5,-44.21013
1178009843.75,-44.15588
1178010000.0,-44.15956
1178010156.25,-44.15913
1178010312.5,-44.19626
1178010468.75,-44.16146
1178010625.0,-44.18339
1178010781.25,-44.19077
1178010937.5,-44.19022
1178011093.75,-44.17171
1178011250.0,-44.18583
1178011406.25,-44.17492
1178011562.5,-44.17432
1178011718.75,-44.18975
1178011875.0,-44.18009
1178012031.25,-44.16203
1178012187.5,-44.19289
1178012343.75,-44.16265
1178012500.0,-44.17988
1178012656.25,-44.18055
1178012812.5,-44.15041
1178012968.75,-44.17308
1178013125.0,-44.15517
1178013281.25,-44.1775
1178013437.5,-44.17532
1178013593.75,-44.17953
1178013750.0,-44.13149
1178013906.25,-44.17844
1178014062.5,-44.17549
1178014218.75,-44.16676
1178014375.0,-44.15047
1178014531.25,-44.16206
1178014687.5,-44.15733
1178014843.75,-44.17356
1178015000.0,-44.15253
1178015156.25,-44.18583
1178015312.5,-44.11794
1178015468.75,-44.16174
1178015625.0,-44.14174
1178015781.25,-44.16558
1178015937.5,-44.15439
1178016093.75,-44.17433
1178016250.0,-44.15816
1178016406.25,-44.15435
1178016562.5,-44.14838
1178016718.75,-44.20442
1178016875.0,-44.14868
1178017031.25,-44.16771
1178017187.5,-44.17374
1178017343.75,-44.14878
1178017500.0,-44.17184
1178017656.25,-44.15644
1178017812.5,-44.16235
1178017968.75,-44.12872
1178018125.0,-44.16028
1178018281.25,-44.16772
1178018437.5,-44.15218
1178018593.75,-44.17889
1178018750.0,-44.1385
1178018906.25,-44.15273
1178019062.5,-44.16276
1178019218.75,-44.1569
1178019375.0,-44.15189
1178019531.25,-44.1654
1178019687.5,-44.15316
1178019843.75,-44.15092
1178020000.0,-44.14679
1178020156.25,-44.12038
1178020312.5,-44.15538
1178020468.75,-44.13507
1178020625.0,-44.14374
1178020781.25,-44.15077
1178020937.5,-44.12725
1178021093.75,-44.18398
1178021250.0,-44.16159
1178021406.25,-44.13958
1178021562.5,-44.14995
1178021718.75,-44.15042
1178021875.0,-44.15485
1178022031.25,-44.09178
1178022187.5,-44.12808
1178022343.75,-44.17386
1178022500.0,-44.13212
1178022656.25,-44.1464
1178022812.5,-44.14387
1178022968.75,-44.14479
1178023125.0,-44.13265
1178023281.25,-44.17147
1178023437.5,-44.1399
1178023593.75,-44.13912
1178023750.0,-44.12784
1178023906.25,-44.12695
1178024062.5,-44.1471
1178024218.75,-44.16529
1178024375.0,-44.13846
1178024531.25,-44.13005
1178024687.5,-44.12579
1178024843.75,-44.13498
1178025000.0,-44.1221
1178025156.25,-44.14671
1178025312.5,-44.11651
1178025468.75,-44.12025
1178025625.0,-44.14101
1178025781.25,-44.12005
1178025937.5,-44.13109
1178026093.75,-44.14626
1178026250.0,-44.15617
1178026406.25,-44.12568
1178026562.5,-44.12715
1178026718.75,-44.11012
1178026875.0,-44.12202
1178027031.25,-44.14014
1178027187.5,-44.14166
1178027343.75,-44.14811
1178027500.0,-44.11887
1178027656.25,-44.13618
1178027812.5,-44.13914
1178027968.75,-44.1094
1178028125.0,-44.11113
1178028281.25,-44.12852
1178028437.5,-44.11528
1178028593.75,-44.13186
1178028750.0,-44.09898
1178028906.25,-44.12246
1178029062.5,-44.15282
1178029218.75,-44.13211
1178029375.0,-44.13217
1178029531.25,-44.11479
1178029687.5,-44.12727
1178029843.75,-44.15152
1178030000.0,-44.14036
1178030156.25,-44.12109
1178030312.5,-44.13235
1178030468.75,-44.13598
1178030625.0,-44.12201
1178030781.25,-44.1428
1178030937.5,-44.10646
1178031093.75,-44.1244
1178031250.0,-44.11306
1178031406.25,-44.11329
1178031562.5,-44.13611
1178031718.75,-44.1258
1178031875.0,-44.12821
1178032031.25,-44.12662
1178032187.5,-44.11325
1178032343.75,-44.12427
1178032500.0,-44.1281
1178032656.25,-44.14359
1178032812.5,-44.09805
1178032968.75,-44.12096
1178033125.0,-44.13484
1178033281.25,-44.08889
1178033437.5,-44.13704
1178033593.75,-44.12426
1178033750.0,-44.08913
1178033906.25,-44.08898
1178034062.5,-44.11288
1178034218.75,-44.11439
1178034375.0,-44.11623
1178034531.25,-44.11631
1178034687.5,-44.10437
1178034843.75,-44.12264
1178035000.0,-44.08683
1178035156.25,-44.12504
1178035312.5,-44.09844
1178035468.75,-44.11813
1178035625.0,-44.10027
1178035781.25,-44.10627
1178035937.5,-44.1172
1178036093.75,-44.0821
1178036250.0,-44.10475
1178036406.25,-44.11724
1178036562.5,-44.10294
1178036718.75,-44.09849
1178036875.0,-44.08239
1178037031.25,-44.13126
1178037187.5,-44.11345
1178037343.75,-44.09775
1178037500.0,-44.10457
1178037656.25,-44.13
1178037812.5,-44.09749
1178037968.75,-44.11396
1178038125.0,-44.11658
1178038281.25,-44.10887
1178038437.5,-44.14746
1178038593.75,-44.11999
1178038750.0,-44.08937
1178038906.25,-44.08363
1178039062.5,-44.09744
1178039218.75,-44.10539
1178039375.0,-44.09494
1178039531.25,-44.12736
1178039687.5,-44.12206
1178039843.75,-44.09321
1178040000.0,-44.11057
1178040156.25,-44.09747
1178040312.5,-44.10181
1178040468.75,-44.09118
1178040625.0,-44.07795
1178040781.25,-44.09769
1178040937.5,-44.08929
1178041093.75,-44.10136
1178041250.0,-44.06622
1178041406.25,-44.09913
1178041562.5,-44.09467
1178041718.75,-44.09916
1178041875.0,-44.08011
1178042031.25,-44.10388
1178042187.5,-44.08704
1178042343.75,-44.06411
1178042500.0,-44.07983
1178042656.25,-44.11297
1178042812.5,-44.07857
1178042968.75,-44.08321
1178043125.0,-44.09089
1178043281.25,-44.11982
1178043437.5,-44.08871
1178043593.75,-44.08545
1178043750.0,-44.12059
1178043906.25,-44.1048
1178044062.5,-44.07788
1178044218.75,-44.09513
1178044375.0,-44.08303
1178044531.25,-44.08584
1178044687.5,-44.08596
1178044843.75,-44.06955
1178045000.0,-44.08084
1178045156.25,-44.09547
1178045312.5,-44.11589
1178045468.75,-44.09167
1178045625.0,-44.08286
1178045781.25,-44.09151
1178045937.5,-44.07849
1178046093.75,-44.08636
1178046250.0,-44.09164
1178046406.25,-44.09441
1178046562.5,-44.0794
1178046718.75,-44.09496
1178046875.0,-44.08444
1178047031.25,-44.10371
1178047187.5,-44.11127
1178047343.75,-44.11295
1178047500.0,-44.0722
1178047656.25,-44.07224
1178047812.5,-44.10887
1178047968.75,-44.0836
1178048125.0,-44.09571
1178048281.25,-44.09259
1178048437.5,-44.07556
1178048593.75,-44.07343
1178048750.0,-44.08492
1178048906.25,-44.0787
1178049062.5,-44.06669
1178049218.75,-44.08442
1178049375.0,-44.08682
1178049531.25,-44.06232
1178049687.5,-44.06717
1178049843.75,-44.07244
1178050000.0,-44.08864
1178050156.25,-44.10284
1178050312.5,-44.08128
1178050468.75,-44.0731
1178050625.0,-44.06992
1178050781.25,-44.08025
1178050937.5,-44.08471
1178051093.75,-44.06136
1178051250.0,-44.06004
1178051406.25,-44.07145
1178051562.5,-44.08315
1178051718.75,-44.08466
1178051875.0,-44.09042
1178052031.25,-44.04708
1178052187.5,-44.06069
1178052343.75,-44.07246
1178052500.0,-44.05095
1178052656.25,-44.05571
1178052812.5,-44.02348
1178052968.75,-44.06528
1178053125.0,-44.05524
1178053281.25,-44.07352
1178053437.5,-44.05317
1178053593.75,-44.07332
1178053750.0,-44.04586
1178053906.25,-44.05953
1178054062.5,-44.06968
1178054218.75,-44.0641
1178054375.0,-44.05579
1178054531.25,-44.0765
1178054687.5,-44.05296
1178054843.75,-44.04853
1178055000.0,-44.07912
1178055156.25,-44.04367
1178055312.5,-44.06292
1178055468.75,-44.04832
1178055625.0,-44.05918
1178055781.25,-44.06202
1178055937.5,-44.0723
1178056093.75,-44.06562
1178056250.0,-44.05854
1178056406.25,-44.06784
1178056562.5,-44.05178
1178056718.75,-44.05027
1178056875.0,-44.06676
1178057031.25,-44.05605
1178057187.5,-44.03314
1178057343.75,-44.05609
1178057500.0,-44.07723
1178057656.25,-44.03292
1178057812.5,-44.06382
1178057968.75,-44.05886
1178058125.0,-44.06409
1178058281.25,-44.05401
1178058437.5,-44.0757
1178058593.75,-44.04804
1178058750.0,-44.05146
1178058906.25,-44.04053
1178059062.5,-44.0584
1178059218.75,-44.036
1178059375.0,-44.04089
1178059531.25,-44.0417
1178059687.5,-44.04959
1178059843.75,-44.0524
1178060000.0,-44.03764
1178060156.25,-44.04528
1178060312.5,-44.05868
1178060468.75,-44.03545
1178060625.0,-44.04982
1178060781.25,-44.04409
1178060937.5,-44.05334
1178061093.75,-44.04236
1178061250.0,-44.04364
1178061406.25,-44.0511
1178061562.5,-44.04589
1178061718.75,-44.02913
1178061875.0,-44.01651
1178062031.25,-44.05324
1178062187.5,-44.05521
1178062343.75,-44.02756
1178062500.0,-44.01789
1178062656.25,-44.03642
1178062812.5,-44.01989
1178062968.75,-44.01509
1178063125.0,-44.0121
1178063281.25,-44.07015
1178063437.5,-44.0224
1178063593.75,-44.03525
1178063750.0,-44.02197
1178063906.25,-44.04528
1178064062.5,-44.05102
1178064218.75,-44.04091
1178064375.0,-44.02626
1178064531.25,-44.0354
1178064687.5,-44.03274
1178064843.75,-44.00129
1178065000.0,-44.02101
1178065156.25,-44.017
1178065312.5,-44.05971
1178065468.75,-44.00785
1178065625.0,-44.03199
1178065781.25,-44.0243
1178065937.5,-44.04315
1178066093.75,-44.02246
1178066250.0,-44.04019
1178066406.25,-44.01313
1178066562.5,-44.02719
1178066718.75,-44.05491
1178066875.0,-44.00491
1178067031.25,-44.01249
1178067187.5,-44.02286
1178067343.75,-44.01759
1178067500.0,-44.02437
1178067656.25,-44.05124
1178067812.5,-44.0419
1178067968.75,-44.03522
1178068125.0,-44.03136
1178068281.25,-44.01408
1178068437.5,-43.99186
1178068593.75,-44.02092
1178068750.0,-44.02386
1178068906.25,-44.01665
1178069062.5,-44.03779
1178069218.75,-43.99703
1178069375.0,-44.01738
1178069531.25,-44.01033
1178069687.5,-44.02969
1178069843.75,-44.01835
1178070000.0,-44.02878
1178070156.25,-44.04126
1178070312.5,-44.04443
1178070468.75,-43.99059
1178070625.0,-44.01778
1178070781.25,-43.99112
1178070937.5,-44.00319
1178071093.75,-44.01624
1178071250.0,-44.01293
1178071406.25,-44.03181
1178071562.5,-44.00381
1178071718.75,-44.04094
1178071875.0,-44.01265
1178072031.25,-44.02044
1178072187.5,-43.99149
1178072343.75,-44.02275
1178072500.0,-44.02365
1178072656.25,-44.00925
1178072812.5,-44.01667
1178072968.75,-43.99508
1178073125.0,-44.02415
1178073281.25,-44.01617
1178073437.5,-44.02092
1178073593.75,-44.00522
1178073750.0,-44.03957
1178073906.25,-44.00276
1178074062.5,-44.01077
1178074218.75,-43.99066
1178074375.0,-44.02565
1178074531.25,-44.01107
1178074687.5,-44.03305
1178074843.75,-44.0417
1178075000.0,-44.02245
1178075156.25,-44.01742
1178075312.5,-43.99393
1178075468.75,-44.02125
1178075625.0,-43.99487
1178075781.25,-43.99155
1178075937.5,-44.00043
1178076093.75,-43.99505
1178076250.0,-43.9863
1178076406.25,-43.9809
1178076562.5,-43.98917
1178076718.75,-44.01072
1178076875.0,-43.99849
1178077031.25,-44.00496
1178077187.5,-44.02024
1178077343.75,-44.02875
1178077500.0,-43.99937
1178077656.25,-43.97245
1178077812.5,-43.98966
1178077968.75,-44.00619
1178078125.0,-44.01541
1178078281.25,-43.99275
1178078437.5,-43.97408
1178078593.75,-43.99649
1178078750.0,-43.98817
1178078906.25,-43.99575
1178079062.5,-43.98267
1178079218.75,-43.98096
1178079375.0,-43.97656
1178079531.25,-44.00169
1178079687.5,-43.98229
1178079843.75,-44.03366
1178080000.0,-44.01106
1178080156.25,-43.99423
1178080312.5,-43.97797
1178080468.75,-44.01629
1178080625.0,-43.9927
1178080781.25,-44.00839
1178080937.5,-43.97055
1178081093.75,-43.9959
1178081250.0,-43.99687
1178081406.25,-43.95522
1178081562.5,-43.99888
1178081718.75,-43.97343
1178081875.0,-44.01139
1178082031.25,-43.98256
1178082187.5,-43.94529
1178082343.75,-43.97749
1178082500.0,-43.97031
1178082656.25,-43.98347
1178082812.5,-43.97961
1178082968.75,-43.96651
1178083125.0,-43.98168
1178083281.25,-43.98877
1178083437.5,-43.9785
1178083593.75,-43.95926
1178083750.0,-43.99101
1178083906.25,-43.97712
1178084062.5,-43.99957
1178084218.75,-43.97938
1178084375.0,-43.98651
1178084531.25,-43.95198
1178084687.5,-43.97499
1178084843.75,-43.96285
1178085000.0,-44.00413
1178085156.25,-43.99793
1178085312.5,-43.98853
1178085468.75,-43.98649
1178085625.0,-43.97367
1178085781.25,-43.98522
1178085937.5,-43.96155
1178086093.75,-43.96442
1178086250.0,-43.97931
1178086406.25,-43.96586
1178086562.5,-43.98699
1178086718.75,-43.94335
1178086875.0,-43.96861
1178087031.25,-44.00136
1178087187.5,-43.96385
1178087343.75,-43.98418
1178087500.0,-43.96909
1178087656.25,-43.97066
1178087812.5,-43.94986
1178087968.75,-43.93343
1178088125.0,-43.95269
1178088281.25,-43.97151
1178088437.5,-43.96856
1178088593.75,-43.95479
1178088750.0,-43.94978
1178088906.25,-43.98539
1178089062.5,-43.9602
1178089218.75,-43.96972
1178089375.0,-43.95898
1178089531.25,-43.96005
1178089687.5,-43.985
1178089843.75,-43.9793
1178090000.0,-43.9778
1178090156.25,-43.98537
1178090312.5,-43.95031
1178090468.75,-43.9636
1178090625.0,-43.97293
1178090781.25,-43.96545
1178090937.5,-43.98521
1178091093.75,-43.95296
1178091250.0,-43.94384
1178091406.25,-43.962
1178091562.5,-43.95662
1178091718.75,-43.95874
1178091875.0,-43.95238
1178092031.25,-43.95189
1178092187.5,-43.95434
1178092343.75,-43.95918
1178092500.0,-43.94416
1178092656.25,-43.98077
1178092812.5,-43.95732
1178092968.75,-43.94865
1178093125.0,-43.94208
1178093281.25,-43.94306
1178093437.5,-43.95827
1178093593.75,-43.96798
1178093750.0,-43.95095
1178093906.25,-43.97419
1178094062.5,-43.95669
1178094218.75,-43.94812
1178094375.0,-43.96461
1178094531.25,-43.96545
1178094687.5,-43.97464
1178094843.75,-43.94695
1178095000.0,-43.96663
1178095156.25,-43.95816
1178095312.5,-43.95752
1178095468.75,-43.96192
1178095625.0,-43.93929
1178095781.25,-43.97102
1178095937.5,-43.97666
1178096093.75,-43.9645
1178096250.0,-43.93671
1178096406.25,-43.95372
1178096562.5,-43.96424
1178096718.75,-43.95629
1178096875.0,-43.95029
1178097031.25,-43.95547
1178097187.5,-43.9566
1178097343.75,-43.93534
1178097500.0,-43.96101
1178097656.25,-43.93536
1178097812.5,-43.94203
1178097968.75,-43.95796
1178098125.0,-43.96245
1178098281.25,-43.95598
1178098437.5,-43.95715
1178098593.75,-43.93246
1178098750.0,-43.90104
1178098906.25,-43.95458
1178099062.5,-43.94999
1178099218.75,-43.93182
1178099375.0,-43.92934
1178099531.25,-43.92023
1178099687.5,-43.94657
1178099843.75,-43.93418
1178100000.0,-43.92083
1178100156.25,-43.93377
1178100312.5,-43.94793
1178100468.75,-43.95045
1178100625.0,-43.93927
1178100781.25,-43.93049
1178100937.5,-43.93497
1178101093.75,-43.93452
1178101250.0,-43.93693
1178101406.25,-43.90833
1178101562.5,-43.93565
1178101718.75,-43.93962
1178101875.0,-43.91956
1178102031.25,-43.92455
1178102187.5,-43.94174
1178102343.75,-43.94589
1178102500.0,-43.95776
1178102656.25,-43.91827
1178102812.5,-43.92393
1178102968.75,-43.90298
1178103125.0,-43.92089
1178103281.25,-43.93127
1178103437.5,-43.9494
1178103593.75,-43.94134
1178103750.0,-43.90114
1178103906.25,-43.92363
1178104062.5,-43.92031
1178104218.75,-43.90925
1178104375.0,-43.94853
1178104531.25,-43.9169
1178104687.5,-43.94149
1178104843.75,-43.90229
1178105000.0,-43.90554
1178105156.25,-43.92377
1178105312.5,-43.93236
1178105468.75,-43.93297
1178105625.0,-43.9258
1178105781.25,-43.93807
1178105937.5,-43.9231
1178106093.75,-43.95301
1178106250.0,-43.92437
1178106406.25,-43.95668
1178106562.5,-43.92934
1178106718.75,-43.91944
1178106875.0,-43.94251
1178107031.25,-43.9186
1178107187.5,-43.91521
1178107343.75,-43.94412
1178107500.0,-43.9073
1178107656.25,-43.92401
1178107812.5,-43.92266
1178107968.75,-43.91365
1178108125.0,-43.95014
1178108281.25,-43.90566
1178108437.5,-43.93351
1178108593.75,-43.9249
1178108750.0,-43.91203
1178108906.25,-43.95181
1178109062.5,-43.91315
1178109218.75,-43.90462
1178109375.0,-43.90772
1178109531.25,-43.88387
1178109687.5,-43.89891
1178109843.75,-43.90044
1178110000.0,-43.93925
1178110156.25,-43.90071
1178110312.5,-43.9204
1178110468.75,-43.90316
1178110625.0,-43.90601
1178110781.25,-43.90987
1178110937.5,-43.89655
1178111093.75,-43.89917
1178111250.0,-43.89457
1178111406.25,-43.90683
1178111562.5,-43.94377
1178111718.75,-43.93047
1178111875.0,-43.92351
1178112031.25,-43.90704
1178112187.5,-43.89971
1178112343.75,-43.87799
1178112500.0,-43.88292
1178112656.25,-43.92621
1178112812.5,-43.89886
1178112968.75,-43.90789
1178113125.0,-43.91748
1178113281.25,-43.89066
1178113437.5,-43.90953
1178113593.75,-43.89798
1178113750.0,-43.91999
1178113906.25,-43.92293
1178114062.5,-43.89471
1178114218.75,-43.89562
1178114375.0,-43.90252
1178114531.25,-43.8897
1178114687.5,-43.90617
1178114843.75,-43.89441
1178115000.0,-43.90903
1178115156.25,-43.87667
1178115312.5,-43.88594
1178115468.75,-43.91314
1178115625.0,-43.8956
1178115781.25,-43.89021
1178115937.5,-43.89559
1178116093.75,-43.91106
1178116250.0,-43.90736
1178116406.25,-43.88304
1178116562.5,-43.89967
1178116718.75,-43.90739
1178116875.0,-43.90911
1178117031.25,-43.90336
1178117187.5,-43.89749
1178117343.75,-43.8996
1178117500.0,-43.86531
1178117656.25,-43.88438
1178117812.5,-43.9159
1178117968.75,-43.90869
1178118125.0,-43.909
1178118281.25,-43.88737
1178118437.5,-43.9087
1178118593.75,-43.84642
1178118750.0,-43.88234
1178118906.25,-43.87738
1178119062.5,-43.89271
1178119218.75,-43.89745
1178119375.0,-43.89556
1178119531.25,-43.8898
1178119687.5,-43.91754
1178119843.75,-43.86856
1178120000.0,-43.89391
1178120156.25,-43.90716
1178120312.5,-43.88841
1178120468.75,-43.90151
1178120625.0,-43.87358
1178120781.25,-43.91293
1178120937.5,-43.88647
1178121093.75,-43.86879
1178121250.0,-43.88911
1178121406.25,-43.90984
1178121562.5,-43.90047
1178121718.75,-43.88401
1178121875.0,-43.91327
1178122031.25,-43.89489
1178122187.5,-43.86831
1178122343.75,-43.8807
1178122500.0,-43.87054
1178122656.25,-43.86917
1178122812.5,-43.87994
1178122968.75,-43.85851
1178123125.0,-43.89729
1178123281.25,-43.88062
1178123437.5,-43.871
1178123593.75,-43.85612
1178123750.0,-43.86372
1178123906.25,-43.87183
1178124062.5,-43.86834
1178124218.75,-43.86853
1178124375.0,-43.86854
1178124531.25,-43.86049
1178124687.5,-43.85479
1178124843.75,-43.88306
1178125000.0,-43.86335
1178125156.25,-43.87617
1178125312.5,-43.89132
1178125468.75,-43.88556
1178125625.0,-43.88824
1178125781.25,-43.88083
1178125937.5,-43.85779
1178126093.75,-43.85008
1178126250.0,-43.91362
1178126406.25,-43.87379
1178126562.5,-43.86415
1178126718.75,-43.85727
1178126875.0,-43.88655
1178127031.25,-43.86394
1178127187.5,-43.86106
1178127343.75,-43.8749
1178127500.0,-43.85348
1178127656.25,-43.8616
1178127812.5,-43.89801
1178127968.75,-43.87209
1178128125.0,-43.86405
1178128281.25,-43.86966
1178128437.5,-43.87521
1178128593.75,-43.87051
1178128750.0,-43.87502
1178128906.25,-43.87613
1178129062.5,-43.8788
1178129218.75,-43.867
1178129375.0,-43.87331
1178129531.25,-43.84019
1178129687.5,-43.89013
1178129843.75,-43.85507
1178130000.0,-43.87594
1178130156.25,-43.86972
1178130312.5,-43.86232
1178130468.75,-43.85016
1178130625.0,-43.85568
1178130781.25,-43.85909
1178130937.5,-43.85591
1178131093.75,-43.86472
1178131250.0,-43.85676
1178131406.25,-43.84427
1178131562.5,-43.85083
1178131718.75,-43.84529
1178131875.0,-43.84799
1178132031.25,-43.84254
1178132187.5,-43.85497
1178132343.75,-43.8793
1178132500.0,-43.83552
1178132656.25,-43.87404
1178132812.5,-43.83977
1178132968.75,-43.85783
1178133125.0,-43.86029
1178133281.25,-43.84901
1178133437.5,-43.85546
1178133593.75,-43.86748
1178133750.0,-43.86015
1178133906.25,-43.84399
1178134062.5,-43.82492
1178134218.75,-43.84751
1178134375.0,-43.8144
1178134531.25,-43.84026
1178134687.5,-43.82413
1178134843.75,-43.8447
1178135000.0,-43.83594
1178135156.25,-43.82047
1178135312.5,-43.86102
1178135468.75,-43.84501
1178135625.0,-43.84711
1178135781.25,-43.87822
1178135937.5,-43.86412
1178136093.75,-43.82176
1178136250.0,-43.82518
1178136406.25,-43.85002
1178136562.5,-43.83574
1178136718.75,-43.85849
1178136875.0,-43.8529
1178137031.25,-43.84
1178137187.5,-43.83254
1178137343.75,-43.82945
1178137500.0,-43.84805
1178137656.25,-43.81762
1178137812.5,-43.83287
1178137968.75,-43.84081
1178138125.0,-43.85212
1178138281.25,-43.85027
1178138437.5,-43.84813
1178138593.75,-43.82382
1178138750.0,-43.84947
1178138906.25,-43.82998
1178139062.5,-43.86042
1178139218.75,-43.84108
1178139375.0,-43.87344
1178139531.25,-43.82962
1178139687.5,-43.83385
1178139843.75,-43.81648
1178140000.0,-43.83334
1178140156.25,-43.83548
1178140312.5,-43.82963
1178140468.75,-43.8426
1178140625.0,-43.79884
1178140781.25,-43.82637
1178140937.5,-43.84637
1178141093.75,-43.81223
1178141250.0,-43.82023
1178141406.25,-43.84003
1178141562.5,-43.84174
1178141718.75,-43.85606
1178141875.0,-43.84328
1178142031.25,-43.83792
1178142187.5,-43.83086
1178142343.75,-43.86369
1178142500.0,-43.83874
1178142656.25,-43.81719
1178142812.5,-43.81741
1178142968.75,-43.82369
1178143125.0,-43.82148
1178143281.25,-43.84357
1178143437.5,-43.86526
1178143593.75,-43.81272
1178143750.0,-43.8167
1178143906.25,-43.80509
1178144062.5,-43.85009
1178144218.75,-43.82885
1178144375.0,-43.82554
1178144531.25,-43.81023
1178144687.5,-43.80057
1178144843.75,-43.81282
1178145000.0,-43.7855
1178145156.25,-43.8341
1178145312.5,-43.81975
1178145468.75,-43.80779
1178145625.0,-43.8668
1178145781.25,-43.81417
1178145937.5,-43.82571
1178146093.75,-43.81123
1178146250.0,-43.79533
1178146406.25,-43.81723
1178146562.5,-43.81204
1178146718.75,-43.81514
1178146875.0,-43.82814
1178147031.25,-43.79166
1178147187.5,-43.81158
1178147343.75,-43.82827
1178147500.0,-43.81188
1178147656.25,-43.83396
1178147812.5,-43.804
1178147968.75,-43.80109
1178148125.0,-43.84048
1178148281.25,-43.81926
1178148437.5,-43.78001
1178148593.75,-43.82686
1178148750.0,-43.80888
1178148906.25,-43.81157
1178149062.5,-43.78745
1178149218.75,-43.82195
1178149375.0,-43.81531
1178149531.25,-43.81018
1178149687.5,-43.81394
1178149843.75,-43.80501
1178150000.0,-43.81955
1178150156.25,-43.8121
1178150312.5,-43.7921
1178150468.75,-43.7981
1178150625.0,-43.79761
1178150781.25,-43.78302
1178150937.5,-43.80603
1178151093.75,-43.80921
1178151250.0,-43.76628
1178151406.25,-43.79748
1178151562.5,-43.77916
1178151718.75,-43.78808
1178151875.0,-43.80047
1178152031.25,-43.81763
1178152187.5,-43.79647
1178152343.75,-43.76342
1178152500.0,-43.82281
1178152656.25,-43.80251
1178152812.5,-43.79814
1178152968.75,-43.78219
1178153125.0,-43.76825
1178153281.25,-43.7881
1178153437.5,-43.79125
1178153593.75,-43.81396
1178153750.0,-43.79424
1178153906.25,-43.80667
1178154062.5,-43.78587
1178154218.75,-43.81952
1178154375.0,-43.8005
1178154531.25,-43.77271
1178154687.5,-43.75805
1178154843.75,-43.79309
1178155000.0,-43.79969
1178155156.25,-43.76709
1178155312.5,-43.79099
1178155468.75,-43.7826
1178155625.0,-43.75665
1178155781.25,-43.81088
1178155937.5,-43.78418
1178156093.75,-43.80434
1178156250.0,-43.78229
1178156406.25,-43.78648
1178156562.5,-43.80067
1178156718.75,-43.76694
1178156875.0,-43.78003
1178157031.25,-43.77642
1178157187.5,-43.77104
1178157343.75,-43.82522
1178157500.0,-43.77721
1178157656.25,-43.80163
1178157812.5,-43.78292
1178157968.75,-43.80609
1178158125.0,-43.76475
1178158281.25,-43.79338
1178158437.5,-43.7881
1178158593.75,-43.76273
1178158750.0,-43.77889
1178158906.25,-43.80223
1178159062.5,-43.79344
1178159218.75,-43.80427
1178159375.0,-43.77293
1178159531.25,-43.78212
1178159687.5,-43.81739
1178159843.75,-43.75065
1178160000.0,-43.77182
1178160156.25,-43.79118
1178160312.5,-43.78437
1178160468.75,-43.78693
1178160625.0,-43.77599
1178160781.25,-43.78195
1178160937.5,-43.77489
1178161093.75,-43.78316
1178161250.0,-43.7821
1178161406.25,-43.79419
1178161562.5,-43.76961
1178161718.75,-43.77965
1178161875.0,-43.78484
1178162031.25,-43.7726
1178162187.5,-43.76257
1178162343.75,-43.74875
1178162500.0,-43.75808
1178162656.25,-43.75193
1178162812.5,-43.78944
1178162968.75,-43.74987
1178163125.0,-43.75795
1178163281.25,-43.77429
1178163437.5,-43.77
1178163593.75,-43.78015
1178163750.0,-43.78424
1178163906.25,-43.75309
1178164062.5,-43.76936
1178164218.75,-43.75737
1178164375.0,-43.75809
1178164531.25,-43.78313
1178164687.5,-43.74086
1178164843.75,-43.75074
1178165000.0,-43.76226
1178165156.25,-43.74766
1178165312.5,-43.74806
1178165468.75,-43.77315
1178165625.0,-43.76614
1178165781.25,-43.74205
1178165937.5,-43.74383
1178166093.75,-43.75472
1178166250.0,-43.73613
1178166406.25,-43.74168
1178166562.5,-43.75037
1178166718.75,-43.74782
1178166875.0,-43.7663
1178167031.25,-43.76746
1178167187.5,-43.76921
1178167343.75,-43.76812
1178167500.0,-43.76654
1178167656.25,-43.74556
1178167812.5,-43.77938
1178167968.75,-43.79269
1178168125.0,-43.72924
1178168281.25,-43.74933
1178168437.5,-43.72755
1178168593.75,-43.737
1178168750.0,-43.74994
1178168906.25,-43.72784
1178169062.5,-43.74682
1178169218.75,-43.75813
1178169375.0,-43.75893
1178169531.25,-43.75766
1178169687.5,-43.76619
1178169843.75,-43.7501
1178170000.0,-43.73632
1178170156.25,-43.71896
1178170312.5,-43.75276
1178170468.75,-43.73837
1178170625.0,-43.75718
1178170781.25,-43.76089
1178170937.5,-43.74996
1178171093.75,-43.75164
1178171250.0,-43.73583
1178171406.25,-43.75472
1178171562.5,-43.76232
1178171718.75,-43.75313
1178171875.0,-43.74257
1178172031.25,-43.72506
1178172187.5,-43.73836
1178172343.75,-43.75222
1178172500.0,-43.78205
1178172656.25,-43.71065
1178172812.5,-43.73897
1178172968.75,-43.76258
1178173125.0,-43.74704
1178173281.25,-43.74784
1178173437.5,-43.75626
1178173593.75,-43.71958
1178173750.0,-43.74736
1178173906.25,-43.71577
1178174062.5,-43.72126
1178174218.75,-43.76677
1178174375.0,-43.73807
1178174531.25,-43.71774
1178174687.5,-43.70216
1178174843.75,-43.73989
1178175000.0,-43.74717
1178175156.25,-43.74292
1178175312.5,-43.74765
1178175468.75,-43.73184
1178175625.0,-43.77589
1178175781.25,-43.7241
1178175937.5,-43.7554
1178176093.75,-43.75905
1178176250.0,-43.75615
1178176406.25,-43.72784
1178176562.5,-43.74863
1178176718.75,-43.73846
1178176875.0,-43.73471
1178177031.25,-43.73655
1178177187.5,-43.73688
1178177343.75,-43.73993
1178177500.0,-43.74449
1178177656.25,-43.72506
1178177812.5,-43.72761
1178177968.75,-43.72571
1178178125.0,-43.71884
1178178281.25,-43.72207
1178178437.5,-43.73324
1178178593.75,-43.75797
1178178750.0,-43.70127
1178178906.25,-43.71733
1178179062.5,-43.70701
1178179218.75,-43.69794
1178179375.0,-43.74823
1178179531.25,-43.72851
1178179687.5,-43.73305
1178179843.75,-43.7308
1178180000.0,-43.69469
1178180156.25,-43.71199
1178180312.5,-43.71235
1178180468.75,-43.71652
1178180625.0,-43.71954
1178180781.25,-43.70966
1178180937.5,-43.72138
1178181093.75,-43.71587
1178181250.0,-43.70759
1178181406.25,-43.71839
1178181562.5,-43.72203
1178181718.75,-43.71738
1178181875.0,-43.72443
1178182031.25,-43.70826
1178182187.5,-43.73338
1178182343.75,-43.71602
1178182500.0,-43.72007
1178182656.25,-43.71031
1178182812.5,-43.71117
1178182968.75,-43.69719
1178183125.0,-43.71238
1178183281.25,-43.72498
1178183437.5,-43.708
1178183593.75,-43.7127
1178183750.0,-43.69945
1178183906.25,-43.73119
1178184062.5,-43.70914
1178184218.75,-43.70615
1178184375.0,-43.71446
1178184531.25,-43.69532
1178184687.5,-43.72007
1178184843.75,-43.69367
1178185000.0,-43.70313
1178185156.25,-43.72462
1178185312.5,-43.707
1178185468.75,-43.72713
1178185625.0,-43.69553
1178185781.25,-43.71522
1178185937.5,-43.70924
1178186093.75,-43.70547
1178186250.0,-43.68274
1178186406.25,-43.69854
1178186562.5,-43.72016
1178186718.75,-43.71528
1178186875.0,-43.70046
1178187031.25,-43.69966
1178187187.5,-43.71645
1178187343.75,-43.72743
1178187500.0,-43.72883
1178187656.25,-43.6828
1178187812.5,-43.7442
1178187968.75,-43.69294
1178188125.0,-43.68088
1178188281.25,-43.71136
1178188437.5,-43.69352
1178188593.75,-43.69829
1178188750.0,-43.71316
1178188906.25,-43.69115
1178189062.5,-43.69521
1178189218.75,-43.69243
1178189375.0,-43.71154
1178189531.25,-43.70525
1178189687.5,-43.71179
1178189843.75,-43.68922
1178190000.0,-43.71613
1178190156.25,-43.67649
1178190312.5,-43.68859
1178190468.75,-43.68398
1178190625.0,-43.70243
1178190781.25,-43.70631
1178190937.5,-43.71435
1178191093.75,-43.68464
1178191250.0,-43.68202
1178191406.25,-43.68085
1178191562.5,-43.70456
1178191718.75,-43.64528
1178191875.0,-43.66771
1178192031.25,-43.68406
1178192187.5,-43.70418
1178192343.75,-43.6775
1178192500.0,-43.67807
1178192656.25,-43.66412
1178192812.5,-43.66903
1178192968.75,-43.69614
1178193125.0,-43.68021
1178193281.25,-43.71149
1178193437.5,-43.66884
1178193593.75,-43.66966
1178193750.0,-43.71414
1178193906.25,-43.68117
1178194062.5,-43.68195
1178194218.75,-43.6882
1178194375.0,-43.67853
1178194531.25,-43.68961
1178194687.5,-43.6788
1178194843.75,-43.67712
1178195000.0,-43.6675
1178195156.25,-43.67807
1178195312.5,-43.69778
1178195468.75,-43.68862
1178195625.0,-43.69151
1178195781.25,-43.6873
1178195937.5,-43.68614
1178196093.75,-43.70818
1178196250.0,-43.67295
1178196406.25,-43.68043
1178196562.5,-43.68708
1178196718.75,-43.65129
1178196875.0,-43.67544
1178197031.25,-43.67915
1178197187.5,-43.70093
1178197343.75,-43.65911
1178197500.0,-43.64771
1178197656.25,-43.66069
1178197812.5,-43.68238
1178197968.75,-43.6618
1178198125.0,-43.65316
1178198281.25,-43.68198
1178198437.5,-43.68705
1178198593.75,-43.66036
1178198750.0,-43.65503
1178198906.25,-43.66558
1178199062.5,-43.66784
1178199218.75,-43.67446
1178199375.0,-43.67892
1178199531.25,-43.69708
1178199687.5,-43.69142
1178199843.75,-43.67567
1178200000.0,-43.6663
1178200156.25,-43.67521
1178200312.5,-43.67356
1178200468.75,-43.65905
1178200625.0,-43.64756
1178200781.25,-43.67222
1178200937.5,-43.67781
1178201093.75,-43.70132
1178201250.0,-43.65703
1178201406.25,-43.6581
1178201562.5,-43.66778
1178201718.75,-43.68167
1178201875.0,-43.66197
1178202031.25,-43.65583
1178202187.5,-43.65258
1178202343.75,-43.67479
1178202500.0,-43.65805
1178202656.25,-43.64394
1178202812.5,-43.67119
1178202968.75,-43.6328
1178203125.0,-43.66261
1178203281.25,-43.65863
1178203437.5,-43.67343
1178203593.75,-43.67079
1178203750.0,-43.64398
1178203906.25,-43.65899
1178204062.5,-43.63897
1178204218.75,-43.64807
1178204375.0,-43.62516
1178204531.25,-43.67499
1178204687.5,-43.65288
1178204843.75,-43.63783
1178205000.0,-43.63393
1178205156.25,-43.65738
1178205312.5,-43.62923
1178205468.75,-43.63046
1178205625.0,-43.66993
1178205781.25,-43.64061
1178205937.5,-43.66892
1178206093.75,-43.66528
1178206250.0,-43.65004
1178206406.25,-43.63506
1178206562.5,-43.6445
1178206718.75,-43.64936
1178206875.0,-43.68425
1178207031.25,-43.66409
1178207187.5,-43.64705
1178207343.75,-43.63157
1178207500.0,-43.65049
1178207656.25,-43.63601
1178207812.5,-43.6392
1178207968.75,-43.64463
1178208125.0,-43.66393
1178208281.25,-43.62059
1178208437.5,-43.64155
1178208593.75,-43.66523
1178208750.0,-43.62111
1178208906.25,-43.66034
1178209062.5,-43.6474
1178209218.75,-43.62017
1178209375.0,-43.63363
1178209531.25,-43.63076
1178209687.5,-43.62394
1178209843.75,-43.64259
1178210000.0,-43.65208
1178210156.25,-43.64418
1178210312.5,-43.62418
1178210468.75,-43.64269
1178210625.0,-43.64282
1178210781.25,-43.61488
1178210937.5,-43.62161
1178211093.75,-43.65512
1178211250.0,-43.62686
1178211406.25,-43.63558
1178211562.5,-43.63396
1178211718.75,-43.62146
1178211875.0,-43.61754
1178212031.25,-43.6305
1178212187.5,-43.64597
1178212343.75,-43.63557
1178212500.0,-43.64253
1178212656.25,-43.61698
1178212812.5,-43.63044
1178212968.75,-43.62856
1178213125.0,-43.62829
1178213281.25,-43.65039
1178213437.5,-43.62844
1178213593.75,-43.62344
1178213750.0,-43.62505
1178213906.25,-43.61335
1178214062.5,-43.63459
1178214218.75,-43.62
1178214375.0,-43.6282
1178214531.25,-43.62962
1178214687.5,-43.62911
1178214843.75,-43.62722
1178215000.0,-43.65408
1178215156.25,-43.60195
1178215312.5,-43.65265
1178215468.75,-43.63242
1178215625.0,-43.62132
1178215781.25,-43.61677
1178215937.5,-43.61519
1178216093.75,-43.63203
1178216250.0,-43.58884
1178216406.25,-43.62276
1178216562.5,-43.62133
1178216718.75,-43.63171
1178216875.0,-43.6284
1178217031.25,-43.64387
1178217187.5,-43.63372
1178217343.75,-43.63749
1178217500.0,-43.63966
1178217656.25,-43.63681
1178217812.5,-43.64468
1178217968.75,-43.61619
1178218125.0,-43.60099
1178218281.25,-43.623
1178218437.5,-43.61694
1178218593.75,-43.59603
1178218750.0,-43.61435
1178218906.25,-43.59429
1178219062.5,-43.61584
1178219218.75,-43.58321
1178219375.0,-43.6049
1178219531.25,-43.59809
1178219687.5,-43.59249
1178219843.75,-43.61493
1178220000.0,-43.62571
1178220156.25,-43.61502
1178220312.5,-43.61124
1178220468.75,-43.61009
1178220625.0,-43.6002
1178220781.25,-43.60423
1178220937.5,-43.58484
1178221093.75,-43.61764
1178221250.0,-43.5954
1178221406.25,-43.58081
1178221562.5,-43.59924
1178221718.75,-43.55976
1178221875.0,-43.6114
1178222031.25,-43.62098
1178222187.5,-43.6075
1178222343.75,-43.60098
1178222500.0,-43.58229
1178222656.25,-43.58021
1178222812.5,-43.58411
1178222968.75,-43.5975
1178223125.0,-43.61441
1178223281.25,-43.60213
1178223437.5,-43.59189
1178223593.75,-43.60817
1178223750.0,-43.61333
1178223906.25,-43.57939
1178224062.5,-43.60325
1178224218.75,-43.60678
1178224375.0,-43.60099
1178224531.25,-43.59848
1178224687.5,-43.62493
1178224843.75,-43.61762
1178225000.0,-43.6089
1178225156.25,-43.60905
1178225312.5,-43.57779
1178225468.75,-43.58925
1178225625.0,-43.592
1178225781.25,-43.62196
1178225937.5,-43.61062
1178226093.75,-43.60266
1178226250.0,-43.61086
1178226406.25,-43.59518
1178226562.5,-43.5848
1178226718.75,-43.58276
1178226875.0,-43.59383
1178227031.25,-43.61007
1178227187.5,-43.5636
1178227343.75,-43.60259
1178227500.0,-43.6023
1178227656.25,-43.57978
1178227812.5,-43.60914
1178227968.75,-43.59564
1178228125.0,-43.58778
1178228281.25,-43.56062
1178228437.5,-43.59602
1178228593.75,-43.61335
1178228750.0,-43.56968
1178228906.25,-43.58583
1178229062.5,-43.58239
1178229218.75,-43.60926
1178229375.0,-43.56947
1178229531.25,-43.55934
1178229687.5,-43.55475
1178229843.75,-43.57355
1178230000.0,-43.56853
1178230156.25,-43.5667
1178230312.5,-43.56723
1178230468.75,-43.54524
1178230625.0,-43.59599
1178230781.25,-43.60265
1178230937.5,-43.58775
1178231093.75,-43.5979
1178231250.0,-43.59169
1178231406.25,-43.5619
1178231562.5,-43.58264
1178231718.75,-43.57711
1178231875.0,-43.5622
1178232031.25,-43.5696
1178232187.5,-43.58042
1178232343.75,-43.59032
1178232500.0,-43.56289
1178232656.25,-43.56491
1178232812.5,-43.59737
1178232968.75,-43.57286
1178233125.0,-43.54869
1178233281.25,-43.5882
1178233437.5,-43.59113
1178233593.75,-43.59319
1178233750.0,-43.55801
1178233906.25,-43.56447
1178234062.5,-43.5845
1178234218.75,-43.61296
1178234375.0,-43.56901
1178234531.25,-43.56871
1178234687.5,-43.54842
1178234843.75,-43.56904
1178235000.0,-43.57832
1178235156.25,-43.58297
1178235312.5,-43.58187
1178235468.75,-43.57938
1178235625.0,-43.57566
1178235781.25,-43.56836
1178235937.5,-43.57535
1178236093.75,-43.54596
1178236250.0,-43.57215
1178236406.25,-43.5627
1178236562.5,-43.56956
1178236718.75,-43.56339
1178236875.0,-43.56824
1178237031.25,-43.55058
1178237187.5,-43.57716
1178237343.75,-43.56828
1178237500.0,-43.56822
1178237656.25,-43.54467
1178237812.5,-43.54995
1178237968.75,-43.55498
1178238125.0,-43.55766
1178238281.25,-43.56916
1178238437.5,-43.56709
1178238593.75,-43.54263
1178238750.0,-43.5606
1178238906.25,-43.56275
1178239062.5,-43.55074
1178239218.75,-43.56025
1178239375.0,-43.57142
1178239531.25,-43.56359
1178239687.5,-43.58223
1178239843.75,-43.57037
1178240000.0,-43.54773
1178240156.25,-43.57685
1178240312.5,-43.55438
1178240468.75,-43.54637
1178240625.0,-43.53366
1178240781.25,-43.58221
1178240937.5,-43.56904
1178241093.75,-43.56265
1178241250.0,-43.54116
1178241406.25,-43.55555
1178241562.5,-43.55958
1178241718.75,-43.57043
1178241875.0,-43.55964
1178242031.25,-43.56273
1178242187.5,-43.54964
1178242343.75,-43.54997
1178242500.0,-43.56482
1178242656.25,-43.57098
1178242812.5,-43.53914
1178242968.75,-43.52599
1178243125.0,-43.56705
1178243281.25,-43.53756
1178243437.5,-43.53081
1178243593.75,-43.54443
1178243750.0,-43.55957
1178243906.25,-43.53006
1178244062.5,-43.5517
1178244218.75,-43.54085
1178244375.0,-43.53904
1178244531.25,-43.55185
1178244687.5,-43.54978
1178244843.75,-43.57051
1178245000.0,-43.5532
1178245156.25,-43.54535
1178245312.5,-43.53027
1178245468.75,-43.53623
1178245625.0,-43.53354
1178245781.25,-43.54208
1178245937.5,-43.55489
1178246093.75,-43.54294
1178246250.0,-43.54876
1178246406.25,-43.52439
1178246562.5,-43.53868
1178246718.75,-43.51533
1178246875.0,-43.54301
1178247031.25,-43.53761
1178247187.5,-43.5571
1178247343.75,-43.52603
1178247500.0,-43.53181
1178247656.25,-43.54295
1178247812.5,-43.54749
1178247968.75,-43.54298
1178248125.0,-43.55097
1178248281.25,-43.55576
1178248437.5,-43.55
1178248593.75,-43.52777
1178248750.0,-43.52621
1178248906.25,-43.53364
1178249062.5,-43.55228
1178249218.75,-43.53704
1178249375.0,-43.52807
1178249531.25,-43.51048
1178249687.5,-43.52893
1178249843.75,-43.53001
1178250000.0,-43.55017
1178250156.25,-43.52085
1178250312.5,-43.53428
1178250468.75,-43.52925
1178250625.0,-43.53584
1178250781.25,-43.54465
1178250937.5,-43.53843
1178251093.75,-43.54995
1178251250.0,-43.50468
1178251406.25,-43.50902
1178251562.5,-43.50364
1178251718.75,-43.50817
1178251875.0,-43.51329
1178252031.25,-43.51841
1178252187.5,-43.52563
1178252343.75,-43.52956
1178252500.0,-43.51604
1178252656.25,-43.52767
1178252812.5,-43.52049
1178252968.75,-43.51692
1178253125.0,-43.50128
1178253281.25,-43.49637
1178253437.5,-43.50896
1178253593.75,-43.49917
1178253750.0,-43.50338
1178253906.25,-43.52928
1178254062.5,-43.51363
1178254218.75,-43.51945
1178254375.0,-43.52423
1178254531.25,-43.50293
1178254687.5,-43.52548
1178254843.75,-43.5014
1178255000.0,-43.52153
1178255156.25,-43.51084
1178255312.5,-43.53601
1178255468.75,-43.52908
1178255625.0,-43.5182
1178255781.25,-43.53209
1178255937.5,-43.52879
1178256093.75,-43.4777
1178256250.0,-43.52446
1178256406.25,-43.48414
1178256562.5,-43.5284
1178256718.75,-43.51608
1178256875.0,-43.52072
1178257031.25,-43.49627
1178257187.5,-43.51213
1178257343.75,-43.51907
1178257500.0,-43.52325
1178257656.25,-43.49404
1178257812.5,-43.52355
1178257968.75,-43.49557
1178258125.0,-43.51146
1178258281.25,-43.49072
1178258437.5,-43.47527
1178258593.75,-43.50246
1178258750.0,-43.5234
1178258906.25,-43.50115
1178259062.5,-43.51151
1178259218.75,-43.49154
1178259375.0,-43.50517
1178259531.25,-43.48003
1178259687.5,-43.50224
1178259843.75,-43.49185
1178260000.0,-43.48454
1178260156.25,-43.51059
1178260312.5,-43.5038
1178260468.75,-43.49486
1178260625.0,-43.48711
1178260781.25,-43.50026
1178260937.5,-43.49613
1178261093.75,-43.50777
1178261250.0,-43.47755
1178261406.25,-43.49391
1178261562.5,-43.48337
1178261718.75,-43.48529
1178261875.0,-43.48387
1178262031.25,-43.49216
1178262187.5,-43.50067
1178262343.75,-43.49649
1178262500.0,-43.50166
1178262656.25,-43.50664
1178262812.5,-43.50317
1178262968.75,-43.50471
1178263125.0,-43.52266
1178263281.25,-43.51268
1178263437.5,-43.47992
1178263593.75,-43.47989
1178263750.0,-43.48085
1178263906.25,-43.49642
1178264062.5,-43.49662
1178264218.75,-43.47709
1178264375.0,-43.48121
1178264531.25,-43.47924
1178264687.5,-43.52174
1178264843.75,-43.50952
1178265000.0,-43.48356
1178265156.25,-43.46796
1178265312.5,-43.48864
1178265468.75,-43.47208
1178265625.0,-43.49274
1178265781.25,-43.48008
1178265937.5,-43.48195
1178266093.75,-43.4869
1178266250.0,-43.48304
1178266406.25,-43.45975
1178266562.5,-43.47993
1178266718.75,-43.46375
1178266875.0,-43.46313
1178267031.25,-43.49428
1178267187.5,-43.47318
1178267343.75,-43.48031
1178267500.0,-43.45566
1178267656.25,-43.48652
1178267812.5,-43.46187
1178267968.75,-43.47602
1178268125.0,-43.48236
1178268281.25,-43.45971
1178268437.5,-43.47519
1178268593.75,-43.47364
1178268750.0,-43.4656
1178268906.25,-43.47024
1178269062.5,-43.46809
1178269218.75,-43.46058
1178269375.0,-43.48842
1178269531.25,-43.47003
1178269687.5,-43.4709
1178269843.75,-43.48852
1178270000.0,-43.47132
1178270156.25,-43.47976
1178270312.5,-43.4544
1178270468.75,-43.48959
1178270625.0,-43.47964
1178270781.25,-43.45502
1178270937.5,-43.49327
1178271093.75,-43.4854
1178271250.0,-43.45857
1178271406.25,-43.46854
1178271562.5,-43.45036
1178271718.75,-43.46003
1178271875.0,-43.4804
1178272031.25,-43.45389
1178272187.5,-43.46803
1178272343.75,-43.49205
1178272500.0,-43.46424
1178272656.25,-43.45435
1178272812.5,-43.47659
1178272968.75,-43.46955
1178273125.0,-43.46119
1178273281.25,-43.44147
1178273437.5,-43.464
1178273593.75,-43.46273
1178273750.0,-43.46548
1178273906.25,-43.46608
1178274062.5,-43.4692
1178274218.75,-43.47135
1178274375.0,-43.46403
1178274531.25,-43.46384
1178274687.5,-43.46782
1178274843.75,-43.46229
1178275000.0,-43.44193
1178275156.25,-43.44941
1178275312.5,-43.46386
1178275468.75,-43.45832
1178275625.0,-43.43032
1178275781.25,-43.48572
1178275937.5,-43.47808
1178276093.75,-43.45857
1178276250.0,-43.44415
1178276406.25,-43.44403
1178276562.5,-43.43794
1178276718.75,-43.43066
1178276875.0,-43.45253
1178277031.25,-43.46842
1178277187.5,-43.45049
1178277343.75,-43.46904
1178277500.0,-43.46787
1178277656.25,-43.43518
1178277812.5,-43.45655
1178277968.75,-43.46027
1178278125.0,-43.44912
1178278281.25,-43.45319
1178278437.5,-43.46404
1178278593.75,-43.4535
1178278750.0,-43.43344
1178278906.25,-43.46826
1178279062.5,-43.41425
1178279218.75,-43.43538
1178279375.0,-43.45119
1178279531.25,-43.4565
1178279687.5,-43.42627
1178279843.75,-43.46904
1178280000.0,-43.45462
1178280156.25,-43.4759
1178280312.5,-43.42694
1178280468.75,-43.43915
1178280625.0,-43.43755
1178280781.25,-43.42621
1178280937.5,-43.43784
1178281093.75,-43.43476
1178281250.0,-43.44202
1178281406.25,-43.42766
1178281562.5,-43.45116
1178281718.75,-43.44655
1178281875.0,-43.42678
1178282031.25,-43.43486
1178282187.5,-43.43073
1178282343.75,-43.46953
1178282500.0,-43.45089
1178282656.25,-43.45383
1178282812.5,-43.44905
1178282968.75,-43.43339
1178283125.0,-43.43369
1178283281.25,-43.44994
1178283437.5,-43.42738
1178283593.75,-43.43477
1178283750.0,-43.40717
1178283906.25,-43.42004
1178284062.5,-43.42696
1178284218.75,-43.44873
1178284375.0,-43.41459
1178284531.25,-43.42945
1178284687.5,-43.43416
1178284843.75,-43.43233
1178285000.0,-43.40091
1178285156.25,-43.43164
1178285312.5,-43.4474
1178285468.75,-43.43935
1178285625.0,-43.40494
1178285781.25,-43.42076
1178285937.5,-43.41061
1178286093.75,-43.42304
1178286250.0,-43.47148
1178286406.25,-43.41109
1178286562.5,-43.45609
1178286718.75,-43.42533
1178286875.0,-43.43466
1178287031.25,-43.44829
1178287187.5,-43.44217
1178287343.75,-43.38463
1178287500.0,-43.4174
1178287656.25,-43.4017
1178287812.5,-43.43518
1178287968.75,-43.41467
1178288125.0,-43.43284
1178288281.25,-43.41673
1178288437.5,-43.4346
1178288593.75,-43.42648
1178288750.0,-43.4302
1178288906.25,-43.4319
1178289062.5,-43.4356
1178289218.75,-43.4052
1178289375.0,-43.41372
1178289531.25,-43.4213
1178289687.5,-43.40033
1178289843.75,-43.39464
1178290000.0,-43.41413
1178290156.25,-43.41834
1178290312.5,-43.43578
1178290468.75,-43.4142
1178290625.0,-43.41124
1178290781.25,-43.39751
1178290937.5,-43.43446
1178291093.75,-43.40009
1178291250.0,-43.39859
1178291406.25,-43.39353
1178291562.5,-43.41623
1178291718.75,-43.40459
1178291875.0,-43.41688
1178292031.25,-43.399
1178292187.5,-43.42834
1178292343.75,-43.41
1178292500.0,-43.4263
1178292656.25,-43.41807
1178292812.5,-43.42405
1178292968.75,-43.40331
1178293125.0,-43.41981
1178293281.25,-43.37347
1178293437.5,-43.41557
1178293593.75,-43.40173
1178293750.0,-43.41949
1178293906.25,-43.39937
1178294062.5,-43.43185
1178294218.75,-43.40557
1178294375.0,-43.40505
1178294531.25,-43.39119
1178294687.5,-43.39356
1178294843.75,-43.39806
1178295000.0,-43.4209
1178295156.25,-43.40494
1178295312.5,-43.41147
1178295468.75,-43.39417
1178295625.0,-43.36359
1178295781.25,-43.40981
1178295937.5,-43.40253
1178296093.75,-43.39936
1178296250.0,-43.42524
1178296406.25,-43.38843
1178296562.5,-43.39596
1178296718.75,-43.43181
1178296875.0,-43.39659
1178297031.25,-43.37114
1178297187.5,-43.38657
1178297343.75,-43.37706
1178297500.0,-43.38934
1178297656.25,-43.39943
1178297812.5,-43.3785
1178297968.75,-43.3832
1178298125.0,-43.37519
1178298281.25,-43.38738
1178298437.5,-43.38718
1178298593.75,-43.38421
1178298750.0,-43.36771
1178298906.25,-43.37305
1178299062.5,-43.37845
1178299218.75,-43.37762
1178299375.0,-43.38824
1178299531.25,-43.39973
1178299687.5,-43.38573
1178299843.75,-43.36399
1178300000.0,-43.40486
1178300156.25,-43.39357
1178300312.5,-43.38189
1178300468.75,-43.37569
1178300625.0,-43.38341
1178300781.25,-43.37081
1178300937.5,-43.4055
1178301093.75,-43.41349
1178301250.0,-43.39463
1178301406.25,-43.38355
1178301562.5,-43.39357
1178301718.75,-43.37723
1178301875.0,-43.36143
1178302031.25,-43.37684
1178302187.5,-43.37075
1178302343.75,-43.3878
1178302500.0,-43.36324
1178302656.25,-43.36697
1178302812.5,-43.38336
1178302968.75,-43.36395
1178303125.0,-43.37086
1178303281.25,-43.37039
1178303437.5,-43.36324
1178303593.75,-43.36676
1178303750.0,-43.36935
1178303906.25,-43.35853
1178304062.5,-43.40796
1178304218.75,-43.39407
1178304375.0,-43.36638
1178304531.25,-43.35559
1178304687.5,-43.3723
1178304843.75,-43.38066
1178305000.0,-43.37296
1178305156.25,-43.36042
1178305312.5,-43.37936
1178305468.75,-43.3917
1178305625.0,-43.3838
1178305781.25,-43.3832
1178305937.5,-43.38789
1178306093.75,-43.36779
1178306250.0,-43.35739
1178306406.25,-43.34455
1178306562.5,-43.3529
1178306718.75,-43.37988
1178306875.0,-43.36506
1178307031.25,-43.36651
1178307187.5,-43.37169
1178307343.75,-43.38759
1178307500.0,-43.36361
1178307656.25,-43.37465
1178307812.5,-43.35783
1178307968.75,-43.38457
1178308125.0,-43.34169
1178308281.25,-43.36787
1178308437.5,-43.34932
1178308593.75,-43.3283
1178308750.0,-43.35601
1178308906.25,-43.37286
1178309062.5,-43.35812
1178309218.75,-43.36807
1178309375.0,-43.35176
1178309531.25,-43.37731
1178309687.5,-43.35053
1178309843.75,-43.35621
1178310000.0,-43.34237
1178310156.25,-43.35826
1178310312.5,-43.34159
1178310468.75,-43.35964
1178310625.0,-43.33372
1178310781.25,-43.3857
1178310937.5,-43.35069
1178311093.75,-43.36021
1178311250.0,-43.36089
1178311406.25,-43.35008
1178311562.5,-43.32741
1178311718.75,-43.3787
1178311875.0,-43.36609
1178312031.25,-43.34374
1178312187.5,-43.35845
1178312343.75,-43.37386
1178312500.0,-43.33131
1178312656.25,-43.35244
1178312812.5,-43.34678
1178312968.75,-43.34323
1178313125.0,-43.34359
1178313281.25,-43.36169
1178313437.5,-43.34499
1178313593.75,-43.34408
1178313750.0,-43.33538
1178313906.25,-43.36626
1178314062.5,-43.32258
1178314218.75,-43.33207
1178314375.0,-43.33719
1178314531.25,-43.33691
1178314687.5,-43.33975
1178314843.75,-43.34279
1178315000.0,-43.34538
1178315156.25,-43.34454
1178315312.5,-43.32018
1178315468.75,-43.35059
1178315625.0,-43.33667
1178315781.25,-43.33883
1178315937.5,-43.3385
1178316093.75,-43.32117
1178316250.0,-43.32814
1178316406.25,-43.34817
1178316562.5,-43.34666
1178316718.75,-43.33835
1178316875.0,-43.32455
1178317031.25,-43.34006
1178317187.5,-43.32498
1178317343.75,-43.34364
1178317500.0,-43.36908
1178317656.25,-43.32092
1178317812.5,-43.3255
1178317968.75,-43.31985
1178318125.0,-43.34502
1178318281.25,-43.33315
1178318437.5,-43.34896
1178318593.75,-43.32709
1178318750.0,-43.32073
1178318906.25,-43.31684
1178319062.5,-43.32743
1178319218.75,-43.33224
1178319375.0,-43.30785
1178319531.25,-43.35076
1178319687.5,-43.32093
1178319843.75,-43.33844
1178320000.0,-43.30606
1178320156.25,-43.34117
1178320312.5,-43.35929
1178320468.75,-43.32029
1178320625.0,-43.3087
1178320781.25,-43.34275
1178320937.5,-43.31899
1178321093.75,-43.33764
1178321250.0,-43.3488
1178321406.25,-43.30913
1178321562.5,-43.31675
1178321718.75,-43.32418
1178321875.0,-43.31855
1178322031.25,-43.33051
1178322187.5,-43.32156
1178322343.75,-43.31251
1178322500.0,-43.31829
1178322656.25,-43.32012
1178322812.5,-43.34225
1178322968.75,-43.34939
1178323125.0,-43.3336
1178323281.25,-43.32211
1178323437.5,-43.28889
1178323593.75,-43.3125
1178323750.0,-43.30902
1178323906.25,-43.32427
1178324062.5,-43.31585
1178324218.75,-43.30029
1178324375.0,-43.30903
1178324531.25,-43.30519
1178324687.5,-43.30248
1178324843.75,-43.29496
1178325000.0,-43.2957
1178325156.25,-43.3
1178325312.5,-43.32083
1178325468.75,-43.33562
1178325625.0,-43.31181
1178325781.25,-43.31694
1178325937.5,-43.2999
1178326093.75,-43.32829
1178326250.0,-43.32362
1178326406.25,-43.3025
1178326562.5,-43.29649
1178326718.75,-43.28568
1178326875.0,-43.32328
1178327031.25,-43.29473
1178327187.5,-43.3217
1178327343.75,-43.28027
1178327500.0,-43.29619
1178327656.25,-43.28474
1178327812.5,-43.30751
1178327968.75,-43.3023
1178328125.0,-43.3117
1178328281.25,-43.28395
1178328437.5,-43.30047
1178328593.75,-43.30514
1178328750.0,-43.31312
1178328906.25,-43.32611
1178329062.5,-43.29672
1178329218.75,-43.30373
1178329375.0,-43.30631
1178329531.25,-43.32681
1178329687.5,-43.29669
1178329843.75,-43.31
1178330000.0,-43.29824
1178330156.25,-43.30222
1178330312.5,-43.2941
1178330468.75,-43.30496
1178330625.0,-43.279
1178330781.25,-43.2909
1178330937.5,-43.28617
1178331093.75,-43.28811
1178331250.0,-43.33299
1178331406.25,-43.30186
1178331562.5,-43.30124
1178331718.75,-43.31015
1178331875.0,-43.30019
1178332031.25,-43.306
1178332187.5,-43.272
1178332343.75,-43.29328
1178332500.0,-43.29567
1178332656.25,-43.2885
1178332812.5,-43.27768
1178332968.75,-43.2854
1178333125.0,-43.30429
1178333281.25,-43.2934
1178333437.5,-43.3035
1178333593.75,-43.29169
1178333750.0,-43.2686
1178333906.25,-43.30958
1178334062.5,-43.31867
1178334218.75,-43.28381
1178334375.0,-43.2746
1178334531.25,-43.2967
1178334687.5,-43.29039
1178334843.75,-43.28025
1178335000.0,-43.26394
1178335156.25,-43.29111
1178335312.5,-43.28965
1178335468.75,-43.31009
1178335625.0,-43.27708
1178335781.25,-43.28687
1178335937.5,-43.2887
1178336093.75,-43.24715
1178336250.0,-43.30792
1178336406.25,-43.26482
1178336562.5,-43.29297
1178336718.75,-43.28244
1178336875.0,-43.29432
1178337031.25,-43.28547
1178337187.5,-43.26351
1178337343.75,-43.26001
1178337500.0,-43.27295
1178337656.25,-43.27311
1178337812.5,-43.26282
1178337968.75,-43.27061
1178338125.0,-43.27437
1178338281.25,-43.309
1178338437.5,-43.28305
1178338593.75,-43.26711
1178338750.0,-43.2779
1178338906.25,-43.27595
1178339062.5,-43.28683
1178339218.75,-43.28895
1178339375.0,-43.30189
1178339531.25,-43.29823
1178339687.5,-43.27137
1178339843.75,-43.25351
1178340000.0,-43.25967
1178340156.25,-43.27024
1178340312.5,-43.29297
1178340468.75,-43.27848
1178340625.0,-43.26148
1178340781.25,-43.26457
1178340937.5,-43.2894
1178341093.75,-43.2651
1178341250.0,-43.25225
1178341406.25,-43.28696
1178341562.5,-43.25531
1178341718.75,-43.2773
1178341875.0,-43.25813
1178342031.25,-43.25221
1178342187.5,-43.24337
1178342343.75,-43.27869
1178342500.0,-43.25884
1178342656.25,-43.25585
1178342812.5,-43.28185
1178342968.75,-43.26345
1178343125.0,-43.25168
1178343281.25,-43.28298
1178343437.5,-43.28021
1178343593.75,-43.25994
1178343750.0,-43.26468
1178343906.25,-43.25427
1178344062.5,-43.24971
1178344218.75,-43.25653
1178344375.0,-43.27299
1178344531.25,-43.24159
1178344687.5,-43.24554
1178344843.75,-43.27467
1178345000.0,-43.26537
1178345156.25,-43.25997
1178345312.5,-43.24396
1178345468.75,-43.26989
1178345625.0,-43.23238
1178345781.25,-43.25325
1178345937.5,-43.22797
1178346093.75,-43.22224
1178346250.0,-43.25185
1178346406.25,-43.24774
1178346562.5,-43.25428
1178346718.75,-43.2493
1178346875.0,-43.26512
1178347031.25,-43.2406
1178347187.5,-43.27171
1178347343.75,-43.24523
1178347500.0,-43.25838
1178347656.25,-43.25727
1178347812.5,-43.24565
1178347968.75,-43.25167
1178348125.0,-43.23669
1178348281.25,-43.26477
1178348437.5,-43.23023
1178348593.75,-43.25639
1178348750.0,-43.25237
1178348906.25,-43.23336
1178349062.5,-43.24537
1178349218.75,-43.25824
1178349375.0,-43.26612
1178349531.25,-43.25927
1178349687.5,-43.24877
1178349843.75,-43.23338
1178350000.0,-43.27773
1178350156.25,-43.233
1178350312.5,-43.24472
1178350468.75,-43.23764
1178350625.0,-43.25882
1178350781.25,-43.23802
1178350937.5,-43.23063
1178351093.75,-43.25792
1178351250.0,-43.23922
1178351406.25,-43.23436
1178351562.5,-43.24496
1178351718.75,-43.21161
1178351875.0,-43.23219
1178352031.25,-43.24771
1178352187.5,-43.2509
1178352343.75,-43.25015
1178352500.0,-43.23333
1178352656.25,-43.26146
1178352812.5,-43.23079
1178352968.75,-43.23974
1178353125.0,-43.26543
1178353281.25,-43.22343
1178353437.5,-43.25045
1178353593.75,-43.23217
1178353750.0,-43.2408
1178353906.25,-43.25441
1178354062.5,-43.22867
1178354218.75,-43.2233
1178354375.0,-43.20849
1178354531.25,-43.22842
1178354687.5,-43.22999
1178354843.75,-43.24873
1178355000.0,-43.19955
1178355156.25,-43.20855
1178355312.5,-43.25463
1178355468.75,-43.22302
1178355625.0,-43.24129
1178355781.25,-43.21067
1178355937.5,-43.23548
1178356093.75,-43.21125
1178356250.0,-43.24032
1178356406.25,-43.21814
1178356562.5,-43.21698
1178356718.75,-43.21078
1178356875.0,-43.22974
1178357031.25,-43.21044
1178357187.5,-43.21874
1178357343.75,-43.21165
1178357500.0,-43.22098
1178357656.25,-43.22245
1178357812.5,-43.24353
1178357968.75,-43.23399
1178358125.0,-43.21905
1178358281.25,-43.20584
1178358437.5,-43.19054
1178358593.75,-43.23768
1178358750.0,-43.22743
1178358906.25,-43.22243
1178359062.5,-43.19352
1178359218.75,-43.23717
1178359375.0,-43.23022
1178359531.25,-43.2076
1178359687.5,-43.20964
1178359843.75,-43.19612
1178360000.0,-43.1971
1178360156.25,-43.20212
1178360312.5,-43.20585
1178360468.75,-43.2015
1178360625.0,-43.20385
1178360781.25,-43.19766
1178360937.5,-43.21187
1178361093.75,-43.22559
1178361250.0,-43.17749
1178361406.25,-43.20959
1178361562.5,-43.1986
1178361718.75,-43.2043
1178361875.0,-43.2032
1178362031.25,-43.22185
1178362187.5,-43.19818
1178362343.75,-43.19459
1178362500.0,-43.21466
1178362656.25,-43.19085
1178362812.5,-43.21751
1178362968.75,-43.20378
1178363125.0,-43.2048
1178363281.25,-43.19126
1178363437.5,-43.17439
1178363593.75,-43.20342
1178363750.0,-43.21254
1178363906.25,-43.20967
1178364062.5,-43.22623
1178364218.75,-43.18539
1178364375.0,-43.18681
1178364531.25,-43.22039
1178364687.5,-43.21881
1178364843.75,-43.18215
1178365000.0,-43.20065
1178365156.25,-43.21899
1178365312.5,-43.18858
1178365468.75,-43.21645
1178365625.0,-43.17117
1178365781.25,-43.19278
1178365937.5,-43.19759
1178366093.75,-43.19941
1178366250.0,-43.18891
1178366406.25,-43.19593
1178366562.5,-43.21026
1178366718.75,-43.18892
1178366875.0,-43.17035
1178367031.25,-43.19498
1178367187.5,-43.21074
1178367343.75,-43.21685
1178367500.0,-43.1755
1178367656.25,-43.1875
1178367812.5,-43.18466
1178367968.75,-43.17282
1178368125.0,-43.20967
1178368281.25,-43.18989
1178368437.5,-43.16255
1178368593.75,-43.20263
1178368750.0,-43.16891
1178368906.25,-43.18531
1178369062.5,-43.18458
1178369218.75,-43.17432
1178369375.0,-43.18769
1178369531.25,-43.17193
1178369687.5,-43.17831
1178369843.75,-43.186
1178370000.0,-43.19583
1178370156.25,-43.19069
1178370312.5,-43.18145
1178370468.75,-43.19645
1178370625.0,-43.1758
1178370781.25,-43.19657
1178370937.5,-43.18792
1178371093.75,-43.17991
1178371250.0,-43.20638
1178371406.25,-43.17461
1178371562.5,-43.19891
1178371718.75,-43.15247
1178371875.0,-43.20584
1178372031.25,-43.15434
1178372187.5,-43.198
1178372343.75,-43.16157
1178372500.0,-43.17358
1178372656.25,-43.15462
1178372812.5,-43.17672
1178372968.75,-43.18736
1178373125.0,-43.17668
1178373281.25,-43.17163
1178373437.5,-43.18405
1178373593.75,-43.16196
1178373750.0,-43.1818
1178373906.25,-43.18064
1178374062.5,-43.15944
1178374218.75,-43.17504
1178374375.0,-43.15436
1178374531.25,-43.15334
1178374687.5,-43.1563
1178374843.75,-43.16975
1178375000.0,-43.15291
1178375156.25,-43.15302
1178375312.5,-43.17163
1178375468.75,-43.16005
1178375625.0,-43.17543
1178375781.25,-43.16611
1178375937.5,-43.16409
1178376093.75,-43.15786
1178376250.0,-43.16245
1178376406.25,-43.15363
1178376562.5,-43.16193
1178376718.75,-43.17874
1178376875.0,-43.18169
1178377031.25,-43.16398
1178377187.5,-43.1586
1178377343.75,-43.15981
1178377500.0,-43.14862
1178377656.25,-43.16135
1178377812.5,-43.16034
1178377968.75,-43.15528
1178378125.0,-43.17886
1178378281.25,-43.15288
1178378437.5,-43.1676
1178378593.75,-43.17946
1178378750.0,-43.16926
1178378906.25,-43.15158
1178379062.5,-43.14756
1178379218.75,-43.15199
1178379375.0,-43.15988
1178379531.25,-43.15366
1178379687.5,-43.12704
1178379843.75,-43.15473
1178380000.0,-43.15465
1178380156.25,-43.15329
1178380312.5,-43.1518
1178380468.75,-43.15337
1178380625.0,-43.15586
1178380781.25,-43.16732
1178380937.5,-43.14756
1178381093.75,-43.1678
1178381250.0,-43.1417
1178381406.25,-43.14631
1178381562.5,-43.1339
1178381718.75,-43.12922
1178381875.0,-43.11791
1178382031.25,-43.16133
1178382187.5,-43.15034
1178382343.75,-43.14208
1178382500.0,-43.13917
1178382656.25,-43.13536
1178382812.5,-43.19167
1178382968.75,-43.14044
1178383125.0,-43.15067
1178383281.25,-43.12773
1178383437.5,-43.13504
1178383593.75,-43.16007
1178383750.0,-43.14623
1178383906.25,-43.14338
1178384062.5,-43.14893
1178384218.75,-43.13453
1178384375.0,-43.15583
1178384531.25,-43.13232
1178384687.5,-43.13585
1178384843.75,-43.1447
1178385000.0,-43.16384
1178385156.25,-43.15116
1178385312.5,-43.14201
1178385468.75,-43.13795
1178385625.0,-43.13964
1178385781.25,-43.12589
1178385937.5,-43.14391
1178386093.75,-43.11599
1178386250.0,-43.13395
1178386406.25,-43.16058
1178386562.5,-43.12314
1178386718.75,-43.14056
1178386875.0,-43.13207
1178387031.25,-43.14086
1178387187.5,-43.13847
1178387343.75,-43.13252
1178387500.0,-43.13203
1178387656.25,-43.14518
1178387812.5,-43.14381
1178387968.75,-43.13016
1178388125.0,-43.13451
1178388281.25,-43.14166
1178388437.5,-43.14499
1178388593.75,-43.12771
1178388750.0,-43.11965
1178388906.25,-43.13457
1178389062.5,-43.12888
1178389218.75,-43.13681
1178389375.0,-43.14047
1178389531.25,-43.1286
1178389687.5,-43.13743
1178389843.75,-43.1314
1178390000.0,-43.10863
1178390156.25,-43.13395
1178390312.5,-43.14618
1178390468.75,-43.13117
1178390625.0,-43.12157
1178390781.25,-43.12098
1178390937.5,-43.12054
1178391093.75,-43.11743
1178391250.0,-43.12112
1178391406.25,-43.09853
1178391562.5,-43.13505
1178391718.75,-43.10007
1178391875.0,-43.09089
1178392031.25,-43.10361
1178392187.5,-43.11494
1178392343.75,-43.11414
1178392500.0,-43.12487
1178392656.25,-43.1601
1178392812.5,-43.1305
1178392968.75,-43.13105
1178393125.0,-43.10605
1178393281.25,-43.1144
1178393437.5,-43.12448
1178393593.75,-43.12501
1178393750.0,-43.12831
1178393906.25,-43.11613
1178394062.5,-43.10428
1178394218.75,-43.11602
1178394375.0,-43.10136
1178394531.25,-43.13223
1178394687.5,-43.10814
1178394843.75,-43.11121
1178395000.0,-43.11185
1178395156.25,-43.1305
1178395312.5,-43.10847
1178395468.75,-43.12406
1178395625.0,-43.12046
1178395781.25,-43.08525
1178395937.5,-43.11566
1178396093.75,-43.09682
1178396250.0,-43.08638
1178396406.25,-43.11523
1178396562.5,-43.09264
1178396718.75,-43.099
1178396875.0,-43.08769
1178397031.25,-43.10252
1178397187.5,-43.11913
1178397343.75,-43.12201
1178397500.0,-43.10761
1178397656.25,-43.13343
1178397812.5,-43.10144
1178397968.75,-43.08305
1178398125.0,-43.10184
1178398281.25,-43.10503
1178398437.5,-43.09007
1178398593.75,-43.10488
1178398750.0,-43.08295
1178398906.25,-43.10484
1178399062.5,-43.11818
1178399218.75,-43.09025
1178399375.0,-43.09662
1178399531.25,-43.08259
1178399687.5,-43.10537
1178399843.75,-43.0734
1178400000.0,-43.09254
1178400156.25,-43.09104
1178400312.5,-43.09451
1178400468.75,-43.1192
1178400625.0,-43.07854
1178400781.25,-43.09876
1178400937.5,-43.10601
1178401093.75,-43.10036
1178401250.0,-43.08543
1178401406.25,-43.09859
1178401562.5,-43.10931
1178401718.75,-43.10154
1178401875.0,-43.09409
1178402031.25,-43.09727
1178402187.5,-43.12262
1178402343.75,-43.07998
1178402500.0,-43.08006
1178402656.25,-43.0858
1178402812.5,-43.09225
1178402968.75,-43.06504
1178403125.0,-43.09589
1178403281.25,-43.07768
1178403437.5,-43.08252
1178403593.75,-43.09618
1178403750.0,-43.09806
1178403906.25,-43.0836
1178404062.5,-43.09536
1178404218.75,-43.07718
1178404375.0,-43.0689
1178404531.25,-43.07899
1178404687.5,-43.09134
1178404843.75,-43.07133
1178405000.0,-43.08556
1178405156.25,-43.07805
1178405312.5,-43.0655
1178405468.75,-43.05396
1178405625.0,-43.08083
1178405781.25,-43.08377
1178405937.5,-43.09207
1178406093.75,-43.08088
1178406250.0,-43.06902
1178406406.25,-43.09229
1178406562.5,-43.08063
1178406718.75,-43.05904
1178406875.0,-43.11127
1178407031.25,-43.07498
1178407187.5,-43.07771
1178407343.75,-43.08398
1178407500.0,-43.05095
1178407656.25,-43.0724
1178407812.5,-43.06169
1178407968.75,-43.05758
1178408125.0,-43.05691
1178408281.25,-43.05199
1178408437.5,-43.07487
1178408593.75,-43.07603
1178408750.0,-43.06931
1178408906.25,-43.07176
1178409062.5,-43.04319
1178409218.75,-43.09019
1178409375.0,-43.05667
1178409531.25,-43.06395
1178409687.5,-43.0448
1178409843.75,-43.07874
1178410000.0,-43.0542
1178410156.25,-43.06194
1178410312.5,-43.05501
1178410468.75,-43.0705
1178410625.0,-43.05237
1178410781.25,-43.04661
1178410937.5,-43.07615
1178411093.75,-43.06779
1178411250.0,-43.0675
1178411406.25,-43.05648
1178411562.5,-43.05233
1178411718.75,-43.0579
1178411875.0,-43.03337
1178412031.25,-43.06944
1178412187.5,-43.06033
1178412343.75,-43.03951
1178412500.0,-43.05327
1178412656.25,-43.05399
1178412812.5,-43.05257
1178412968.75,-43.04604
1178413125.0,-43.04222
1178413281.25,-43.06594
1178413437.5,-43.07018
1178413593.75,-43.03531
1178413750.0,-43.03592
1178413906.25,-43.05097
1178414062.5,-43.05523
1178414218.75,-43.05264
1178414375.0,-43.05816
1178414531.25,-43.07217
1178414687.5,-43.06311
1178414843.75,-43.03262
1178415000.0,-43.05335
1178415156.25,-43.03952
1178415312.5,-43.05446
1178415468.75,-43.0626
1178415625.0,-43.06361
1178415781.25,-43.04683
1178415937.5,-43.06401
1178416093.75,-43.01757
1178416250.0,-43.06295
1178416406.25,-43.01105
1178416562.5,-43.03315
1178416718.75,-43.04215
1178416875.0,-43.0454
1178417031.25,-43.05259
1178417187.5,-43.05006
1178417343.75,-43.03386
1178417500.0,-43.04627
1178417656.25,-43.05251
1178417812.5,-43.02853
1178417968.75,-43.07208
1178418125.0,-43.06767
1178418281.25,-43.04804
1178418437.5,-43.06513
1178418593.75,-43.0567
1178418750.0,-43.04669
1178418906.25,-43.03468
1178419062.5,-43.02123
1178419218.75,-43.03318
1178419375.0,-43.0334
1178419531.25,-43.04049
1178419687.5,-43.04203
1178419843.75,-43.04823
1178420000.0,-43.04329
1178420156.25,-43.05433
1178420312.5,-43.04996
1178420468.75,-43.03997
1178420625.0,-43.04607
1178420781.25,-43.03271
1178420937.5,-43.05504
1178421093.75,-43.04247
1178421250.0,-43.04952
1178421406.25,-43.02478
1178421562.5,-43.03981
1178421718.75,-43.02925
1178421875.0,-43.02708
1178422031.25,-43.02669
1178422187.5,-43.00959
1178422343.75,-43.04357
1178422500.0,-43.02511
1178422656.25,-42.99881
1178422812.5,-43.02893
1178422968.75,-43.02552
1178423125.0,-43.02076
1178423281.25,-43.04137
1178423437.5,-43.0448
1178423593.75,-43.033
1178423750.0,-43.03069
1178423906.25,-43.03547
1178424062.5,-43.01034
1178424218.75,-43.03082
1178424375.0,-43.02112
1178424531.25,-43.03185
1178424687.5,-43.0152
1178424843.75,-43.02174
1178425000.0,-43.02831
1178425156.25,-43.02097
1178425312.5,-43.04782
1178425468.75,-43.02534
1178425625.0,-43.02888
1178425781.25,-43.01655
1178425937.5,-43.03745
1178426093.75,-42.99601
1178426250.0,-43.00602
1178426406.25,-43.01891
1178426562.5,-42.98708
1178426718.75,-43.01917
1178426875.0,-43.00838
1178427031.25,-43.01566
1178427187.5,-43.037
1178427343.75,-42.99727
1178427500.0,-43.01884
1178427656.25,-43.01344
1178427812.5,-43.00069
1178427968.75,-43.00803
1178428125.0,-43.00652
1178428281.25,-42.98778
1178428437.5,-43.00417
1178428593.75,-42.99702
1178428750.0,-43.01849
1178428906.25,-43.01335
1178429062.5,-42.99651
1178429218.75,-43.00794
1178429375.0,-42.98786
1178429531.25,-43.0061
1178429687.5,-42.9952
1178429843.75,-42.99176
1178430000.0,-43.01089
1178430156.25,-43.02317
1178430312.5,-42.99078
1178430468.75,-43.0031
1178430625.0,-42.97491
1178430781.25,-43.00624
1178430937.5,-42.99423
1178431093.75,-43.02895
1178431250.0,-43.00923
1178431406.25,-43.00517
1178431562.5,-42.99875
1178431718.75,-43.01384
1178431875.0,-42.9985
1178432031.25,-42.99905
1178432187.5,-42.98208
1178432343.75,-42.98169
1178432500.0,-43.00655
1178432656.25,-42.99585
1178432812.5,-42.983
1178432968.75,-43.00619
1178433125.0,-43.00255
1178433281.25,-43.00051
1178433437.5,-42.98312
1178433593.75,-42.99977
1178433750.0,-43.00188
1178433906.25,-42.99784
1178434062.5,-42.97296
1178434218.75,-42.99507
1178434375.0,-42.99025
1178434531.25,-42.99424
1178434687.5,-42.9908
1178434843.75,-42.99957
1178435000.0,-42.98276
1178435156.25,-42.99571
1178435312.5,-42.98026
1178435468.75,-42.98814
1178435625.0,-42.97723
1178435781.25,-43.00208
1178435937.5,-42.98555
1178436093.75,-42.97102
1178436250.0,-42.99122
1178436406.25,-42.96569
1178436562.5,-42.95296
1178436718.75,-42.97364
1178436875.0,-42.9833
1178437031.25,-42.95607
1178437187.5,-43.01834
1178437343.75,-42.99372
1178437500.0,-42.99045
1178437656.25,-42.95319
1178437812.5,-42.9628
1178437968.75,-42.96883
1178438125.0,-42.98071
1178438281.25,-42.96094
1178438437.5,-42.95479
1178438593.75,-42.9946
1178438750.0,-42.97263
1178438906.25,-43.00599
1178439062.5,-42.96434
1178439218.75,-42.98785
1178439375.0,-42.98763
1178439531.25,-42.96264
1178439687.5,-42.98245
1178439843.75,-42.9847
1178440000.0,-42.98738
1178440156.25,-42.95712
1178440312.5,-42.95682
1178440468.75,-42.97456
1178440625.0,-42.99202
1178440781.25,-42.96759
1178440937.5,-42.95338
1178441093.75,-42.98481
1178441250.0,-42.96693
1178441406.25,-42.96232
1178441562.5,-42.95398
1178441718.75,-42.96516
1178441875.0,-42.98432
1178442031.25,-42.99372
1178442187.5,-42.97705
1178442343.75,-42.98479
1178442500.0,-42.97288
1178442656.25,-42.98197
1178442812.5,-42.98757
1178442968.75,-42.97309
1178443125.0,-42.93364
1178443281.25,-42.97363
1178443437.5,-42.96915
1178443593.75,-42.96844
1178443750.0,-42.9627
1178443906.25,-42.96653
1178444062.5,-42.96754
1178444218.75,-42.94129
1178444375.0,-42.94479
1178444531.25,-42.94864
1178444687.5,-42.97128
1178444843.75,-42.95698
1178445000.0,-42.97057
1178445156.25,-42.97045
1178445312.5,-42.96083
1178445468.75,-42.94414
1178445625.0,-42.96039
1178445781.25,-42.96498
1178445937.5,-42.9607
1178446093.75,-42.95375
1178446250.0,-42.97668
1178446406.25,-42.94952
1178446562.5,-42.94808
1178446718.75,-42.95631
1178446875.0,-42.95768
1178447031.25,-42.98229
1178447187.5,-42.957
1178447343.75,-42.94847
1178447500.0,-42.94971
1178447656.25,-42.96714
1178447812.5,-42.94193
1178447968.75,-42.94895
1178448125.0,-42.94982
1178448281.25,-42.94917
1178448437.5,-42.92233
1178448593.75,-42.95004
1178448750.0,-42.97113
1178448906.25,-42.96344
1178449062.5,-42.93869
1178449218.75,-42.96859
1178449375.0,-42.95558
1178449531.25,-42.96402
1178449687.5,-42.95434
1178449843.75,-42.94349
1178450000.0,-42.9528
1178450156.25,-42.96262
1178450312.5,-42.93021
1178450468.75,-42.94162
1178450625.0,-42.95571
1178450781.25,-42.92947
1178450937.5,-42.93555
1178451093.75,-42.92396
1178451250.0,-42.95797
1178451406.25,-42.92165
1178451562.5,-42.95871
1178451718.75,-42.9427
1178451875.0,-42.94733
1178452031.25,-42.91398
1178452187.5,-42.93137
1178452343.75,-42.92484
1178452500.0,-42.94859
1178452656.25,-42.93924
1178452812.5,-42.94796
1178452968.75,-42.93462
1178453125.0,-42.94364
1178453281.25,-42.94892
1178453437.5,-42.9607
1178453593.75,-42.96356
1178453750.0,-42.938
1178453906.25,-42.93115
1178454062.5,-42.93007
1178454218.75,-42.94333
1178454375.0,-42.93963
1178454531.25,-42.91458
1178454687.5,-42.96766
1178454843.75,-42.94087
1178455000.0,-42.93607
1178455156.25,-42.93729
1178455312.5,-42.90426
1178455468.75,-42.88597
1178455625.0,-42.91174
1178455781.25,-42.91787
1178455937.5,-42.90817
1178456093.75,-42.93992
1178456250.0,-42.94925
1178456406.25,-42.94904
1178456562.5,-42.92974
1178456718.75,-42.93938
1178456875.0,-42.93624
1178457031.25,-42.93691
1178457187.5,-42.91549
1178457343.75,-42.92318
1178457500.0,-42.91637
1178457656.25,-42.91671
1178457812.5,-42.92955
1178457968.75,-42.92725
1178458125.0,-42.93083
1178458281.25,-42.9281
1178458437.5,-42.93337
1178458593.75,-42.94111
1178458750.0,-42.94819
1178458906.25,-42.91989
1178459062.5,-42.91444
1178459218.75,-42.90815
1178459375.0,-42.8884
1178459531.25,-42.92264
1178459687.5,-42.93408
1178459843.75,-42.90428
1178460000.0,-42.91004
1178460156.25,-42.91273
1178460312.5,-42.93061
1178460468.75,-42.91434
1178460625.0,-42.91502
1178460781.25,-42.91222
1178460937.5,-42.90986
1178461093.75,-42.93155
1178461250.0,-42.92347
1178461406.25,-42.90332
1178461562.5,-42.92163
1178461718.75,-42.89849
1178461875.0,-42.8927
1178462031.25,-42.92267
1178462187.5,-42.91431
1178462343.75,-42.91483
1178462500.0,-42.88968
1178462656.25,-42.92388
1178462812.5,-42.9076
1178462968.75,-42.90775
1178463125.0,-42.885
1178463281.25,-42.91095
1178463437.5,-42.90271
1178463593.75,-42.93085
1178463750.0,-42.90812
1178463906.25,-42.90372
1178464062.5,-42.89011
1178464218.75,-42.89721
1178464375.0,-42.87962
1178464531.25,-42.92352
1178464687.5,-42.90175
1178464843.75,-42.89389
1178465000.0,-42.90622
1178465156.25,-42.9149
1178465312.5,-42.91812
1178465468.75,-42.8949
1178465625.0,-42.89025
1178465781.25,-42.89465
1178465937.5,-42.88684
1178466093.75,-42.90514
1178466250.0,-42.87808
1178466406.25,-42.86822
1178466562.5,-42.8931
1178466718.75,-42.92184
1178466875.0,-42.90149
1178467031.25,-42.87142
1178467187.5,-42.89884
1178467343.75,-42.91001
1178467500.0,-42.87951
1178467656.25,-42.90506
1178467812.5,-42.90183
1178467968.75,-42.87406
1178468125.0,-42.88529
1178468281.25,-42.89138
1178468437.5,-42.89197
1178468593.75,-42.91551
1178468750.0,-42.91025
1178468906.25,-42.88559
1178469062.5,-42.87867
1178469218.75,-42.8885
1178469375.0,-42.88168
1178469531.25,-42.89252
1178469687.5,-42.88741
1178469843.75,-42.85676
1178470000.0,-42.88739
1178470156.25,-42.88284
1178470312.5,-42.90268
1178470468.75,-42.89354
1178470625.0,-42.88737
1178470781.25,-42.8853
1178470937.5,-42.88276
1178471093.75,-42.86781
1178471250.0,-42.89247
1178471406.25,-42.89755
1178471562.5,-42.86367
1178471718.75,-42.87714
1178471875.0,-42.85768
1178472031.25,-42.8782
1178472187.5,-42.89288
1178472343.75,-42.86784
1178472500.0,-42.8536
1178472656.25,-42.86655
1178472812.5,-42.86821
1178472968.75,-42.89257
1178473125.0,-42.87595
1178473281.25,-42.88807
1178473437.5,-42.84182
1178473593.75,-42.89002
1178473750.0,-42.86391
1178473906.25,-42.84833
1178474062.5,-42.87806
1178474218.75,-42.86794
1178474375.0,-42.87872
1178474531.25,-42.8926
1178474687.5,-42.871
1178474843.75,-42.85981
1178475000.0,-42.87119
1178475156.25,-42.87242
1178475312.5,-42.88644
1178475468.75,-42.86179
1178475625.0,-42.87202
1178475781.25,-42.86686
1178475937.5,-42.87738
1178476093.75,-42.86359
1178476250.0,-42.85488
1178476406.25,-42.86964
1178476562.5,-42.86046
1178476718.75,-42.85
1178476875.0,-42.84182
1178477031.25,-42.86307
1178477187.5,-42.8475
1178477343.75,-42.86756
1178477500.0,-42.8474
1178477656.25,-42.84735
1178477812.5,-42.85898
1178477968.75,-42.88368
1178478125.0,-42.87061
1178478281.25,-42.87136
1178478437.5,-42.87357
1178478593.75,-42.84937
1178478750.0,-42.86523
1178478906.25,-42.87289
1178479062.5,-42.87273
1178479218.75,-42.85183
1178479375.0,-42.88638
1178479531.25,-42.87844
1178479687.5,-42.85233
1178479843.75,-42.83582
1178480000.0,-42.833
1178480156.25,-42.86438
1178480312.5,-42.85035
1178480468.75,-42.83385
1178480625.0,-42.87672
1178480781.25,-42.86095
1178480937.5,-42.85873
1178481093.75,-42.88095
1178481250.0,-42.8565
1178481406.25,-42.84497
1178481562.5,-42.86261
1178481718.75,-42.85151
1178481875.0,-42.8505
1178482031.25,-42.85506
1178482187.5,-42.8666
1178482343.75,-42.83651
1178482500.0,-42.8446
1178482656.25,-42.85123
1178482812.5,-42.83105
1178482968.75,-42.83745
1178483125.0,-42.84317
1178483281.25,-42.85976
1178483437.5,-42.87294
1178483593.75,-42.84064
1178483750.0,-42.87553
1178483906.25,-42.85221
1178484062.5,-42.85987
1178484218.75,-42.83368
1178484375.0,-42.83289
1178484531.25,-42.84444
1178484687.5,-42.82666
1178484843.75,-42.83033
1178485000.0,-42.84296
1178485156.25,-42.84647
1178485312.5,-42.8413
1178485468.75,-42.83099
1178485625.0,-42.81855
1178485781.25,-42.83941
1178485937.5,-42.83799
1178486093.75,-42.82545
1178486250.0,-42.83018
1178486406.25,-42.83177
1178486562.5,-42.84814
1178486718.75,-42.84156
1178486875.0,-42.82816
1178487031.25,-42.82192
1178487187.5,-42.83843
1178487343.75,-42.85562
1178487500.0,-42.84788
1178487656.25,-42.81519
1178487812.5,-42.84968
1178487968.75,-42.84099
1178488125.0,-42.82101
1178488281.25,-42.8502
1178488437.5,-42.81836
1178488593.75,-42.83648
1178488750.0,-42.84372
1178488906.25,-42.8408
1178489062.5,-42.82593
1178489218.75,-42.8308
1178489375.0,-42.83687
1178489531.25,-42.82448
1178489687.5,-42.81898
1178489843.75,-42.82261
1178490000.0,-42.80709
1178490156.25,-42.83286
1178490312.5,-42.82869
1178490468.75,-42.81044
1178490625.0,-42.81437
1178490781.25,-42.80253
1178490937.5,-42.8272
1178491093.75,-42.81308
1178491250.0,-42.81916
1178491406.25,-42.80396
1178491562.5,-42.84076
1178491718.75,-42.8384
1178491875.0,-42.83934
1178492031.25,-42.8202
1178492187.5,-42.81414
1178492343.75,-42.83002
1178492500.0,-42.81994
1178492656.25,-42.80935
1178492812.5,-42.80301
1178492968.75,-42.83965
1178493125.0,-42.8181
1178493281.25,-42.81172
1178493437.5,-42.82418
1178493593.75,-42.81414
1178493750.0,-42.8152
1178493906.25,-42.81208
1178494062.5,-42.81647
1178494218.75,-42.82032
1178494375.0,-42.81219
1178494531.25,-42.81622
1178494687.5,-42.7963
1178494843.75,-42.81299
1178495000.0,-42.82357
1178495156.25,-42.81166
1178495312.5,-42.80279
1178495468.75,-42.80375
1178495625.0,-42.81482
1178495781.25,-42.83142
1178495937.5,-42.81038
1178496093.75,-42.79576
1178496250.0,-42.80687
1178496406.25,-42.82638
1178496562.5,-42.7873
1178496718.75,-42.79337
1178496875.0,-42.80774
1178497031.25,-42.81584
1178497187.5,-42.80644
1178497343.75,-42.82777
1178497500.0,-42.80543
1178497656.25,-42.78949
1178497812.5,-42.82277
1178497968.75,-42.79137
1178498125.0,-42.81277
1178498281.25,-42.82434
1178498437.5,-42.79533
1178498593.75,-42.8194
1178498750.0,-42.76457
1178498906.25,-42.81064
1178499062.5,-42.7638
1178499218.75,-42.79512
1178499375.0,-42.79123
1178499531.25,-42.77055
1178499687.5,-42.80024
1178499843.75,-42.80834
1178500000.0,-42.79817
1178500156.25,-42.80771
1178500312.5,-42.8043
1178500468.75,-42.79638
1178500625.0,-42.78561
1178500781.25,-42.80365
1178500937.5,-42.77197
1178501093.75,-42.76937
1178501250.0,-42.80077
1178501406.25,-42.77766
1178501562.5,-42.8026
1178501718.75,-42.77582
1178501875.0,-42.79262
1178502031.25,-42.78985
1178502187.5,-42.80175
1178502343.75,-42.78699
1178502500.0,-42.78569
1178502656.25,-42.77887
1178502812.5,-42.78021
1178502968.75,-42.77028
1178503125.0,-42.7774
1178503281.25,-42.76082
1178503437.5,-42.80349
1178503593.75,-42.796
1178503750.0,-42.78858
1178503906.25,-42.79778
1178504062.5,-42.76857
1178504218.75,-42.78951
1178504375.0,-42.78176
1178504531.25,-42.8035
1178504687.5,-42.80157
1178504843.75,-42.78687
1178505000.0,-42.78777
1178505156.25,-42.76131
1178505312.5,-42.78399
1178505468.75,-42.77851
1178505625.0,-42.78149
1178505781.25,-42.78881
1178505937.5,-42.77083
1178506093.75,-42.76799
1178506250.0,-42.77615
1178506406.25,-42.75874
1178506562.5,-42.78896
1178506718.75,-42.75937
1178506875.0,-42.7763
1178507031.25,-42.78283
1178507187.5,-42.7663
1178507343.75,-42.76647
1178507500.0,-42.75651
1178507656.25,-42.77606
1178507812.5,-42.76776
1178507968.75,-42.76195
1178508125.0,-42.78302
1178508281.25,-42.77753
1178508437.5,-42.76241
1178508593.75,-42.76901
1178508750.0,-42.77025
1178508906.25,-42.74758
1178509062.5,-42.77452
1178509218.75,-42.75887
1178509375.0,-42.76424
1178509531.25,-42.78709
1178509687.5,-42.76467
1178509843.75,-42.77708
1178510000.0,-42.77736
1178510156.25,-42.77316
1178510312.5,-42.73357
1178510468.75,-42.7536
1178510625.0,-42.76995
1178510781.25,-42.76519
1178510937.5,-42.76038
1178511093.75,-42.77816
1178511250.0,-42.74861
1178511406.25,-42.7843
1178511562.5,-42.76146
1178511718.75,-42.75742
1178511875.0,-42.75149
1178512031.25,-42.7558
1178512187.5,-42.76863
1178512343.75,-42.74534
1178512500.0,-42.74722
1178512656.25,-42.76406
1178512812.5,-42.7592
1178512968.75,-42.75394
1178513125.0,-42.76415
1178513281.25,-42.76467
1178513437.5,-42.74282
1178513593.75,-42.7397
1178513750.0,-42.75632
1178513906.25,-42.7512
1178514062.5,-42.74586
1178514218.75,-42.74919
1178514375.0,-42.76349
1178514531.25,-42.77044
1178514687.5,-42.76684
1178514843.75,-42.73605
1178515000.0,-42.75606
1178515156.25,-42.73975
1178515312.5,-42.75156
1178515468.75,-42.76101
1178515625.0,-42.77717
1178515781.25,-42.7477
1178515937.5,-42.74911
1178516093.75,-42.75194
1178516250.0,-42.72614
1178516406.25,-42.74665
1178516562.5,-42.76102
1178516718.75,-42.73974
1178516875.0,-42.75504
1178517031.25,-42.74848
1178517187.5,-42.74644
1178517343.75,-42.73218
1178517500.0,-42.74918
1178517656.25,-42.74089
1178517812.5,-42.75194
1178517968.75,-42.75842
1178518125.0,-42.74958
1178518281.25,-42.72812
1178518437.5,-42.74629
1178518593.75,-42.72639
1178518750.0,-42.73764
1178518906.25,-42.75232
1178519062.5,-42.73794
1178519218.75,-42.709
1178519375.0,-42.7321
1178519531.25,-42.71468
1178519687.5,-42.71574
1178519843.75,-42.73484
1178520000.0,-42.74344
1178520156.25,-42.7345
1178520312.5,-42.72662
1178520468.75,-42.72027
1178520625.0,-42.73942
1178520781.25,-42.75524
1178520937.5,-42.73022
1178521093.75,-42.749
1178521250.0,-42.7226
1178521406.25,-42.70506
1178521562.5,-42.72705
1178521718.75,-42.71357
1178521875.0,-42.74458
1178522031.25,-42.71595
1178522187.5,-42.73107
1178522343.75,-42.74394
1178522500.0,-42.7296
1178522656.25,-42.74049
1178522812.5,-42.70417
1178522968.75,-42.71953
1178523125.0,-42.73928
1178523281.25,-42.70808
1178523437.5,-42.73782
1178523593.75,-42.72755
1178523750.0,-42.72151
1178523906.25,-42.72337
1178524062.5,-42.70885
1178524218.75,-42.69028
1178524375.0,-42.72995
1178524531.25,-42.6991
1178524687.5,-42.70533
1178524843.75,-42.68666
1178525000.0,-42.70817
1178525156.25,-42.70446
1178525312.5,-42.72517
1178525468.75,-42.71577
1178525625.0,-42.70592
1178525781.25,-42.72219
1178525937.5,-42.71611
1178526093.75,-42.73751
1178526250.0,-42.71247
1178526406.25,-42.70508
1178526562.5,-42.70082
1178526718.75,-42.69524
1178526875.0,-42.72003
1178527031.25,-42.70555
1178527187.5,-42.72813
1178527343.75,-42.7107
1178527500.0,-42.70708
1178527656.25,-42.7117
1178527812.5,-42.70527
1178527968.75,-42.69644
1178528125.0,-42.73817
1178528281.25,-42.70235
1178528437.5,-42.71373
1178528593.75,-42.71272
1178528750.0,-42.71135
1178528906.25,-42.69967
1178529062.5,-42.71757
1178529218.75,-42.71503
1178529375.0,-42.68333
1178529531.25,-42.70969
1178529687.5,-42.68125
1178529843.75,-42.70985
1178530000.0,-42.68256
1178530156.25,-42.70457
1178530312.5,-42.7093
1178530468.75,-42.69825
1178530625.0,-42.7099
1178530781.25,-42.70642
1178530937.5,-42.73137
1178531093.75,-42.69415
1178531250.0,-42.72018
1178531406.25,-42.70335
1178531562.5,-42.69226
1178531718.75,-42.70559
1178531875.0,-42.68136
1178532031.25,-42.70575
1178532187.5,-42.68118
1178532343.75,-42.72311
1178532500.0,-42.70163
1178532656.25,-42.697
1178532812.5,-42.70764
1178532968.75,-42.6959
1178533125.0,-42.68137
1178533281.25,-42.69767
1178533437.5,-42.71798
1178533593.75,-42.69168
1178533750.0,-42.69221
1178533906.25,-42.70709
1178534062.5,-42.69938
1178534218.75,-42.69226
1178534375.0,-42.68484
1178534531.25,-42.67899
1178534687.5,-42.68447
1178534843.75,-42.6831
1178535000.0,-42.68483
1178535156.25,-42.69703
1178535312.5,-42.67411
1178535468.75,-42.6901
1178535625.0,-42.67161
1178535781.25,-42.69854
1178535937.5,-42.71021
1178536093.75,-42.6725
1178536250.0,-42.69161
1178536406.25,-42.6867
1178536562.5,-42.67859
1178536718.75,-42.67609
1178536875.0,-42.68679
1178537031.25,-42.6953
1178537187.5,-42.66812
1178537343.75,-42.68641
1178537500.0,-42.68725
1178537656.25,-42.68417
1178537812.5,-42.67044
1178537968.75,-42.68917
1178538125.0,-42.67411
1178538281.25,-42.68147
1178538437.5,-42.6441
1178538593.75,-42.69485
1178538750.0,-42.66407
1178538906.25,-42.67747
1178539062.5,-42.68099
1178539218.75,-42.66053
1178539375.0,-42.67876
1178539531.25,-42.69846
1178539687.5,-42.67549
1178539843.75,-42.65951
1178540000.0,-42.66762
1178540156.25,-42.67658
1178540312.5,-42.66782
1178540468.75,-42.68956
1178540625.0,-42.65183
1178540781.25,-42.67134
1178540937.5,-42.67308
1178541093.75,-42.65499
1178541250.0,-42.68051
1178541406.25,-42.66913
1178541562.5,-42.66734
1178541718.75,-42.66779
1178541875.0,-42.66915
1178542031.25,-42.66933
1178542187.5,-42.65361
1178542343.75,-42.65386
1178542500.0,-42.65434
1178542656.25,-42.6683
1178542812.5,-42.65402
1178542968.75,-42.68762
1178543125.0,-42.66467
1178543281.25,-42.66534
1178543437.5,-42.64488
1178543593.75,-42.67011
1178543750.0,-42.68236
1178543906.25,-42.65547
1178544062.5,-42.6659
1178544218.75,-42.65218
1178544375.0,-42.65471
1178544531.25,-42.65363
1178544687.5,-42.68404
1178544843.75,-42.68852
1178545000.0,-42.63776
1178545156.25,-42.67638
1178545312.5,-42.66386
1178545468.75,-42.67152
1178545625.0,-42.626
1178545781.25,-42.63461
1178545937.5,-42.66067
1178546093.75,-42.66729
1178546250.0,-42.65747
1178546406.25,-42.66158
1178546562.5,-42.6519
1178546718.75,-42.65699
1178546875.0,-42.66637
1178547031.25,-42.62934
1178547187.5,-42.65742
1178547343.75,-42.65396
1178547500.0,-42.63855
1178547656.25,-42.6482
1178547812.5,-42.62405
1178547968.75,-42.64122
1178548125.0,-42.63022
1178548281.25,-42.65966
1178548437.5,-42.6419
1178548593.75,-42.66238
1178548750.0,-42.64218
1178548906.25,-42.64827
1178549062.5,-42.63524
1178549218.75,-42.65369
1178549375.0,-42.65057
1178549531.25,-42.64574
1178549687.5,-42.63628
1178549843.75,-42.63662
1178550000.0,-42.62627
1178550156.25,-42.64335
1178550312.5,-42.63082
1178550468.75,-42.63425
1178550625.0,-42.67107
1178550781.25,-42.63834
1178550937.5,-42.63138
1178551093.75,-42.6361
1178551250.0,-42.65138
1178551406.25,-42.64517
1178551562.5,-42.62188
1178551718.75,-42.64898
1178551875.0,-42.64563
1178552031.25,-42.67148
1178552187.5,-42.65437
1178552343.75,-42.6046
1178552500.0,-42.63653
1178552656.25,-42.65937
1178552812.5,-42.64449
1178552968.75,-42.62608
1178553125.0,-42.61985
1178553281.25,-42.62352
1178553437.5,-42.62439
1178553593.75,-42.6271
1178553750.0,-42.64468
1178553906.25,-42.60659
1178554062.5,-42.63044
1178554218.75,-42.64352
1178554375.0,-42.63449
1178554531.25,-42.64155
1178554687.5,-42.63398
1178554843.75,-42.61645
1178555000.0,-42.64254
1178555156.25,-42.61516
1178555312.5,-42.61508
1178555468.75,-42.6428
1178555625.0,-42.62563
1178555781.25,-42.64908
1178555937.5,-42.61742
1178556093.75,-42.62963
1178556250.0,-42.62518
1178556406.25,-42.61749
1178556562.5,-42.61616
1178556718.75,-42.61667
1178556875.0,-42.60811
1178557031.25,-42.63251
1178557187.5,-42.63057
1178557343.75,-42.60316
1178557500.0,-42.6113
1178557656.25,-42.60374
1178557812.5,-42.60802
1178557968.75,-42.59939
1178558125.0,-42.6189
1178558281.25,-42.62188
1178558437.5,-42.61521
1178558593.75,-42.61532
1178558750.0,-42.60524
1178558906.25,-42.59253
1178559062.5,-42.606
1178559218.75,-42.63502
1178559375.0,-42.63148
1178559531.25,-42.6085
1178559687.5,-42.62714
1178559843.75,-42.62421
1178560000.0,-42.61104
1178560156.25,-42.59114
1178560312.5,-42.61265
1178560468.75,-42.60649
1178560625.0,-42.59592
1178560781.25,-42.60159
1178560937.5,-42.59817
1178561093.75,-42.5994
1178561250.0,-42.61561
1178561406.25,-42.59253
1178561562.5,-42.60039
1178561718.75,-42.57767
1178561875.0,-42.58002
1178562031.25,-42.60513
1178562187.5,-42.57337
1178562343.75,-42.60008
1178562500.0,-42.61417
1178562656.25,-42.58024
1178562812.5,-42.59728
1178562968.75,-42.59426
1178563125.0,-42.62383
1178563281.25,-42.59248
1178563437.5,-42.59954
1178563593.75,-42.61788
1178563750.0,-42.57958
1178563906.25,-42.59545
1178564062.5,-42.58887
1178564218.75,-42.58143
1178564375.0,-42.59257
1178564531.25,-42.58807
1178564687.5,-42.59245
1178564843.75,-42.60103
1178565000.0,-42.58509
1178565156.25,-42.58102
1178565312.5,-42.59874
1178565468.75,-42.60107
1178565625.0,-42.57751
1178565781.25,-42.59362
1178565937.5,-42.60332
1178566093.75,-42.57143
1178566250.0,-42.58067
1178566406.25,-42.57991
1178566562.5,-42.58519
1178566718.75,-42.57602
1178566875.0,-42.57866
1178567031.25,-42.58854
1178567187.5,-42.59684
1178567343.75,-42.58778
1178567500.0,-42.59715
1178567656.25,-42.5834
1178567812.5,-42.57106
1178567968.75,-42.57861
1178568125.0,-42.58491
1178568281.25,-42.58813
1178568437.5,-42.58512
1178568593.75,-42.57775
1178568750.0,-42.58908
1178568906.25,-42.57608
1178569062.5,-42.56599
1178569218.75,-42.56573
1178569375.0,-42.58905
1178569531.25,-42.57815
1178569687.5,-42.57502
1178569843.75,-42.59822
1178570000.0,-42.59741
1178570156.25,-42.57239
1178570312.5,-42.57513
1178570468.75,-42.60963
1178570625.0,-42.56927
1178570781.25,-42.56914
1178570937.5,-42.57679
1178571093.75,-42.57823
1178571250.0,-42.57451
1178571406.25,-42.57224
1178571562.5,-42.55273
1178571718.75,-42.56094
1178571875.0,-42.57692
1178572031.25,-42.56692
1178572187.5,-42.58627
1178572343.75,-42.56226
1178572500.0,-42.56233
1178572656.25,-42.56618
1178572812.5,-42.57059
1178572968.75,-42.58426
1178573125.0,-42.56473
1178573281.25,-42.5801
1178573437.5,-42.54932
1178573593.75,-42.5633
1178573750.0,-42.5895
1178573906.25,-42.56095
1178574062.5,-42.57423
1178574218.75,-42.56196
1178574375.0,-42.5466
1178574531.25,-42.54854
1178574687.5,-42.56184
1178574843.75,-42.55514
1178575000.0,-42.56731
1178575156.25,-42.56575
1178575312.5,-42.56844
1178575468.75,-42.55849
1178575625.0,-42.57059
1178575781.25,-42.56829
1178575937.5,-42.56197
1178576093.75,-42.5769
1178576250.0,-42.55116
1178576406.25,-42.55998
1178576562.5,-42.54057
1178576718.75,-42.57432
1178576875.0,-42.55894
1178577031.25,-42.54695
1178577187.5,-42.56898
1178577343.75,-42.58586
1178577500.0,-42.55956
1178577656.25,-42.55411
1178577812.5,-42.56505
1178577968.75,-42.56441
1178578125.0,-42.56327
1178578281.25,-42.57151
1178578437.5,-42.54404
1178578593.75,-42.55864
1178578750.0,-42.5702
1178578906.25,-42.56685
1178579062.5,-42.5416
1178579218.75,-42.54423
1178579375.0,-42.58017
1178579531.25,-42.52591
1178579687.5,-42.53506
1178579843.75,-42.55972
1178580000.0,-42.54786
1178580156.25,-42.57793
1178580312.5,-42.54901
1178580468.75,-42.55381
1178580625.0,-42.55309
1178580781.25,-42.56
1178580937.5,-42.55266
1178581093.75,-42.53315
1178581250.0,-42.52485
1178581406.25,-42.52103
1178581562.5,-42.55074
1178581718.75,-42.53334
1178581875.0,-42.55987
1178582031.25,-42.52938
1178582187.5,-42.54694
1178582343.75,-42.53676
1178582500.0,-42.52773
1178582656.25,-42.5583
1178582812.5,-42.54699
1178582968.75,-42.51614
1178583125.0,-42.54024
1178583281.25,-42.53065
1178583437.5,-42.54543
1178583593.75,-42.54711
1178583750.0,-42.53552
1178583906.25,-42.52641
1178584062.5,-42.51891
1178584218.75,-42.56845
1178584375.0,-42.53876
1178584531.25,-42.54219
1178584687.5,-42.5482
1178584843.75,-42.54823
1178585000.0,-42.55683
1178585156.25,-42.5316
1178585312.5,-42.53399
1178585468.75,-42.50246
1178585625.0,-42.53729
1178585781.25,-42.50522
1178585937.5,-42.51394
1178586093.75,-42.52068
1178586250.0,-42.5308
1178586406.25,-42.55078
1178586562.5,-42.49814
1178586718.75,-42.54467
1178586875.0,-42.53266
1178587031.25,-42.50317
1178587187.5,-42.49917
1178587343.75,-42.50592
1178587500.0,-42.52223
1178587656.25,-42.53511
1178587812.5,-42.53954
1178587968.75,-42.52329
1178588125.0,-42.52345
1178588281.25,-42.51519
1178588437.5,-42.51831
1178588593.75,-42.52421
1178588750.0,-42.52164
1178588906.25,-42.5372
1178589062.5,-42.49997
1178589218.75,-42.52431
1178589375.0,-42.52178
1178589531.25,-42.52156
1178589687.5,-42.52049
1178589843.75,-42.53002
1178590000.0,-42.50602
1178590156.25,-42.51694
1178590312.5,-42.51456
1178590468.75,-42.51785
1178590625.0,-42.51772
1178590781.25,-42.4974
1178590937.5,-42.51608
1178591093.75,-42.50419
1178591250.0,-42.48623
1178591406.25,-42.50534
1178591562.5,-42.46832
1178591718.75,-42.49336
1178591875.0,-42.52611
1178592031.25,-42.53124
1178592187.5,-42.49062
1178592343.75,-42.52324
1178592500.0,-42.50035
1178592656.25,-42.48512
1178592812.5,-42.50517
1178592968.75,-42.50667
1178593125.0,-42.49594
1178593281.25,-42.50903
1178593437.5,-42.50359
1178593593.75,-42.50442
1178593750.0,-42.52518
1178593906.25,-42.49353
1178594062.5,-42.50462
1178594218.75,-42.51134
1178594375.0,-42.49195
1178594531.25,-42.48003
1178594687.5,-42.51581
1178594843.75,-42.50275
1178595000.0,-42.49213
1178595156.25,-42.50245
1178595312.5,-42.51384
1178595468.75,-42.50595
1178595625.0,-42.49723
1178595781.25,-42.50525
1178595937.5,-42.49901
1178596093.75,-42.47829
1178596250.0,-42.48499
1178596406.25,-42.48282
1178596562.5,-42.48622
1178596718.75,-42.4987
1178596875.0,-42.48115
1178597031.25,-42.50123
1178597187.5,-42.48408
1178597343.75,-42.52901
1178597500.0,-42.48909
1178597656.25,-42.48392
1178597812.5,-42.49699
1178597968.75,-42.47892
1178598125.0,-42.49976
1178598281.25,-42.48276
1178598437.5,-42.4937
1178598593.75,-42.50224
1178598750.0,-42.4892
1178598906.25,-42.48383
1178599062.5,-42.48744
1178599218.75,-42.48305
1178599375.0,-42.4915
1178599531.25,-42.51069
1178599687.5,-42.49895
1178599843.75,-42.4757
1178600000.0,-42.4794
1178600156.25,-42.4852
1178600312.5,-42.47484
1178600468.75,-42.48902
1178600625.0,-42.49699
1178600781.25,-42.47478
1178600937.5,-42.48046
1178601093.75,-42.47644
1178601250.0,-42.49843
1178601406.25,-42.4908
1178601562.5,-42.44773
1178601718.75,-42.47225
1178601875.0,-42.48632
1178602031.25,-42.46043
1178602187.5,-42.47838
1178602343.75,-42.49239
1178602500.0,-42.47633
1178602656.25,-42.47328
1178602812.5,-42.45747
1178602968.75,-42.46183
1178603125.0,-42.45671
1178603281.25,-42.48046
1178603437.5,-42.48806
1178603593.75,-42.48949
1178603750.0,-42.46573
1178603906.25,-42.47306
1178604062.5,-42.4864
1178604218.75,-42.50405
1178604375.0,-42.46009
1178604531.25,-42.46691
1178604687.5,-42.45421
1178604843.75,-42.45845
1178605000.0,-42.47165
1178605156.25,-42.47312
1178605312.5,-42.46482
1178605468.75,-42.45904
1178605625.0,-42.44819
1178605781.25,-42.46425
1178605937.5,-42.48546
1178606093.75,-42.45768
1178606250.0,-42.45346
1178606406.25,-42.4403
1178606562.5,-42.45825
1178606718.75,-42.45822
1178606875.0,-42.47453
1178607031.25,-42.4777
1178607187.5,-42.43777
1178607343.75,-42.44481
1178607500.0,-42.44389
1178607656.25,-42.46488
1178607812.5,-42.4542
1178607968.75,-42.47592
1178608125.0,-42.45086
1178608281.25,-42.45811
1178608437.5,-42.4524
1178608593.75,-42.44235
1178608750.0,-42.46129
1178608906.25,-42.45694
1178609062.5,-42.45628
1178609218.75,-42.44735
1178609375.0,-42.45361
1178609531.25,-42.4504
1178609687.5,-42.45803
1178609843.75,-42.47161
1178610000.0,-42.45133
1178610156.25,-42.46254
1178610312.5,-42.45392
1178610468.75,-42.46084
1178610625.0,-42.45923
1178610781.25,-42.45222
1178610937.5,-42.45202
1178611093.75,-42.42551
1178611250.0,-42.43584
1178611406.25,-42.4448
1178611562.5,-42.4449
1178611718.75,-42.45019
1178611875.0,-42.46941
1178612031.25,-42.43711
1178612187.5,-42.45196
1178612343.75,-42.44277
1178612500.0,-42.43398
1178612656.25,-42.4497
1178612812.5,-42.45777
1178612968.75,-42.43893
1178613125.0,-42.43904
1178613281.25,-42.46153
1178613437.5,-42.41734
1178613593.75,-42.45655
1178613750.0,-42.45443
1178613906.25,-42.44144
1178614062.5,-42.43981
1178614218.75,-42.44646
1178614375.0,-42.4508
1178614531.25,-42.43402
1178614687.5,-42.42739
1178614843.75,-42.44516
1178615000.0,-42.43284
1178615156.25,-42.44416
1178615312.5,-42.41364
1178615468.75,-42.43148
1178615625.0,-42.42472
1178615781.25,-42.41875
1178615937.5,-42.41507
1178616093.75,-42.43312
1178616250.0,-42.43272
1178616406.25,-42.41385
1178616562.5,-42.41478
1178616718.75,-42.44086
1178616875.0,-42.41577
1178617031.25,-42.40633
1178617187.5,-42.43429
1178617343.75,-42.42949
1178617500.0,-42.43472
1178617656.25,-42.42783
1178617812.5,-42.44003
1178617968.75,-42.43228
1178618125.0,-42.42424
1178618281.25,-42.41782
1178618437.5,-42.43132
1178618593.75,-42.4215
1178618750.0,-42.43115
1178618906.25,-42.44323
1178619062.5,-42.46452
1178619218.75,-42.42467
1178619375.0,-42.40344
1178619531.25,-42.43949
1178619687.5,-42.42029
1178619843.75,-42.42799
1178620000.0,-42.41902
1178620156.25,-42.41734
1178620312.5,-42.40965
1178620468.75,-42.41842
1178620625.0,-42.40644
1178620781.25,-42.42579
1178620937.5,-42.43423
1178621093.75,-42.43453
1178621250.0,-42.41373
1178621406.25,-42.43654
1178621562.5,-42.42833
1178621718.75,-42.41582
1178621875.0,-42.43274
1178622031.25,-42.40736
1178622187.5,-42.42306
1178622343.75,-42.4054
1178622500.0,-42.41026
1178622656.25,-42.41037
1178622812.5,-42.40056
1178622968.75,-42.42777
1178623125.0,-42.41603
1178623281.25,-42.39874
1178623437.5,-42.40701
1178623593.75,-42.37691
1178623750.0,-42.44844
1178623906.25,-42.42186
1178624062.5,-42.39383
1178624218.75,-42.4108
1178624375.0,-42.41546
1178624531.25,-42.40448
1178624687.5,-42.41079
1178624843.75,-42.40973
1178625000.0,-42.41605
1178625156.25,-42.41111
1178625312.5,-42.39118
1178625468.75,-42.39599
1178625625.0,-42.40508
1178625781.25,-42.41698
1178625937.5,-42.40146
1178626093.75,-42.42066
1178626250.0,-42.39648
1178626406.25,-42.41362
1178626562.5,-42.40939
1178626718.75,-42.38466
1178626875.0,-42.39009
1178627031.25,-42.39006
1178627187.5,-42.41506
1178627343.75,-42.40375
1178627500.0,-42.39252
1178627656.25,-42.39783
1178627812.5,-42.38938
1178627968.75,-42.40198
1178628125.0,-42.39132
1178628281.25,-42.39823
1178628437.5,-42.39836
1178628593.75,-42.3921
1178628750.0,-42.41293
1178628906.25,-42.38762
1178629062.5,-42.40279
1178629218.75,-42.41417
1178629375.0,-42.39652
1178629531.25,-42.37193
1178629687.5,-42.37921
1178629843.75,-42.37658
1178630000.0,-42.39067
1178630156.25,-42.40816
1178630312.5,-42.37025
1178630468.75,-42.38297
1178630625.0,-42.38224
1178630781.25,-42.38286
1178630937.5,-42.39964
1178631093.75,-42.36152
1178631250.0,-42.37007
1178631406.25,-42.37173
1178631562.5,-42.383
1178631718.75,-42.38226
1178631875.0,-42.36529
1178632031.25,-42.37339
1178632187.5,-42.39765
1178632343.75,-42.38822
1178632500.0,-42.38844
1178632656.25,-42.40435
1178632812.5,-42.37893
1178632968.75,-42.37367
1178633125.0,-42.39928
1178633281.25,-42.3831
1178633437.5,-42.36138
1178633593.75,-42.37486
1178633750.0,-42.37473
1178633906.25,-42.37653
1178634062.5,-42.37935
1178634218.75,-42.3795
1178634375.0,-42.36185
1178634531.25,-42.36283
1178634687.5,-42.37226
1178634843.75,-42.38506
1178635000.0,-42.37531
1178635156.25,-42.37351
1178635312.5,-42.36134
1178635468.75,-42.39195
1178635625.0,-42.37273
1178635781.25,-42.38074
1178635937.5,-42.36434
1178636093.75,-42.36874
1178636250.0,-42.3788
1178636406.25,-42.36982
1178636562.5,-42.36358
1178636718.75,-42.36291
1178636875.0,-42.36028
1178637031.25,-42.35649
1178637187.5,-42.35794
1178637343.75,-42.36141
1178637500.0,-42.32835
1178637656.25,-42.34549
1178637812.5,-42.36557
1178637968.75,-42.35873
1178638125.0,-42.36369
1178638281.25,-42.36314
1178638437.5,-42.35277
1178638593.75,-42.364
1178638750.0,-42.37461
1178638906.25,-42.35472
1178639062.5,-42.33402
1178639218.75,-42.36241
1178639375.0,-42.36985
1178639531.25,-42.34684
1178639687.5,-42.36386
1178639843.75,-42.32709
1178640000.0,-42.35635
1178640156.25,-42.34595
1178640312.5,-42.36309
1178640468.75,-42.35368
1178640625.0,-42.36703
1178640781.25,-42.33062
1178640937.5,-42.33725
1178641093.75,-42.35712
1178641250.0,-42.34376
1178641406.25,-42.35368
1178641562.5,-42.33501
1178641718.75,-42.36158
1178641875.0,-42.31289
1178642031.25,-42.34128
1178642187.5,-42.3448
1178642343.75,-42.35316
1178642500.0,-42.3345
1178642656.25,-42.34127
1178642812.5,-42.32861
1178642968.75,-42.33243
1178643125.0,-42.34883
1178643281.25,-42.34564
1178643437.5,-42.36011
1178643593.75,-42.36574
1178643750.0,-42.34919
1178643906.25,-42.34087
1178644062.5,-42.36482
1178644218.75,-42.33533
1178644375.0,-42.31454
1178644531.25,-42.34885
1178644687.5,-42.33504
1178644843.75,-42.31108
1178645000.0,-42.3562
1178645156.25,-42.33219
1178645312.5,-42.34008
1178645468.75,-42.31594
1178645625.0,-42.33212
1178645781.25,-42.3494
1178645937.5,-42.3284
1178646093.75,-42.31522
1178646250.0,-42.33419
1178646406.25,-42.35892
1178646562.5,-42.34295
1178646718.75,-42.36382
1178646875.0,-42.35476
1178647031.25,-42.3233
1178647187.5,-42.3238
1178647343.75,-42.31261
1178647500.0,-42.32171
1178647656.25,-42.3171
1178647812.5,-42.31997
1178647968.75,-42.31442
1178648125.0,-42.31652
1178648281.25,-42.35421
1178648437.5,-42.35021
1178648593.75,-42.33744
1178648750.0,-42.3209
1178648906.25,-42.32121
1178649062.5,-42.35155
1178649218.75,-42.32201
1178649375.0,-42.35699
1178649531.25,-42.31708
1178649687.5,-42.31391
1178649843.75,-42.30715
1178650000.0,-42.32903
1178650156.25,-42.34864
1178650312.5,-42.3062
1178650468.75,-42.30492
1178650625.0,-42.32338
1178650781.25,-42.32975
1178650937.5,-42.30838
1178651093.75,-42.31176
1178651250.0,-42.29964
1178651406.25,-42.32189
1178651562.5,-42.30756
1178651718.75,-42.31894
1178651875.0,-42.3158
1178652031.25,-42.33342
1178652187.5,-42.30769
1178652343.75,-42.32822
1178652500.0,-42.31081
1178652656.25,-42.31466
1178652812.5,-42.31771
1178652968.75,-42.30152
1178653125.0,-42.33634
1178653281.25,-42.33096
1178653437.5,-42.31447
1178653593.75,-42.31665
1178653750.0,-42.31636
1178653906.25,-42.32451
1178654062.5,-42.30771
1178654218.75,-42.31834
1178654375.0,-42.29389
1178654531.25,-42.28994
1178654687.5,-42.30851
1178654843.75,-42.31091
1178655000.0,-42.30457
1178655156.25,-42.32671
1178655312.5,-42.29747
1178655468.75,-42.32166
1178655625.0,-42.2987
1178655781.25,-42.2835
1178655937.5,-42.27995
1178656093.75,-42.31255
1178656250.0,-42.32857
1178656406.25,-42.32292
1178656562.5,-42.2957
1178656718.75,-42.30582
1178656875.0,-42.30445
1178657031.25,-42.30821
1178657187.5,-42.28923
1178657343.75,-42.3114
1178657500.0,-42.29961
1178657656.25,-42.29626
1178657812.5,-42.31182
1178657968.75,-42.29761
1178658125.0,-42.30687
1178658281.25,-42.29581
1178658437.5,-42.27713
1178658593.75,-42.3082
1178658750.0,-42.29807
1178658906.25,-42.28963
1178659062.5,-42.2961
1178659218.75,-42.30765
1178659375.0,-42.31088
1178659531.25,-42.27285
1178659687.5,-42.28381
1178659843.75,-42.30445
1178660000.0,-42.31742
1178660156.25,-42.27869
1178660312.5,-42.28563
1178660468.75,-42.28265
1178660625.0,-42.26602
1178660781.25,-42.27642
1178660937.5,-42.2925
1178661093.75,-42.29734
1178661250.0,-42.28241
1178661406.25,-42.26505
1178661562.5,-42.28388
1178661718.75,-42.28638
1178661875.0,-42.29382
1178662031.25,-42.28153
1178662187.5,-42.28159
1178662343.75,-42.2655
1178662500.0,-42.29261
1178662656.25,-42.28564
1178662812.5,-42.27921
1178662968.75,-42.28851
1178663125.0,-42.28232
1178663281.25,-42.27503
1178663437.5,-42.29451
1178663593.75,-42.28656
1178663750.0,-42.25874
1178663906.25,-42.2772
1178664062.5,-42.26314
1178664218.75,-42.2953
1178664375.0,-42.27275
1178664531.25,-42.25722
1178664687.5,-42.26191
1178664843.75,-42.27117
1178665000.0,-42.28355
1178665156.25,-42.26441
1178665312.5,-42.27083
1178665468.75,-42.27579
1178665625.0,-42.28101
1178665781.25,-42.27771
1178665937.5,-42.26921
1178666093.75,-42.25285
1178666250.0,-42.27276
1178666406.25,-42.26398
1178666562.5,-42.28041
1178666718.75,-42.27309
1178666875.0,-42.28624
1178667031.25,-42.25634
1178667187.5,-42.28051
1178667343.75,-42.25358
1178667500.0,-42.272
1178667656.25,-42.29416
1178667812.5,-42.23968
1178667968.75,-42.2508
1178668125.0,-42.28301
1178668281.25,-42.2576
1178668437.5,-42.26653
1178668593.75,-42.24836
1178668750.0,-42.27605
1178668906.25,-42.26023
1178669062.5,-42.28959
1178669218.75,-42.2612
1178669375.0,-42.24417
1178669531.25,-42.26401
1178669687.5,-42.25814
1178669843.75,-42.27563
1178670000.0,-42.2453
1178670156.25,-42.24674
1178670312.5,-42.25501
1178670468.75,-42.26317
1178670625.0,-42.27525
1178670781.25,-42.2447
1178670937.5,-42.24532
1178671093.75,-42.24759
1178671250.0,-42.2677
1178671406.25,-42.26977
1178671562.5,-42.26436
1178671718.75,-42.24924
1178671875.0,-42.2524
1178672031.25,-42.25224
1178672187.5,-42.26173
1178672343.75,-42.25964
1178672500.0,-42.22334
1178672656.25,-42.24282
1178672812.5,-42.25482
1178672968.75,-42.24103
1178673125.0,-42.2375
1178673281.25,-42.23195
1178673437.5,-42.25757
1178673593.75,-42.25731
1178673750.0,-42.24966
1178673906.25,-42.22989
1178674062.5,-42.23399
1178674218.75,-42.22431
1178674375.0,-42.24635
1178674531.25,-42.2524
1178674687.5,-42.23909
1178674843.75,-42.23788
1178675000.0,-42.23312
1178675156.25,-42.21935
1178675312.5,-42.2385
1178675468.75,-42.23464
1178675625.0,-42.25352
1178675781.25,-42.21997
1178675937.5,-42.23993
1178676093.75,-42.23424
1178676250.0,-42.23219
1178676406.25,-42.24975
1178676562.5,-42.23125
1178676718.75,-42.21524
1178676875.0,-42.24203
1178677031.25,-42.20525
1178677187.5,-42.21667
1178677343.75,-42.21323
1178677500.0,-42.23456
1178677656.25,-42.23322
1178677812.5,-42.24179
1178677968.75,-42.24606
1178678125.0,-42.23715
1178678281.25,-42.23789
1178678437.5,-42.21937
1178678593.75,-42.21648
1178678750.0,-42.23838
1178678906.25,-42.2236
1178679062.5,-42.23603
1178679218.75,-42.21103
1178679375.0,-42.22555
1178679531.25,-42.21421
1178679687.5,-42.23426
1178679843.75,-42.23465
1178680000.0,-42.22866
1178680156.25,-42.21592
1178680312.5,-42.23763
1178680468.75,-42.20018
1178680625.0,-42.23985
1178680781.25,-42.24813
1178680937.5,-42.21338
1178681093.75,-42.21588
1178681250.0,-42.22349
1178681406.25,-42.20409
1178681562.5,-42.22682
1178681718.75,-42.21486
1178681875.0,-42.23292
1178682031.25,-42.23593
1178682187.5,-42.20214
1178682343.75,-42.23454
1178682500.0,-42.2225
1178682656.25,-42.22521
1178682812.5,-42.22409
1178682968.75,-42.21238
1178683125.0,-42.21948
1178683281.25,-42.20766
1178683437.5,-42.21139
1178683593.75,-42.22527
1178683750.0,-42.21257
1178683906.25,-42.21099
1178684062.5,-42.21526
1178684218.75,-42.23134
1178684375.0,-42.2365
1178684531.25,-42.21931
1178684687.5,-42.20929
1178684843.75,-42.20606
1178685000.0,-42.20292
1178685156.25,-42.21443
1178685312.5,-42.1891
1178685468.75,-42.21094
1178685625.0,-42.2029
1178685781.25,-42.20505
1178685937.5,-42.2113
1178686093.75,-42.21804
1178686250.0,-42.21181
1178686406.25,-42.18278
1178686562.5,-42.20475
1178686718.75,-42.20398
1178686875.0,-42.19178
1178687031.25,-42.21098
1178687187.5,-42.18571
1178687343.75,-42.20008
1178687500.0,-42.19629
1178687656.25,-42.20597
1178687812.5,-42.2105
1178687968.75,-42.20752
1178688125.0,-42.20982
1178688281.25,-42.21608
1178688437.5,-42.18735
1178688593.75,-42.20229
1178688750.0,-42.19319
1178688906.25,-42.19053
1178689062.5,-42.18862
1178689218.75,-42.19092
1178689375.0,-42.18726
1178689531.25,-42.17784
1178689687.5,-42.21101
1178689843.75,-42.20038
1178690000.0,-42.17739
1178690156.25,-42.16191
1178690312.5,-42.17531
1178690468.75,-42.18751
1178690625.0,-42.20172
1178690781.25,-42.16997
1178690937.5,-42.20072
1178691093.75,-42.18573
1178691250.0,-42.20625
1178691406.25,-42.1952
1178691562.5,-42.18521
1178691718.75,-42.19682
1178691875.0,-42.1934
1178692031.25,-42.192
1178692187.5,-42.18763
1178692343.75,-42.18803
1178692500.0,-42.17241
1178692656.25,-42.17787
1178692812.5,-42.19083
1178692968.75,-42.17595
1178693125.0,-42.18535
1178693281.25,-42.20345
1178693437.5,-42.18835
1178693593.75,-42.17896
1178693750.0,-42.19147
1178693906.25,-42.19044
1178694062.5,-42.19107
1178694218.75,-42.18404
1178694375.0,-42.16859
1178694531.25,-42.18109
1178694687.5,-42.16587
1178694843.75,-42.16924
1178695000.0,-42.17048
1178695156.25,-42.18151
1178695312.5,-42.16715
1178695468.75,-42.18407
1178695625.0,-42.18715
1178695781.25,-42.18618
1178695937.5,-42.16512
1178696093.75,-42.18471
1178696250.0,-42.20217
1178696406.25,-42.16663
1178696562.5,-42.18432
1178696718.75,-42.1679
1178696875.0,-42.16241
1178697031.25,-42.18437
1178697187.5,-42.18187
1178697343.75,-42.1796
1178697500.0,-42.20118
1178697656.25,-42.18649
1178697812.5,-42.16333
1178697968.75,-42.16779
1178698125.0,-42.17107
1178698281.25,-42.16394
1178698437.5,-42.14777
1178698593.75,-42.17316
1178698750.0,-42.17141
1178698906.25,-42.13882
1178699062.5,-42.18324
1178699218.75,-42.16682
1178699375.0,-42.16521
1178699531.25,-42.17299
1178699687.5,-42.16792
1178699843.75,-42.16418
1178700000.0,-42.15462
1178700156.25,-42.17286
1178700312.5,-42.1559
1178700468.75,-42.16987
1178700625.0,-42.168
1178700781.25,-42.1515
1178700937.5,-42.17492
1178701093.75,-42.14122
1178701250.0,-42.15621
1178701406.25,-42.16114
1178701562.5,-42.15876
1178701718.75,-42.13855
1178701875.0,-42.17493
1178702031.25,-42.16446
1178702187.5,-42.14473
1178702343.75,-42.16556
1178702500.0,-42.14025
1178702656.25,-42.15082
1178702812.5,-42.14882
1178702968.75,-42.14927
1178703125.0,-42.14652
1178703281.25,-42.13484
1178703437.5,-42.15078
1178703593.75,-42.13903
1178703750.0,-42.13651
1178703906.25,-42.16487
1178704062.5,-42.13377
1178704218.75,-42.15331
1178704375.0,-42.12093
1178704531.25,-42.14063
1178704687.5,-42.13757
1178704843.75,-42.14896
1178705000.0,-42.15141
1178705156.25,-42.12401
1178705312.5,-42.13604
1178705468.75,-42.12622
1178705625.0,-42.1314
1178705781.25,-42.14686
1178705937.5,-42.13623
1178706093.75,-42.14225
1178706250.0,-42.13193
1178706406.25,-42.13294
1178706562.5,-42.13693
1178706718.75,-42.1295
1178706875.0,-42.15088
1178707031.25,-42.1468
1178707187.5,-42.12551
1178707343.75,-42.1248
1178707500.0,-42.13074
1178707656.25,-42.11367
1178707812.5,-42.13734
1178707968.75,-42.12683
1178708125.0,-42.13381
1178708281.25,-42.12521
1178708437.5,-42.14908
1178708593.75,-42.1187
1178708750.0,-42.128
1178708906.25,-42.13986
1178709062.5,-42.11999
1178709218.75,-42.13348
1178709375.0,-42.13348
1178709531.25,-42.13737
1178709687.5,-42.13724
1178709843.75,-42.12549
1178710000.0,-42.13724
1178710156.25,-42.15046
1178710312.5,-42.13152
1178710468.75,-42.11723
1178710625.0,-42.14129
1178710781.25,-42.1241
1178710937.5,-42.11438
1178711093.75,-42.11939
1178711250.0,-42.11309
1178711406.25,-42.11914
1178711562.5,-42.13007
1178711718.75,-42.12293
1178711875.0,-42.10938
1178712031.25,-42.12533
1178712187.5,-42.14268
1178712343.75,-42.12184
1178712500.0,-42.13718
1178712656.25,-42.12526
1178712812.5,-42.12508
1178712968.75,-42.12079
1178713125.0,-42.13241
1178713281.25,-42.11042
1178713437.5,-42.11349
1178713593.75,-42.11089
1178713750.0,-42.13934
1178713906.25,-42.11607
1178714062.5,-42.11194
1178714218.75,-42.13604
1178714375.0,-42.1116
1178714531.25,-42.12332
1178714687.5,-42.11907
1178714843.75,-42.10617
1178715000.0,-42.11521
1178715156.25,-42.11807
1178715312.5,-42.10787
1178715468.75,-42.0904
1178715625.0,-42.1075
1178715781.25,-42.11486
1178715937.5,-42.11241
1178716093.75,-42.11639
1178716250.0,-42.13536
1178716406.25,-42.10059
1178716562.5,-42.07917
1178716718.75,-42.07804
1178716875.0,-42.1138
1178717031.25,-42.10072
1178717187.5,-42.10653
1178717343.75,-42.11493
1178717500.0,-42.1022
1178717656.25,-42.09626
1178717812.5,-42.08811
1178717968.75,-42.09527
1178718125.0,-42.12586
1178718281.25,-42.10575
1178718437.5,-42.09537
1178718593.75,-42.11391
1178718750.0,-42.08849
1178718906.25,-42.08818
1178719062.5,-42.09762
1178719218.75,-42.11165
1178719375.0,-42.09913
1178719531.25,-42.1102
1178719687.5,-42.10395
1178719843.75,-42.08345
1178720000.0,-42.089
1178720156.25,-42.07253
1178720312.5,-42.0756
1178720468.75,-42.11764
1178720625.0,-42.10648
1178720781.25,-42.07412
1178720937.5,-42.1077
1178721093.75,-42.08527
1178721250.0,-42.11631
1178721406.25,-42.10662
1178721562.5,-42.08948
1178721718.75,-42.07304
1178721875.0,-42.07676
1178722031.25,-42.09466
1178722187.5,-42.0877
1178722343.75,-42.11032
1178722500.0,-42.08324
1178722656.25,-42.07891
1178722812.5,-42.08908
1178722968.75,-42.09565
1178723125.0,-42.06846
1178723281.25,-42.06661
1178723437.5,-42.09501
1178723593.75,-42.07319
1178723750.0,-42.08817
1178723906.25,-42.06732
1178724062.5,-42.09489
1178724218.75,-42.06106
1178724375.0,-42.07305
1178724531.25,-42.07281
1178724687.5,-42.10811
1178724843.75,-42.07246
1178725000.0,-42.06631
1178725156.25,-42.09136
1178725312.5,-42.0992
1178725468.75,-42.09417
1178725625.0,-42.06491
1178725781.25,-42.07248
1178725937.5,-42.06703
1178726093.75,-42.06962
1178726250.0,-42.07614
1178726406.25,-42.07438
1178726562.5,-42.07525
1178726718.75,-42.06694
1178726875.0,-42.08715
1178727031.25,-42.08644
1178727187.5,-42.06472
1178727343.75,-42.07912
1178727500.0,-42.06865
1178727656.25,-42.06931
1178727812.5,-42.0731
1178727968.75,-42.06863
1178728125.0,-42.0455
1178728281.25,-42.06113
1178728437.5,-42.05956
1178728593.75,-42.07405
1178728750.0,-42.07367
1178728906.25,-42.09174
1178729062.5,-42.05267
1178729218.75,-42.03123
1178729375.0,-42.05664
1178729531.25,-42.05645
1178729687.5,-42.05197
1178729843.75,-42.05032
1178730000.0,-42.0656
1178730156.25,-42.07911
1178730312.5,-42.03976
1178730468.75,-42.04659
1178730625.0,-42.06502
1178730781.25,-42.04924
1178730937.5,-42.05413
1178731093.75,-42.08244
1178731250.0,-42.06931
1178731406.25,-42.0567
1178731562.5,-42.07467
1178731718.75,-42.05659
1178731875.0,-42.04303
1178732031.25,-42.05981
1178732187.5,-42.05348
1178732343.75,-42.05053
1178732500.0,-42.07026
1178732656.25,-42.04274
1178732812.5,-42.05353
1178732968.75,-42.04872
1178733125.0,-42.05625
1178733281.25,-42.04911
1178733437.5,-42.01789
1178733593.75,-42.06244
1178733750.0,-42.05124
1178733906.25,-42.06093
1178734062.5,-42.0378
1178734218.75,-42.05044
1178734375.0,-42.04225
1178734531.25,-42.0565
1178734687.5,-42.06586
1178734843.75,-42.06407
1178735000.0,-42.05215
1178735156.25,-42.05283
1178735312.5,-42.05321
1178735468.75,-42.05679
1178735625.0,-42.04672
1178735781.25,-42.05709
1178735937.5,-42.05881
1178736093.75,-42.04294
1178736250.0,-42.02486
1178736406.25,-42.06276
1178736562.5,-42.05984
1178736718.75,-42.01431
1178736875.0,-42.03244
1178737031.25,-42.04269
1178737187.5,-42.03559
1178737343.75,-42.03809
1178737500.0,-42.05274
1178737656.25,-42.04947
1178737812.5,-42.04135
1178737968.75,-42.03509
1178738125.0,-42.0289
1178738281.25,-42.0182
1178738437.5,-42.02567
1178738593.75,-42.05204
1178738750.0,-42.03427
1178738906.25,-42.0336
1178739062.5,-42.04329
1178739218.75,-42.0368
1178739375.0,-42.02579
1178739531.25,-42.03461
1178739687.5,-42.04713
1178739843.75,-42.03808
1178740000.0,-42.03283
1178740156.25,-42.02317
1178740312.5,-42.00378
1178740468.75,-42.01511
1178740625.0,-42.0487
1178740781.25,-42.02398
1178740937.5,-42.0303
1178741093.75,-42.0272
1178741250.0,-42.01323
1178741406.25,-42.01472
1178741562.5,-42.03333
1178741718.75,-42.03326
1178741875.0,-42.03325
1178742031.25,-42.0123
1178742187.5,-42.04015
1178742343.75,-42.0107
1178742500.0,-42.03371
1178742656.25,-42.03781
1178742812.5,-42.04149
1178742968.75,-42.02053
1178743125.0,-42.02423
1178743281.25,-42.01094
1178743437.5,-42.01906
1178743593.75,-42.01639
1178743750.0,-41.98273
1178743906.25,-42.00564
1178744062.5,-42.00093
1178744218.75,-42.01794
1178744375.0,-42.00544
1178744531.25,-42.02449
1178744687.5,-42.02504
1178744843.75,-42.00025
1178745000.0,-42.0277
1178745156.25,-41.99831
1178745312.5,-42.00198
1178745468.75,-42.0102
1178745625.0,-42.01884
1178745781.25,-41.98417
1178745937.5,-42.0118
1178746093.75,-42.002
1178746250.0,-42.01403
1178746406.25,-42.02056
1178746562.5,-42.0197
1178746718.75,-41.99947
1178746875.0,-42.00629
1178747031.25,-42.02173
1178747187.5,-41.99426
1178747343.75,-42.01859
1178747500.0,-41.9964
1178747656.25,-42.00767
1178747812.5,-42.00586
1178747968.75,-42.00003
1178748125.0,-41.98425
1178748281.25,-41.98911
1178748437.5,-42.00451
1178748593.75,-42.00139
1178748750.0,-41.99415
1178748906.25,-42.01427
1178749062.5,-42.00349
1178749218.75,-41.98632
1178749375.0,-42.01606
1178749531.25,-42.02713
1178749687.5,-41.97952
1178749843.75,-41.98951
1178750000.0,-42.02203
1178750156.25,-41.99284
1178750312.5,-42.00334
1178750468.75,-41.98768
1178750625.0,-41.96548
1178750781.25,-41.96659
1178750937.5,-41.99195
1178751093.75,-41.97758
1178751250.0,-42.00227
1178751406.25,-41.993
1178751562.5,-41.99113
1178751718.75,-41.98161
1178751875.0,-41.96783
1178752031.25,-41.99009
1178752187.5,-41.9926
1178752343.75,-41.97915
1178752500.0,-42.00116
1178752656.25,-41.97239
1178752812.5,-41.9938
1178752968.75,-41.98648
1178753125.0,-41.98088
1178753281.25,-41.99423
1178753437.5,-41.97804
1178753593.75,-41.98201
1178753750.0,-41.97955
1178753906.25,-42.00031
1178754062.5,-41.97821
1178754218.75,-41.95923
1178754375.0,-41.95575
1178754531.25,-41.98999
1178754687.5,-41.98267
1178754843.75,-41.98519
1178755000.0,-41.98642
1178755156.25,-41.97943
1178755312.5,-41.9648
1178755468.75,-41.9752
1178755625.0,-41.97633
1178755781.25,-41.98009
1178755937.5,-41.98191
1178756093.75,-41.96797
1178756250.0,-41.97274
1178756406.25,-41.9615
1178756562.5,-41.98211
1178756718.75,-41.96865
1178756875.0,-41.98703
1178757031.25,-41.97849
1178757187.5,-41.96377
1178757343.75,-41.99187
1178757500.0,-41.96328
1178757656.25,-41.95467
1178757812.5,-41.98224
1178757968.75,-41.98104
1178758125.0,-41.97203
1178758281.25,-41.97657
1178758437.5,-41.9591
1178758593.75,-41.97128
1178758750.0,-41.98399
1178758906.25,-41.967
1178759062.5,-41.9585
1178759218.75,-41.95874
1178759375.0,-41.96688
1178759531.25,-41.95379
1178759687.5,-41.97238
1178759843.75,-41.97061
1178760000.0,-41.96214
1178760156.25,-41.95558
1178760312.5,-41.96964
1178760468.75,-41.96535
1178760625.0,-41.97007
1178760781.25,-41.95431
1178760937.5,-41.96171
1178761093.75,-41.9535
1178761250.0,-41.9542
1178761406.25,-41.96679
1178761562.5,-41.95087
1178761718.75,-41.92665
1178761875.0,-41.9619
1178762031.25,-41.96132
1178762187.5,-41.96416
1178762343.75,-41.95124
1178762500.0,-41.93179
1178762656.25,-41.9504
1178762812.5,-41.95884
1178762968.75,-41.939
1178763125.0,-41.94036
1178763281.25,-41.96109
1178763437.5,-41.95869
1178763593.75,-41.95884
1178763750.0,-41.93804
1178763906.25,-41.93629
1178764062.5,-41.93872
1178764218.75,-41.93557
1178764375.0,-41.96749
1178764531.25,-41.95824
1178764687.5,-41.96196
1178764843.75,-41.9535
1178765000.0,-41.94257
1178765156.25,-41.93621
1178765312.5,-41.95177
1178765468.75,-41.95701
1178765625.0,-41.93412
1178765781.25,-41.93745
1178765937.5,-41.94419
1178766093.75,-41.93545
1178766250.0,-41.94572
1178766406.25,-41.9352
1178766562.5,-41.9465
1178766718.75,-41.96096
1178766875.0,-41.94056
1178767031.25,-41.97182
1178767187.5,-41.92685
1178767343.75,-41.95256
1178767500.0,-41.93704
1178767656.25,-41.9332
1178767812.5,-41.92139
1178767968.75,-41.92202
1178768125.0,-41.91012
1178768281.25,-41.93132
1178768437.5,-41.96629
1178768593.75,-41.93574
1178768750.0,-41.91578
1178768906.25,-41.93356
1178769062.5,-41.92384
1178769218.75,-41.91609
1178769375.0,-41.95403
1178769531.25,-41.9166
1178769687.5,-41.91843
1178769843.75,-41.93748
1178770000.0,-41.90477
1178770156.25,-41.92001
1178770312.5,-41.94305
1178770468.75,-41.93163
1178770625.0,-41.92556
1178770781.25,-41.90563
1178770937.5,-41.9309
1178771093.75,-41.89492
1178771250.0,-41.94564
1178771406.25,-41.93616
1178771562.5,-41.93532
1178771718.75,-41.94352
1178771875.0,-41.93114
1178772031.25,-41.9311
1178772187.5,-41.91003
1178772343.75,-41.93823
1178772500.0,-41.91356
1178772656.25,-41.91564
1178772812.5,-41.93142
1178772968.75,-41.91032
1178773125.0,-41.91898
1178773281.25,-41.91946
1178773437.5,-41.91703
1178773593.75,-41.9158
1178773750.0,-41.90429
1178773906.25,-41.93652
1178774062.5,-41.89846
1178774218.75,-41.91809
1178774375.0,-41.92005
1178774531.25,-41.91692
1178774687.5,-41.90757
1178774843.75,-41.90955
1178775000.0,-41.91396
1178775156.25,-41.90057
1178775312.5,-41.90525
1178775468.75,-41.90449
1178775625.0,-41.92027
1178775781.25,-41.89642
1178775937.5,-41.90263
1178776093.75,-41.89697
1178776250.0,-41.91407
1178776406.25,-41.88024
1178776562.5,-41.89142
1178776718.75,-41.86982
1178776875.0,-41.89349
1178777031.25,-41.90707
1178777187.5,-41.88963
1178777343.75,-41.90052
1178777500.0,-41.90417
1178777656.25,-41.90392
1178777812.5,-41.89386
1178777968.75,-41.87865
1178778125.0,-41.90063
1178778281.25,-41.90752
1178778437.5,-41.91811
1178778593.75,-41.89188
1178778750.0,-41.8939
1178778906.25,-41.88697
1178779062.5,-41.91817
1178779218.75,-41.89006
1178779375.0,-41.89146
1178779531.25,-41.90341
1178779687.5,-41.90461
1178779843.75,-41.89578
1178780000.0,-41.90303
1178780156.25,-41.87734
1178780312.5,-41.88929
1178780468.75,-41.87959
1178780625.0,-41.89037
1178780781.25,-41.87755
1178780937.5,-41.88496
1178781093.75,-41.89309
1178781250.0,-41.87542
1178781406.25,-41.87891
1178781562.5,-41.89831
1178781718.75,-41.89616
1178781875.0,-41.87735
1178782031.25,-41.86613
1178782187.5,-41.88091
1178782343.75,-41.89664
1178782500.0,-41.90711
1178782656.25,-41.881
1178782812.5,-41.9073
1178782968.75,-41.88919
1178783125.0,-41.88185
1178783281.25,-41.86851
1178783437.5,-41.87452
1178783593.75,-41.88655
1178783750.0,-41.87138
1178783906.25,-41.86745
1178784062.5,-41.8891
1178784218.75,-41.87786
1178784375.0,-41.87437
1178784531.25,-41.86212
1178784687.5,-41.87153
1178784843.75,-41.89811
1178785000.0,-41.88445
1178785156.25,-41.86263
1178785312.5,-41.84547
1178785468.75,-41.88268
1178785625.0,-41.8692
1178785781.25,-41.85572
1178785937.5,-41.87512
1178786093.75,-41.88288
1178786250.0,-41.87188
1178786406.25,-41.89124
1178786562.5,-41.86249
1178786718.75,-41.85604
1178786875.0,-41.88477
1178787031.25,-41.87839
1178787187.5,-41.84188
1178787343.75,-41.85601
1178787500.0,-41.86246
1178787656.25,-41.84433
1178787812.5,-41.85027
1178787968.75,-41.87269
1178788125.0,-41.84819
1178788281.25,-41.86419
1178788437.5,-41.87808
1178788593.75,-41.85953
1178788750.0,-41.88797
1178788906.25,-41.84921
1178789062.5,-41.88074
1178789218.75,-41.88201
1178789375.0,-41.85724
1178789531.25,-41.86707
1178789687.5,-41.86242
1178789843.75,-41.86076
1178790000.0,-41.84549
1178790156.25,-41.8739
1178790312.5,-41.86825
1178790468.75,-41.87114
1178790625.0,-41.87088
1178790781.25,-41.84019
1178790937.5,-41.8659
1178791093.75,-41.87261
1178791250.0,-41.86046
1178791406.25,-41.86117
1178791562.5,-41.86691
1178791718.75,-41.84384
1178791875.0,-41.84954
1178792031.25,-41.84713
1178792187.5,-41.82508
1178792343.75,-41.84023
1178792500.0,-41.84381
1178792656.25,-41.84792
1178792812.5,-41.8481
1178792968.75,-41.84894
1178793125.0,-41.85539
1178793281.25,-41.85751
1178793437.5,-41.87153
1178793593.75,-41.85017
1178793750.0,-41.87207
1178793906.25,-41.83808
1178794062.5,-41.83058
1178794218.75,-41.84305
1178794375.0,-41.84531
1178794531.25,-41.84485
1178794687.5,-41.84539
1178794843.75,-41.83143
1178795000.0,-41.84307
1178795156.25,-41.85392
1178795312.5,-41.84699
1178795468.75,-41.84756
1178795625.0,-41.82957
1178795781.25,-41.83905
1178795937.5,-41.84441
1178796093.75,-41.83345
1178796250.0,-41.81563
1178796406.25,-41.82861
1178796562.5,-41.838
1178796718.75,-41.84993
1178796875.0,-41.83038
1178797031.25,-41.84631
1178797187.5,-41.81561
1178797343.75,-41.82644
1178797500.0,-41.83286
1178797656.25,-41.83149
1178797812.5,-41.84373
1178797968.75,-41.82453
1178798125.0,-41.83337
1178798281.25,-41.8231
1178798437.5,-41.85624
1178798593.75,-41.83206
1178798750.0,-41.81104
1178798906.25,-41.85225
1178799062.5,-41.84079
1178799218.75,-41.83584
1178799375.0,-41.85622
1178799531.25,-41.82795
1178799687.5,-41.82213
1178799843.75,-41.82938
1178800000.0,-41.82269
1178800156.25,-41.84966
1178800312.5,-41.84507
1178800468.75,-41.82304
1178800625.0,-41.79874
1178800781.25,-41.82925
1178800937.5,-41.8135
1178801093.75,-41.83549
1178801250.0,-41.83683
1178801406.25,-41.83813
1178801562.5,-41.80119
1178801718.75,-41.81867
1178801875.0,-41.83283
1178802031.25,-41.82219
1178802187.5,-41.81783
1178802343.75,-41.81109
1178802500.0,-41.79375
1178802656.25,-41.81544
1178802812.5,-41.81195
1178802968.75,-41.79316
1178803125.0,-41.80108
1178803281.25,-41.82233
1178803437.5,-41.7993
1178803593.75,-41.80322
1178803750.0,-41.81364
1178803906.25,-41.80912
1178804062.5,-41.79776
1178804218.75,-41.8174
1178804375.0,-41.79818
1178804531.25,-41.82014
1178804687.5,-41.81367
1178804843.75,-41.81599
1178805000.0,-41.80429
1178805156.25,-41.80186
1178805312.5,-41.8023
1178805468.75,-41.81729
1178805625.0,-41.79706
1178805781.25,-41.79033
1178805937.5,-41.8196
1178806093.75,-41.79469
1178806250.0,-41.82378
1178806406.25,-41.81109
1178806562.5,-41.81318
1178806718.75,-41.79993
1178806875.0,-41.79662
1178807031.25,-41.81873
1178807187.5,-41.8056
1178807343.75,-41.7816
1178807500.0,-41.79706
1178807656.25,-41.79076
1178807812.5,-41.80237
1178807968.75,-41.80671
1178808125.0,-41.788
1178808281.25,-41.8016
1178808437.5,-41.80639
1178808593.75,-41.80335
1178808750.0,-41.80468
1178808906.25,-41.79507
1178809062.5,-41.80416
1178809218.75,-41.78299
1178809375.0,-41.79453
1178809531.25,-41.79607
1178809687.5,-41.80876
1178809843.75,-41.78744
1178810000.0,-41.78283
1178810156.25,-41.78997
1178810312.5,-41.7865
1178810468.75,-41.80435
1178810625.0,-41.77735
1178810781.25,-41.80475
1178810937.5,-41.77802
1178811093.75,-41.758
1178811250.0,-41.774
1178811406.25,-41.76658
1178811562.5,-41.78631
1178811718.75,-41.77149
1178811875.0,-41.79783
1178812031.25,-41.78481
1178812187.5,-41.77007
1178812343.75,-41.77966
1178812500.0,-41.78078
1178812656.25,-41.77263
1178812812.5,-41.78409
1178812968.75,-41.77025
1178813125.0,-41.78704
1178813281.25,-41.76789
1178813437.5,-41.78284
1178813593.75,-41.77172
1178813750.0,-41.76485
1178813906.25,-41.7762
1178814062.5,-41.78158
1178814218.75,-41.78299
1178814375.0,-41.76864
1178814531.25,-41.78199
1178814687.5,-41.77289
1178814843.75,-41.78398
1178815000.0,-41.76453
1178815156.25,-41.75789
1178815312.5,-41.77227
1178815468.75,-41.75881
1178815625.0,-41.77176
1178815781.25,-41.77446
1178815937.5,-41.77779
1178816093.75,-41.78625
1178816250.0,-41.78163
1178816406.25,-41.76244
1178816562.5,-41.76249
1178816718.75,-41.75116
1178816875.0,-41.75683
1178817031.25,-41.7546
1178817187.5,-41.77305
1178817343.75,-41.77505
1178817500.0,-41.76984
1178817656.25,-41.78234
1178817812.5,-41.75769
1178817968.75,-41.76536
1178818125.0,-41.76753
1178818281.25,-41.74937
1178818437.5,-41.77151
1178818593.75,-41.76007
1178818750.0,-41.75114
1178818906.25,-41.76231
1178819062.5,-41.75598
1178819218.75,-41.75753
1178819375.0,-41.77219
1178819531.25,-41.74839
1178819687.5,-41.74503
1178819843.75,-41.75815
1178820000.0,-41.76229
1178820156.25,-41.72929
1178820312.5,-41.76986
1178820468.75,-41.76386
1178820625.0,-41.7583
1178820781.25,-41.75911
1178820937.5,-41.75016
1178821093.75,-41.76101
1178821250.0,-41.77119
1178821406.25,-41.74554
1178821562.5,-41.7466
1178821718.75,-41.74626
1178821875.0,-41.74517
1178822031.25,-41.7464
1178822187.5,-41.73295
1178822343.75,-41.72913
1178822500.0,-41.74801
1178822656.25,-41.72953
1178822812.5,-41.74207
1178822968.75,-41.71664
1178823125.0,-41.76035
1178823281.25,-41.74956
1178823437.5,-41.74568
1178823593.75,-41.72393
1178823750.0,-41.71794
1178823906.25,-41.71785
1178824062.5,-41.76935
1178824218.75,-41.74686
1178824375.0,-41.73618
1178824531.25,-41.73637
1178824687.5,-41.73609
1178824843.75,-41.734
1178825000.0,-41.73335
1178825156.25,-41.74474
1178825312.5,-41.735
1178825468.75,-41.74163
1178825625.0,-41.72663
1178825781.25,-41.74332
1178825937.5,-41.71659
1178826093.75,-41.71846
1178826250.0,-41.74566
1178826406.25,-41.73191
1178826562.5,-41.73471
1178826718.75,-41.74356
1178826875.0,-41.73615
1178827031.25,-41.72923
1178827187.5,-41.72882
1178827343.75,-41.72548
1178827500.0,-41.75333
1178827656.25,-41.72917
1178827812.5,-41.72412
1178827968.75,-41.73821
1178828125.0,-41.72161
1178828281.25,-41.72052
1178828437.5,-41.74124
1178828593.75,-41.70655
1178828750.0,-41.71536
1178828906.25,-41.72272
1178829062.5,-41.72014
1178829218.75,-41.74027
1178829375.0,-41.73306
1178829531.25,-41.72016
1178829687.5,-41.72385
1178829843.75,-41.72206
1178830000.0,-41.7485
1178830156.25,-41.69762
1178830312.5,-41.72016
1178830468.75,-41.73227
1178830625.0,-41.73191
1178830781.25,-41.7169
1178830937.5,-41.74292
1178831093.75,-41.71735
1178831250.0,-41.72013
1178831406.25,-41.73621
1178831562.5,-41.72182
1178831718.75,-41.72943
1178831875.0,-41.6936
1178832031.25,-41.71404
1178832187.5,-41.72807
1178832343.75,-41.72046
1178832500.0,-41.70358
1178832656.25,-41.69859
1178832812.5,-41.71944
1178832968.75,-41.73403
1178833125.0,-41.71613
1178833281.25,-41.72108
1178833437.5,-41.71471
1178833593.75,-41.72176
1178833750.0,-41.70933
1178833906.25,-41.68515
1178834062.5,-41.70712
1178834218.75,-41.70272
1178834375.0,-41.70443
1178834531.25,-41.72367
1178834687.5,-41.69184
1178834843.75,-41.6932
1178835000.0,-41.72742
1178835156.25,-41.68867
1178835312.5,-41.72458
1178835468.75,-41.70985
1178835625.0,-41.73289
1178835781.25,-41.71485
1178835937.5,-41.67776
1178836093.75,-41.70854
1178836250.0,-41.72373
1178836406.25,-41.68464
1178836562.5,-41.69962
1178836718.75,-41.6975
1178836875.0,-41.70821
1178837031.25,-41.69556
1178837187.5,-41.68497
1178837343.75,-41.69217
1178837500.0,-41.68913
1178837656.25,-41.718
1178837812.5,-41.68473
1178837968.75,-41.70578
1178838125.0,-41.68142
1178838281.25,-41.69241
1178838437.5,-41.71545
1178838593.75,-41.69254
1178838750.0,-41.6921
1178838906.25,-41.68603
1178839062.5,-41.69687
1178839218.75,-41.693
1178839375.0,-41.70186
1178839531.25,-41.70756
1178839687.5,-41.68262
1178839843.75,-41.69404
1178840000.0,-41.66032
1178840156.25,-41.6876
1178840312.5,-41.67979
1178840468.75,-41.68653
1178840625.0,-41.68341
1178840781.25,-41.6932
1178840937.5,-41.68937
1178841093.75,-41.673
1178841250.0,-41.66852
1178841406.25,-41.67657
1178841562.5,-41.68555
1178841718.75,-41.69384
1178841875.0,-41.69369
1178842031.25,-41.69244
1178842187.5,-41.66502
1178842343.75,-41.6786
1178842500.0,-41.66212
1178842656.25,-41.68335
1178842812.5,-41.67311
1178842968.75,-41.67814
1178843125.0,-41.65149
1178843281.25,-41.66529
1178843437.5,-41.67752
1178843593.75,-41.66024
1178843750.0,-41.68544
1178843906.25,-41.6743
1178844062.5,-41.66259
1178844218.75,-41.67584
1178844375.0,-41.66884
1178844531.25,-41.67695
1178844687.5,-41.66978
1178844843.75,-41.66367
1178845000.0,-41.66959
1178845156.25,-41.68279
1178845312.5,-41.66913
1178845468.75,-41.65807
1178845625.0,-41.67981
1178845781.25,-41.68443
1178845937.5,-41.66243
1178846093.75,-41.66696
1178846250.0,-41.64632
1178846406.25,-41.65554
1178846562.5,-41.66142
1178846718.75,-41.66227
1178846875.0,-41.65947
1178847031.25,-41.65517
1178847187.5,-41.66061
1178847343.75,-41.6726
1178847500.0,-41.66171
1178847656.25,-41.67185
1178847812.5,-41.6468
1178847968.75,-41.65039
1178848125.0,-41.65638
1178848281.25,-41.65434
1178848437.5,-41.65394
1178848593.75,-41.67652
1178848750.0,-41.63257
1178848906.25,-41.65678
1178849062.5,-41.66598
1178849218.75,-41.64632
1178849375.0,-41.64695
1178849531.25,-41.65686
1178849687.5,-41.6454
1178849843.75,-41.66646
1178850000.0,-41.64284
1178850156.25,-41.64766
1178850312.5,-41.65318
1178850468.75,-41.6617
1178850625.0,-41.6388
1178850781.25,-41.65976
1178850937.5,-41.62759
1178851093.75,-41.62432
1178851250.0,-41.63986
1178851406.25,-41.6676
1178851562.5,-41.65208
1178851718.75,-41.64098
1178851875.0,-41.64865
1178852031.25,-41.643
1178852187.5,-41.64761
1178852343.75,-41.65578
1178852500.0,-41.64885
1178852656.25,-41.65018
1178852812.5,-41.64631
1178852968.75,-41.63527
1178853125.0,-41.6645
1178853281.25,-41.63894
1178853437.5,-41.64085
1178853593.75,-41.64731
1178853750.0,-41.62989
1178853906.25,-41.63409
1178854062.5,-41.62729
1178854218.75,-41.63177
1178854375.0,-41.64052
1178854531.25,-41.63236
1178854687.5,-41.63837
1178854843.75,-41.6447
1178855000.0,-41.64559
1178855156.25,-41.63922
1178855312.5,-41.61648
1178855468.75,-41.64012
1178855625.0,-41.64044
1178855781.25,-41.65898
1178855937.5,-41.66002
1178856093.75,-41.61905
1178856250.0,-41.63375
1178856406.25,-41.63218
1178856562.5,-41.63004
1178856718.75,-41.63983
1178856875.0,-41.63279
1178857031.25,-41.64005
1178857187.5,-41.61888
1178857343.75,-41.64726
1178857500.0,-41.64233
1178857656.25,-41.62391
1178857812.5,-41.62498
1178857968.75,-41.62572
1178858125.0,-41.6198
1178858281.25,-41.63129
1178858437.5,-41.60002
1178858593.75,-41.63123
1178858750.0,-41.64839
1178858906.25,-41.59338
1178859062.5,-41.60571
1178859218.75,-41.63648
1178859375.0,-41.63518
1178859531.25,-41.61316
1178859687.5,-41.61303
1178859843.75,-41.63906
1178860000.0,-41.6352
1178860156.25,-41.62583
1178860312.5,-41.63269
1178860468.75,-41.60569
1178860625.0,-41.61711
1178860781.25,-41.60928
1178860937.5,-41.61732
1178861093.75,-41.59767
1178861250.0,-41.62219
1178861406.25,-41.63254
1178861562.5,-41.59539
1178861718.75,-41.60957
1178861875.0,-41.60484
1178862031.25,-41.61565
1178862187.5,-41.62745
1178862343.75,-41.63834
1178862500.0,-41.60113
1178862656.25,-41.62991
1178862812.5,-41.61825
1178862968.75,-41.6045
1178863125.0,-41.59583
1178863281.25,-41.61201
1178863437.5,-41.59191
1178863593.75,-41.59606
1178863750.0,-41.59769
1178863906.25,-41.59886
1178864062.5,-41.60867
1178864218.75,-41.60638
1178864375.0,-41.61567
1178864531.25,-41.60305
1178864687.5,-41.60341
1178864843.75,-41.59908
1178865000.0,-41.61433
1178865156.25,-41.59047
1178865312.5,-41.59141
1178865468.75,-41.58038
1178865625.0,-41.59534
1178865781.25,-41.59779
1178865937.5,-41.61814
1178866093.75,-41.59419
1178866250.0,-41.59385
1178866406.25,-41.58675
1178866562.5,-41.6008
1178866718.75,-41.57844
1178866875.0,-41.58969
1178867031.25,-41.60194
1178867187.5,-41.60692
1178867343.75,-41.588
1178867500.0,-41.58575
1178867656.25,-41.56877
1178867812.5,-41.59484
1178867968.75,-41.58453
1178868125.0,-41.57693
1178868281.25,-41.59444
1178868437.5,-41.56467
1178868593.75,-41.59565
1178868750.0,-41.60205
1178868906.25,-41.58695
1178869062.5,-41.58416
1178869218.75,-41.55925
1178869375.0,-41.57845
1178869531.25,-41.58973
1178869687.5,-41.59736
1178869843.75,-41.57545
1178870000.0,-41.57351
1178870156.25,-41.57128
1178870312.5,-41.57964
1178870468.75,-41.57169
1178870625.0,-41.58726
1178870781.25,-41.57146
1178870937.5,-41.5785
1178871093.75,-41.59312
1178871250.0,-41.58216
1178871406.25,-41.6068
1178871562.5,-41.57498
1178871718.75,-41.56438
1178871875.0,-41.57923
1178872031.25,-41.56812
1178872187.5,-41.5766
1178872343.75,-41.55734
1178872500.0,-41.56592
1178872656.25,-41.57703
1178872812.5,-41.57682
1178872968.75,-41.56252
1178873125.0,-41.56855
1178873281.25,-41.56287
1178873437.5,-41.58802
1178873593.75,-41.58232
1178873750.0,-41.58174
1178873906.25,-41.55676
1178874062.5,-41.57318
1178874218.75,-41.55457
1178874375.0,-41.57289
1178874531.25,-41.56598
1178874687.5,-41.56414
1178874843.75,-41.55537
1178875000.0,-41.57685
1178875156.25,-41.55437
1178875312.5,-41.56727
1178875468.75,-41.54998
1178875625.0,-41.5774
1178875781.25,-41.58023
1178875937.5,-41.53582
1178876093.75,-41.55815
1178876250.0,-41.55761
1178876406.25,-41.57514
1178876562.5,-41.56058
1178876718.75,-41.57568
1178876875.0,-41.57309
1178877031.25,-41.5581
1178877187.5,-41.54646
1178877343.75,-41.5542
1178877500.0,-41.55554
1178877656.25,-41.55113
1178877812.5,-41.54787
1178877968.75,-41.53397
1178878125.0,-41.5607
1178878281.25,-41.54446
1178878437.5,-41.55183
1178878593.75,-41.54504
1178878750.0,-41.56084
1178878906.25,-41.51409
1178879062.5,-41.55349
1178879218.75,-41.56406
1178879375.0,-41.55324
1178879531.25,-41.55221
1178879687.5,-41.56249
1178879843.75,-41.54128
1178880000.0,-41.52991
1178880156.25,-41.54823
1178880312.5,-41.55553
1178880468.75,-41.54747
1178880625.0,-41.55124
1178880781.25,-41.54747
1178880937.5,-41.54822
1178881093.75,-41.52258
1178881250.0,-41.55993
1178881406.25,-41.55457
1178881562.5,-41.56482
1178881718.75,-41.5517
1178881875.0,-41.54263
1178882031.25,-41.5417
1178882187.5,-41.54729
1178882343.75,-41.52632
1178882500.0,-41.54227
1178882656.25,-41.53394
1178882812.5,-41.53892
1178882968.75,-41.52481
1178883125.0,-41.53229
1178883281.25,-41.51351
1178883437.5,-41.51928
1178883593.75,-41.52617
1178883750.0,-41.52625
1178883906.25,-41.53039
1178884062.5,-41.5309
1178884218.75,-41.5272
1178884375.0,-41.50061
1178884531.25,-41.54151
1178884687.5,-41.53624
1178884843.75,-41.52619
1178885000.0,-41.51456
1178885156.25,-41.54254
1178885312.5,-41.52802
1178885468.75,-41.52174
1178885625.0,-41.52625
1178885781.25,-41.53114
1178885937.5,-41.52587
1178886093.75,-41.53413
1178886250.0,-41.54063
1178886406.25,-41.51851
1178886562.5,-41.53089
1178886718.75,-41.48604
1178886875.0,-41.51484
1178887031.25,-41.54875
1178887187.5,-41.52627
1178887343.75,-41.52408
1178887500.0,-41.51142
1178887656.25,-41.51701
1178887812.5,-41.51259
1178887968.75,-41.52575
1178888125.0,-41.5106
1178888281.25,-41.53034
1178888437.5,-41.52578
1178888593.75,-41.50645
1178888750.0,-41.48925
1178888906.25,-41.51696
1178889062.5,-41.52716
1178889218.75,-41.51345
1178889375.0,-41.5056
1178889531.25,-41.51039
1178889687.5,-41.51197
1178889843.75,-41.51482
1178890000.0,-41.5001
1178890156.25,-41.49427
1178890312.5,-41.51651
1178890468.75,-41.52486
1178890625.0,-41.5109
1178890781.25,-41.49897
1178890937.5,-41.51642
1178891093.75,-41.52675
1178891250.0,-41.50288
1178891406.25,-41.51525
1178891562.5,-41.50504
1178891718.75,-41.50099
1178891875.0,-41.49213
1178892031.25,-41.50625
1178892187.5,-41.52002
1178892343.75,-41.48956
1178892500.0,-41.51113
1178892656.25,-41.51585
1178892812.5,-41.51345
1178892968.75,-41.51479
1178893125.0,-41.49033
1178893281.25,-41.49493
1178893437.5,-41.48775
1178893593.75,-41.47625
1178893750.0,-41.48354
1178893906.25,-41.49923
1178894062.5,-41.50269
1178894218.75,-41.47821
1178894375.0,-41.51879
1178894531.25,-41.48808
1178894687.5,-41.48761
1178894843.75,-41.49828
1178895000.0,-41.48474
1178895156.25,-41.5132
1178895312.5,-41.48996
1178895468.75,-41.49579
1178895625.0,-41.49693
1178895781.25,-41.4828
1178895937.5,-41.47837
1178896093.75,-41.48292
1178896250.0,-41.47892
1178896406.25,-41.49133
1178896562.5,-41.46539
1178896718.75,-41.48822
1178896875.0,-41.48887
1178897031.25,-41.48647
1178897187.5,-41.4924
1178897343.75,-41.47092
1178897500.0,-41.492
1178897656.25,-41.47252
1178897812.5,-41.48537
1178897968.75,-41.49701
1178898125.0,-41.47675
1178898281.25,-41.47419
1178898437.5,-41.47528
1178898593.75,-41.4677
1178898750.0,-41.48027
1178898906.25,-41.47989
1178899062.5,-41.46215
1178899218.75,-41.48435
1178899375.0,-41.46854
1178899531.25,-41.47425
1178899687.5,-41.46073
1178899843.75,-41.45644
1178900000.0,-41.47404
1178900156.25,-41.47308
1178900312.5,-41.45815
1178900468.75,-41.46914
1178900625.0,-41.47906
1178900781.25,-41.48002
1178900937.5,-41.4665
1178901093.75,-41.46186
1178901250.0,-41.47162
1178901406.25,-41.47343
1178901562.5,-41.47282
1178901718.75,-41.47495
1178901875.0,-41.46794
1178902031.25,-41.46568
1178902187.5,-41.45018
1178902343.75,-41.45149
1178902500.0,-41.48229
1178902656.25,-41.46438
1178902812.5,-41.47482
1178902968.75,-41.4828
1178903125.0,-41.46556
1178903281.25,-41.47155
1178903437.5,-41.45714
1178903593.75,-41.47268
1178903750.0,-41.4565
1178903906.25,-41.45997
1178904062.5,-41.45174
1178904218.75,-41.45391
1178904375.0,-41.4435
1178904531.25,-41.46116
1178904687.5,-41.4763
1178904843.75,-41.45755
1178905000.0,-41.4488
1178905156.25,-41.44806
1178905312.5,-41.44366
1178905468.75,-41.4486
1178905625.0,-41.44736
1178905781.25,-41.45173
1178905937.5,-41.45364
1178906093.75,-41.43555
1178906250.0,-41.45563
1178906406.25,-41.46886
1178906562.5,-41.49008
1178906718.75,-41.46171
1178906875.0,-41.45646
1178907031.25,-41.44288
1178907187.5,-41.45884
1178907343.75,-41.45232
1178907500.0,-41.45246
1178907656.25,-41.44564
1178907812.5,-41.45839
1178907968.75,-41.44912
1178908125.0,-41.46264
1178908281.25,-41.43683
1178908437.5,-41.44292
1178908593.75,-41.43527
1178908750.0,-41.44696
1178908906.25,-41.46204
1178909062.5,-41.43902
1178909218.75,-41.45253
1178909375.0,-41.4405
1178909531.25,-41.43589
1178909687.5,-41.43513
1178909843.75,-41.45217
1178910000.0,-41.44765
1178910156.25,-41.44861
1178910312.5,-41.43773
1178910468.75,-41.43626
1178910625.0,-41.4321
1178910781.25,-41.44243
1178910937.5,-41.44997
1178911093.75,-41.44038
1178911250.0,-41.43247
1178911406.25,-41.43373
1178911562.5,-41.43666
1178911718.75,-41.43293
1178911875.0,-41.42925
1178912031.25,-41.43631
1178912187.5,-41.43108
1178912343.75,-41.43064
1178912500.0,-41.43681
1178912656.25,-41.434
1178912812.5,-41.41782
1178912968.75,-41.44761
1178913125.0,-41.41683
1178913281.25,-41.42538
1178913437.5,-41.41092
1178913593.75,-41.42546
1178913750.0,-41.43511
1178913906.25,-41.43376
1178914062.5,-41.43298
1178914218.75,-41.41771
1178914375.0,-41.41831
1178914531.25,-41.42998
1178914687.5,-41.41738
1178914843.75,-41.40755
1178915000.0,-41.41835
1178915156.25,-41.42269
1178915312.5,-41.42555
1178915468.75,-41.42872
1178915625.0,-41.41586
1178915781.25,-41.42952
1178915937.5,-41.41919
1178916093.75,-41.40234
1178916250.0,-41.40932
1178916406.25,-41.41656
1178916562.5,-41.40515
1178916718.75,-41.42511
1178916875.0,-41.40955
1178917031.25,-41.40453
1178917187.5,-41.43331
1178917343.75,-41.40418
1178917500.0,-41.40407
1178917656.25,-41.40877
1178917812.5,-41.41107
1178917968.75,-41.42777
1178918125.0,-41.42336
1178918281.25,-41.38697
1178918437.5,-41.41813
1178918593.75,-41.39307
1178918750.0,-41.39891
1178918906.25,-41.41776
1178919062.5,-41.41679
1178919218.75,-41.42251
1178919375.0,-41.42056
1178919531.25,-41.42083
1178919687.5,-41.41427
1178919843.75,-41.39729
1178920000.0,-41.39941
1178920156.25,-41.40014
1178920312.5,-41.39123
1178920468.75,-41.39676
1178920625.0,-41.38976
1178920781.25,-41.4161
1178920937.5,-41.39452
1178921093.75,-41.42418
1178921250.0,-41.39589
1178921406.25,-41.41588
1178921562.5,-41.39139
1178921718.75,-41.40817
1178921875.0,-41.41294
1178922031.25,-41.39315
1178922187.5,-41.38485
1178922343.75,-41.39444
1178922500.0,-41.38907
1178922656.25,-41.39873
1178922812.5,-41.40089
1178922968.75,-41.39972
1178923125.0,-41.40974
1178923281.25,-41.39789
1178923437.5,-41.3876
1178923593.75,-41.40174
1178923750.0,-41.38382
1178923906.25,-41.38853
1178924062.5,-41.36858
1178924218.75,-41.38445
1178924375.0,-41.37141
1178924531.25,-41.38157
1178924687.5,-41.39885
1178924843.75,-41.3749
1178925000.0,-41.35372
1178925156.25,-41.3882
1178925312.5,-41.38782
1178925468.75,-41.37513
1178925625.0,-41.38391
1178925781.25,-41.38489
1178925937.5,-41.37598
1178926093.75,-41.38975
1178926250.0,-41.37326
1178926406.25,-41.37221
1178926562.5,-41.39079
1178926718.75,-41.37937
1178926875.0,-41.39069
1178927031.25,-41.3656
1178927187.5,-41.36929
1178927343.75,-41.38507
1178927500.0,-41.35767
1178927656.25,-41.36131
1178927812.5,-41.38684
1178927968.75,-41.35234
1178928125.0,-41.37709
1178928281.25,-41.35663
1178928437.5,-41.37834
1178928593.75,-41.37664
1178928750.0,-41.39025
1178928906.25,-41.37288
1178929062.5,-41.36283
1178929218.75,-41.37349
1178929375.0,-41.36462
1178929531.25,-41.36164
1178929687.5,-41.3708
1178929843.75,-41.37266
1178930000.0,-41.35759
1178930156.25,-41.36669
1178930312.5,-41.34479
1178930468.75,-41.3637
1178930625.0,-41.36763
1178930781.25,-41.3633
1178930937.5,-41.35765
1178931093.75,-41.34052
1178931250.0,-41.36024
1178931406.25,-41.37993
1178931562.5,-41.37443
1178931718.75,-41.37033
1178931875.0,-41.35036
1178932031.25,-41.37391
1178932187.5,-41.35493
1178932343.75,-41.34222
1178932500.0,-41.35679
1178932656.25,-41.3423
1178932812.5,-41.34889
1178932968.75,-41.33821
1178933125.0,-41.35117
1178933281.25,-41.34712
1178933437.5,-41.36031
1178933593.75,-41.33959
1178933750.0,-41.36024
1178933906.25,-41.34388
1178934062.5,-41.33591
1178934218.75,-41.35278
1178934375.0,-41.33255
1178934531.25,-41.33501
1178934687.5,-41.34425
1178934843.75,-41.31726
1178935000.0,-41.35828
1178935156.25,-41.34548
1178935312.5,-41.3649
1178935468.75,-41.3629
1178935625.0,-41.36646
1178935781.25,-41.38241
1178935937.5,-41.35371
1178936093.75,-41.34702
1178936250.0,-41.33496
1178936406.25,-41.35669
1178936562.5,-41.34266
1178936718.75,-41.33674
1178936875.0,-41.35185
1178937031.25,-41.32817
1178937187.5,-41.33219
1178937343.75,-41.33052
1178937500.0,-41.33093
1178937656.25,-41.32592
1178937812.5,-41.32904
1178937968.75,-41.34572
1178938125.0,-41.32832
1178938281.25,-41.31908
1178938437.5,-41.32641
1178938593.75,-41.32346
1178938750.0,-41.33118
1178938906.25,-41.33038
1178939062.5,-41.31564
1178939218.75,-41.31824
1178939375.0,-41.33982
1178939531.25,-41.31842
1178939687.5,-41.33778
1178939843.75,-41.33475
1178940000.0,-41.33953
1178940156.25,-41.33072
1178940312.5,-41.32631
1178940468.75,-41.32247
1178940625.0,-41.31416
1178940781.25,-41.32998
1178940937.5,-41.31123
1178941093.75,-41.32933
1178941250.0,-41.33081
1178941406.25,-41.30555
1178941562.5,-41.31169
1178941718.75,-41.332
1178941875.0,-41.30905
1178942031.25,-41.33891
1178942187.5,-41.31657
1178942343.75,-41.32426
1178942500.0,-41.31113
1178942656.25,-41.32516
1178942812.5,-41.3143
1178942968.75,-41.31961
1178943125.0,-41.34996
1178943281.25,-41.32457
1178943437.5,-41.30929
1178943593.75,-41.31056
1178943750.0,-41.30948
1178943906.25,-41.31612
1178944062.5,-41.29849
1178944218.75,-41.3153
1178944375.0,-41.32563
1178944531.25,-41.33269
1178944687.5,-41.32457
1178944843.75,-41.32098
1178945000.0,-41.32687
1178945156.25,-41.33123
1178945312.5,-41.31768
1178945468.75,-41.30849
1178945625.0,-41.30148
1178945781.25,-41.2979
1178945937.5,-41.30999
1178946093.75,-41.30281
1178946250.0,-41.3089
1178946406.25,-41.30396
1178946562.5,-41.31567
1178946718.75,-41.30758
1178946875.0,-41.29601
1178947031.25,-41.2943
1178947187.5,-41.28762
1178947343.75,-41.32015
1178947500.0,-41.30691
1178947656.25,-41.30396
1178947812.5,-41.29371
1178947968.75,-41.3285
1178948125.0,-41.2962
1178948281.25,-41.28795
1178948437.5,-41.3033
1178948593.75,-41.2781
1178948750.0,-41.30367
1178948906.25,-41.2859
1178949062.5,-41.2952
1178949218.75,-41.30399
1178949375.0,-41.30579
1178949531.25,-41.29882
1178949687.5,-41.294
1178949843.75,-41.30481
1178950000.0,-41.28094
1178950156.25,-41.30552
1178950312.5,-41.29145
1178950468.75,-41.2867
1178950625.0,-41.29382
1178950781.25,-41.28255
1178950937.5,-41.28183
1178951093.75,-41.30903
1178951250.0,-41.30306
1178951406.25,-41.29381
1178951562.5,-41.3091
1178951718.75,-41.29751
1178951875.0,-41.28674
1178952031.25,-41.29739
1178952187.5,-41.29126
1178952343.75,-41.28468
1178952500.0,-41.26598
1178952656.25,-41.29254
1178952812.5,-41.27812
1178952968.75,-41.2782
1178953125.0,-41.2761
1178953281.25,-41.27456
1178953437.5,-41.2733
1178953593.75,-41.29902
1178953750.0,-41.27995
1178953906.25,-41.26248
1178954062.5,-41.26345
1178954218.75,-41.27296
1178954375.0,-41.29322
1178954531.25,-41.26137
1178954687.5,-41.26146
1178954843.75,-41.28331
1178955000.0,-41.26811
1178955156.25,-41.27239
1178955312.5,-41.25993
1178955468.75,-41.26208
1178955625.0,-41.26743
1178955781.25,-41.2593
1178955937.5,-41.28879
1178956093.75,-41.28277
1178956250.0,-41.2889
1178956406.25,-41.26506
1178956562.5,-41.27713
1178956718.75,-41.2705
1178956875.0,-41.27398
1178957031.25,-41.26752
1178957187.5,-41.26293
1178957343.75,-41.26217
1178957500.0,-41.25547
1178957656.25,-41.26507
1178957812.5,-41.25
1178957968.75,-41.26978
1178958125.0,-41.2685
1178958281.25,-41.25568
1178958437.5,-41.27396
1178958593.75,-41.27888
1178958750.0,-41.26238
1178958906.25,-41.25706
1178959062.5,-41.26623
1178959218.75,-41.25934
1178959375.0,-41.25758
1178959531.25,-41.24275
1178959687.5,-41.23954
1178959843.75,-41.27759
1178960000.0,-41.24448
1178960156.25,-41.25213
1178960312.5,-41.26122
1178960468.75,-41.24265
1178960625.0,-41.25641
1178960781.25,-41.24717
1178960937.5,-41.25577
1178961093.75,-41.23595
1178961250.0,-41.24795
1178961406.25,-41.25615
1178961562.5,-41.26493
1178961718.75,-41.24889
1178961875.0,-41.25659
1178962031.25,-41.23729
1178962187.5,-41.25174
1178962343.75,-41.23892
1178962500.0,-41.22712
1178962656.25,-41.23433
1178962812.5,-41.23977
1178962968.75,-41.24482
1178963125.0,-41.2376
1178963281.25,-41.23785
1178963437.5,-41.25115
1178963593.75,-41.23618
1178963750.0,-41.25707
1178963906.25,-41.26411
1178964062.5,-41.24146
1178964218.75,-41.22601
1178964375.0,-41.25871
1178964531.25,-41.23215
1178964687.5,-41.25897
1178964843.75,-41.24609
1178965000.0,-41.26719
1178965156.25,-41.24384
1178965312.5,-41.22895
1178965468.75,-41.22544
1178965625.0,-41.25422
1178965781.25,-41.25483
1178965937.5,-41.23346
1178966093.75,-41.23083
1178966250.0,-41.25008
1178966406.25,-41.26168
1178966562.5,-41.19542
1178966718.75,-41.23055
1178966875.0,-41.22649
1178967031.25,-41.23909
1178967187.5,-41.22077
1178967343.75,-41.23379
1178967500.0,-41.23598
1178967656.25,-41.21747
1178967812.5,-41.20685
1178967968.75,-41.20578
1178968125.0,-41.23747
1178968281.25,-41.22444
1178968437.5,-41.21527
1178968593.75,-41.22454
1178968750.0,-41.21957
1178968906.25,-41.23983
1178969062.5,-41.22741
1178969218.75,-41.20342
1178969375.0,-41.2118
1178969531.25,-41.22944
1178969687.5,-41.21838
1178969843.75,-41.2282
1178970000.0,-41.22748
1178970156.25,-41.21692
1178970312.5,-41.22634
1178970468.75,-41.22248
1178970625.0,-41.21269
1178970781.25,-41.24175
1178970937.5,-41.20695
1178971093.75,-41.23072
1178971250.0,-41.20283
1178971406.25,-41.20324
1178971562.5,-41.20698
1178971718.75,-41.22136
1178971875.0,-41.206
1178972031.25,-41.19059
1178972187.5,-41.21636
1178972343.75,-41.20767
1178972500.0,-41.20629
1178972656.25,-41.20946
1178972812.5,-41.21479
1178972968.75,-41.21779
1178973125.0,-41.20529
1178973281.25,-41.22002
1178973437.5,-41.20345
1178973593.75,-41.22103
1178973750.0,-41.21615
1178973906.25,-41.19406
1178974062.5,-41.20587
1178974218.75,-41.20905
1178974375.0,-41.21198
1178974531.25,-41.20875
1178974687.5,-41.19626
1178974843.75,-41.21118
1178975000.0,-41.19529
1178975156.25,-41.20273
1178975312.5,-41.20472
1178975468.75,-41.21054
1178975625.0,-41.19458
1178975781.25,-41.21008
1178975937.5,-41.20431
1178976093.75,-41.20326
1178976250.0,-41.19967
1178976406.25,-41.19621
1178976562.5,-41.18029
1178976718.75,-41.19901
1178976875.0,-41.1724
1178977031.25,-41.19511
1178977187.5,-41.18482
1178977343.75,-41.1903
1178977500.0,-41.18232
1178977656.25,-41.20499
1178977812.5,-41.19831
1178977968.75,-41.17243
1178978125.0,-41.19741
1178978281.25,-41.19249
1178978437.5,-41.1746
1178978593.75,-41.19249
1178978750.0,-41.1685
1178978906.25,-41.19399
1178979062.5,-41.19428
1178979218.75,-41.19333
1178979375.0,-41.19637
1178979531.25,-41.20169
1178979687.5,-41.17036
1178979843.75,-41.1911
1178980000.0,-41.17926
1178980156.25,-41.18517
1178980312.5,-41.20908
1178980468.75,-41.17626
1178980625.0,-41.18463
1178980781.25,-41.1856
1178980937.5,-41.18825
1178981093.75,-41.17803
1178981250.0,-41.1817
1178981406.25,-41.16115
1178981562.5,-41.17032
1178981718.75,-41.18656
1178981875.0,-41.17172
1178982031.25,-41.18515
1178982187.5,-41.18719
1178982343.75,-41.17554
1178982500.0,-41.18606
1178982656.25,-41.16902
1178982812.5,-41.1655
1178982968.75,-41.17902
1178983125.0,-41.17219
1178983281.25,-41.17867
1178983437.5,-41.15587
1178983593.75,-41.17688
1178983750.0,-41.1689
1178983906.25,-41.17627
1178984062.5,-41.16806
1178984218.75,-41.17599
1178984375.0,-41.17942
1178984531.25,-41.16125
1178984687.5,-41.17836
1178984843.75,-41.17019
1178985000.0,-41.16706
1178985156.25,-41.15831
1178985312.5,-41.17207
1178985468.75,-41.14205
1178985625.0,-41.17475
1178985781.25,-41.1671
1178985937.5,-41.16091
1178986093.75,-41.17334
1178986250.0,-41.16182
1178986406.25,-41.15353
1178986562.5,-41.16687
1178986718.75,-41.15738
1178986875.0,-41.14999
1178987031.25,-41.1636
1178987187.5,-41.18567
1178987343.75,-41.14978
1178987500.0,-41.15284
1178987656.25,-41.16138
1178987812.5,-41.18437
1178987968.75,-41.16336
1178988125.0,-41.16358
1178988281.25,-41.14394
1178988437.5,-41.13519
1178988593.75,-41.14795
1178988750.0,-41.14917
1178988906.25,-41.14449
1178989062.5,-41.13501
1178989218.75,-41.13541
1178989375.0,-41.16082
1178989531.25,-41.16639
1178989687.5,-41.14799
1178989843.75,-41.12952
1178990000.0,-41.16254
1178990156.25,-41.1569
1178990312.5,-41.1496
1178990468.75,-41.1476
1178990625.0,-41.12823
1178990781.25,-41.13025
1178990937.5,-41.1421
1178991093.75,-41.14053
1178991250.0,-41.13845
1178991406.25,-41.14598
1178991562.5,-41.13134
1178991718.75,-41.12335
1178991875.0,-41.12798
1178992031.25,-41.1487
1178992187.5,-41.13713
1178992343.75,-41.12995
1178992500.0,-41.13354
1178992656.25,-41.12669
1178992812.5,-41.13204
1178992968.75,-41.12572
1178993125.0,-41.13446
1178993281.25,-41.12183
1178993437.5,-41.14595
1178993593.75,-41.13087
1178993750.0,-41.12426
1178993906.25,-41.12824
1178994062.5,-41.11984
1178994218.75,-41.14322
1178994375.0,-41.11969
1178994531.25,-41.13762
1178994687.5,-41.12984
1178994843.75,-41.13551
1178995000.0,-41.13457
1178995156.25,-41.11341
1178995312.5,-41.11334
1178995468.75,-41.11661
1178995625.0,-41.1317
1178995781.25,-41.11548
1178995937.5,-41.11248
1178996093.75,-41.12267
1178996250.0,-41.13158
1178996406.25,-41.122
1178996562.5,-41.11766
1178996718.75,-41.12746
1178996875.0,-41.12284
1178997031.25,-41.12934
1178997187.5,-41.1053
1178997343.75,-41.12193
1178997500.0,-41.09967
1178997656.25,-41.09813
1178997812.5,-41.10748
1178997968.75,-41.101
1178998125.0,-41.12353
1178998281.25,-41.12959
1178998437.5,-41.11497
1178998593.75,-41.13381
1178998750.0,-41.10625
1178998906.25,-41.12351
1178999062.5,-41.1223
1178999218.75,-41.12793
1178999375.0,-41.11332
1178999531.25,-41.1059
1178999687.5,-41.09962
1178999843.75,-41.11639
1179000000.0,-41.10998
1179000156.25,-41.11167
1179000312.5,-41.10976
1179000468.75,-41.12832
1179000625.0,-41.11857
1179000781.25,-41.11158
1179000937.5,-41.11118
1179001093.75,-41.09478
1179001250.0,-41.10212
1179001406.25,-41.11675
1179001562.5,-41.11438
1179001718.75,-41.11409
1179001875.0,-41.10918
1179002031.25,-41.10661
1179002187.5,-41.10881
1179002343.75,-41.11502
1179002500.0,-41.11032
1179002656.25,-41.0926
1179002812.5,-41.09245
1179002968.75,-41.10581
1179003125.0,-41.08101
1179003281.25,-41.08686
1179003437.5,-41.08364
1179003593.75,-41.07395
1179003750.0,-41.07486
1179003906.25,-41.08429
1179004062.5,-41.09702
1179004218.75,-41.08802
1179004375.0,-41.0954
1179004531.25,-41.11099
1179004687.5,-41.09428
1179004843.75,-41.11078
1179005000.0,-41.0948
1179005156.25,-41.09333
1179005312.5,-41.0716
1179005468.75,-41.08098
1179005625.0,-41.0698
1179005781.25,-41.07711
1179005937.5,-41.09798
1179006093.75,-41.08876
1179006250.0,-41.08587
1179006406.25,-41.07163
1179006562.5,-41.06754
1179006718.75,-41.08486
1179006875.0,-41.08949
1179007031.25,-41.07179
1179007187.5,-41.09732
1179007343.75,-41.06931
1179007500.0,-41.07715
1179007656.25,-41.08431
1179007812.5,-41.07824
1179007968.75,-41.0842
1179008125.0,-41.09044
1179008281.25,-41.08276
1179008437.5,-41.06604
1179008593.75,-41.0846
1179008750.0,-41.0813
1179008906.25,-41.08688
1179009062.5,-41.06715
1179009218.75,-41.08237
1179009375.0,-41.08275
1179009531.25,-41.06739
1179009687.5,-41.07991
1179009843.75,-41.06877
1179010000.0,-41.08574
1179010156.25,-41.06311
1179010312.5,-41.07826
1179010468.75,-41.06026
1179010625.0,-41.07059
1179010781.25,-41.08476
1179010937.5,-41.04942
1179011093.75,-41.07547
1179011250.0,-41.06953
1179011406.25,-41.05672
1179011562.5,-41.06568
1179011718.75,-41.06898
1179011875.0,-41.06711
1179012031.25,-41.05843
1179012187.5,-41.06707
1179012343.75,-41.06511
1179012500.0,-41.08199
1179012656.25,-41.06139
1179012812.5,-41.05542
1179012968.75,-41.07059
1179013125.0,-41.06798
1179013281.25,-41.06969
1179013437.5,-41.03891
1179013593.75,-41.06636
1179013750.0,-41.05671
1179013906.25,-41.05541
1179014062.5,-41.06818
1179014218.75,-41.05346
1179014375.0,-41.05334
1179014531.25,-41.03117
1179014687.5,-41.03823
1179014843.75,-41.04449
1179015000.0,-41.04265
1179015156.25,-41.0496
1179015312.5,-41.05104
1179015468.75,-41.05944
1179015625.0,-41.05865
1179015781.25,-41.06452
1179015937.5,-41.0622
1179016093.75,-41.04413
1179016250.0,-41.04468
1179016406.25,-41.05635
1179016562.5,-41.048
1179016718.75,-41.03181
1179016875.0,-41.04642
1179017031.25,-41.04271
1179017187.5,-41.07058
1179017343.75,-41.04589
1179017500.0,-41.0659
1179017656.25,-41.04912
1179017812.5,-41.0469
1179017968.75,-41.05867
1179018125.0,-41.04285
1179018281.25,-41.02747
1179018437.5,-41.03582
1179018593.75,-41.0447
1179018750.0,-41.04232
1179018906.25,-41.05004
1179019062.5,-41.01987
1179019218.75,-41.02465
1179019375.0,-41.04619
1179019531.25,-41.01785
1179019687.5,-41.03565
1179019843.75,-41.04675
1179020000.0,-41.04127
1179020156.25,-41.0314
1179020312.5,-41.02032
1179020468.75,-41.03858
1179020625.0,-41.0261
1179020781.25,-41.01651
1179020937.5,-41.04406
1179021093.75,-41.03761
1179021250.0,-41.00053
1179021406.25,-41.03019
1179021562.5,-41.02433
1179021718.75,-41.02989
1179021875.0,-41.04103
1179022031.25,-41.02164
1179022187.5,-41.03131
1179022343.75,-41.0206
1179022500.0,-41.04557
1179022656.25,-41.02151
1179022812.5,-41.01163
1179022968.75,-41.01182
1179023125.0,-41.02756
1179023281.25,-41.01818
1179023437.5,-41.0332
1179023593.75,-41.01555
1179023750.0,-41.01697
1179023906.25,-41.03484
1179024062.5,-41.02625
1179024218.75,-41.01665
1179024375.0,-41.0043
1179024531.25,-40.99849
1179024687.5,-41.02568
1179024843.75,-41.02101
1179025000.0,-41.01725
1179025156.25,-41.00782
1179025312.5,-41.02382
1179025468.75,-41.03011
1179025625.0,-41.01571
1179025781.25,-40.9953
1179025937.5,-41.0126
1179026093.75,-41.01595
1179026250.0,-41.00851
1179026406.25,-41.01127
1179026562.5,-41.03242
1179026718.75,-41.01664
1179026875.0,-41.01601
1179027031.25,-41.01421
1179027187.5,-41.00383
1179027343.75,-41.00292
1179027500.0,-41.00888
1179027656.25,-40.98923
1179027812.5,-41.00732
1179027968.75,-40.99477
1179028125.0,-41.02442
1179028281.25,-40.99464
1179028437.5,-40.98512
1179028593.75,-40.99231
1179028750.0,-41.01572
1179028906.25,-41.00487
1179029062.5,-40.99512
1179029218.75,-40.9856
1179029375.0,-40.99999
1179029531.25,-41.00679
1179029687.5,-40.99917
1179029843.75,-41.01132
1179030000.0,-41.00008
1179030156.25,-41.01675
1179030312.5,-41.00888
1179030468.75,-40.99122
1179030625.0,-40.9961
1179030781.25,-41.02048
1179030937.5,-40.98647
1179031093.75,-40.97857
1179031250.0,-40.97433
1179031406.25,-40.98845
1179031562.5,-40.98127
1179031718.75,-40.97097
1179031875.0,-40.99202
1179032031.25,-40.98506
1179032187.5,-41.0045
1179032343.75,-41.00288
1179032500.0,-40.99596
1179032656.25,-40.99422
1179032812.5,-41.00082
1179032968.75,-40.99804
1179033125.0,-40.98319
1179033281.25,-40.97223
1179033437.5,-40.97243
1179033593.75,-40.9823
1179033750.0,-40.99101
1179033906.25,-40.98596
1179034062.5,-40.99459
1179034218.75,-40.98068
1179034375.0,-40.99281
1179034531.25,-40.97559
1179034687.5,-40.9861
1179034843.75,-40.97517
1179035000.0,-40.94896
1179035156.25,-40.96051
1179035312.5,-40.98556
1179035468.75,-40.9795
1179035625.0,-40.98552
1179035781.25,-40.98616
1179035937.5,-40.98137
1179036093.75,-40.97076
1179036250.0,-40.95875
1179036406.25,-40.96675
1179036562.5,-40.94955
1179036718.75,-40.96995
1179036875.0,-40.97559
1179037031.25,-40.98341
1179037187.5,-40.99509
1179037343.75,-40.97414
1179037500.0,-40.96898
1179037656.25,-40.97791
1179037812.5,-40.97323
1179037968.75,-40.96962
1179038125.0,-40.97989
1179038281.25,-40.97891
1179038437.5,-40.98348
1179038593.75,-40.9626
1179038750.0,-40.97315
1179038906.25,-40.9679
1179039062.5,-40.96749
1179039218.75,-40.99563
1179039375.0,-40.96606
1179039531.25,-40.97503
1179039687.5,-40.95787
1179039843.75,-40.95382
1179040000.0,-40.97834
1179040156.25,-40.97726
1179040312.5,-40.95144
1179040468.75,-40.96276
1179040625.0,-40.96043
1179040781.25,-40.9715
1179040937.5,-40.92524
1179041093.75,-40.93536
1179041250.0,-40.94871
1179041406.25,-40.94665
1179041562.5,-40.95316
1179041718.75,-40.92362
1179041875.0,-40.9641
1179042031.25,-40.94036
1179042187.5,-40.96545
1179042343.75,-40.96862
1179042500.0,-40.9394
1179042656.25,-40.95299
1179042812.5,-40.94881
1179042968.75,-40.95625
1179043125.0,-40.94921
1179043281.25,-40.93424
1179043437.5,-40.94979
1179043593.75,-40.94293
1179043750.0,-40.94477
1179043906.25,-40.94379
1179044062.5,-40.93865
1179044218.75,-40.95052
1179044375.0,-40.93082
1179044531.25,-40.94138
1179044687.5,-40.94695
1179044843.75,-40.92741
1179045000.0,-40.9217
1179045156.25,-40.95319
1179045312.5,-40.9552
1179045468.75,-40.95971
1179045625.0,-40.91452
1179045781.25,-40.93558
1179045937.5,-40.94229
1179046093.75,-40.93821
1179046250.0,-40.9428
1179046406.25,-40.94479
1179046562.5,-40.92876
1179046718.75,-40.92715
1179046875.0,-40.93806
1179047031.25,-40.93048
1179047187.5,-40.94781
1179047343.75,-40.92438
1179047500.0,-40.93743
1179047656.25,-40.92526
1179047812.5,-40.93436
1179047968.75,-40.93284
1179048125.0,-40.9319
1179048281.25,-40.93405
1179048437.5,-40.92083
1179048593.75,-40.93726
1179048750.0,-40.92981
1179048906.25,-40.93453
1179049062.5,-40.9449
1179049218.75,-40.9073
1179049375.0,-40.91933
1179049531.25,-40.92926
1179049687.5,-40.92229
1179049843.75,-40.91516
1179050000.0,-40.93673
1179050156.25,-40.91309
1179050312.5,-40.9053
1179050468.75,-40.90527
1179050625.0,-40.90905
1179050781.25,-40.91451
1179050937.5,-40.91221
1179051093.75,-40.94878
1179051250.0,-40.92213
1179051406.25,-40.92101
1179051562.5,-40.9311
1179051718.75,-40.90638
1179051875.0,-40.92282
1179052031.25,-40.89973
1179052187.5,-40.92286
1179052343.75,-40.90781
1179052500.0,-40.9005
1179052656.25,-40.92493
1179052812.5,-40.9088
1179052968.75,-40.91029
1179053125.0,-40.92472
1179053281.25,-40.9198
1179053437.5,-40.91293
1179053593.75,-40.90923
1179053750.0,-40.90232
1179053906.25,-40.8931
1179054062.5,-40.90215
1179054218.75,-40.89697
1179054375.0,-40.90984
1179054531.25,-40.92202
1179054687.5,-40.90092
1179054843.75,-40.90821
1179055000.0,-40.89896
1179055156.25,-40.91071
1179055312.5,-40.90622
1179055468.75,-40.88207
1179055625.0,-40.89956
1179055781.25,-40.89743
1179055937.5,-40.89166
1179056093.75,-40.90536
1179056250.0,-40.89919
1179056406.25,-40.90015
1179056562.5,-40.90668
1179056718.75,-40.89491
1179056875.0,-40.8914
1179057031.25,-40.88435
1179057187.5,-40.90107
1179057343.75,-40.87886
1179057500.0,-40.9017
1179057656.25,-40.89542
1179057812.5,-40.88758
1179057968.75,-40.89048
1179058125.0,-40.89789
1179058281.25,-40.87936
1179058437.5,-40.89163
1179058593.75,-40.88083
1179058750.0,-40.89096
1179058906.25,-40.90744
1179059062.5,-40.87789
1179059218.75,-40.8708
1179059375.0,-40.89029
1179059531.25,-40.88648
1179059687.5,-40.87032
1179059843.75,-40.88559
1179060000.0,-40.87907
1179060156.25,-40.91718
1179060312.5,-40.88191
1179060468.75,-40.86768
1179060625.0,-40.889
1179060781.25,-40.88634
1179060937.5,-40.87483
1179061093.75,-40.89575
1179061250.0,-40.87278
1179061406.25,-40.87829
1179061562.5,-40.88007
1179061718.75,-40.89838
1179061875.0,-40.86786
1179062031.25,-40.87043
1179062187.5,-40.87293
1179062343.75,-40.89285
1179062500.0,-40.87135
1179062656.25,-40.87985
1179062812.5,-40.87357
1179062968.75,-40.87361
1179063125.0,-40.87442
1179063281.25,-40.85454
1179063437.5,-40.86684
1179063593.75,-40.87817
1179063750.0,-40.85756
1179063906.25,-40.86526
1179064062.5,-40.86444
1179064218.75,-40.86229
1179064375.0,-40.86802
1179064531.25,-40.86753
1179064687.5,-40.88074
1179064843.75,-40.87022
1179065000.0,-40.85036
1179065156.25,-40.87833
1179065312.5,-40.86561
1179065468.75,-40.83725
1179065625.0,-40.86258
1179065781.25,-40.85827
1179065937.5,-40.86148
1179066093.75,-40.85489
1179066250.0,-40.86845
1179066406.25,-40.85301
1179066562.5,-40.8625
1179066718.75,-40.85557
1179066875.0,-40.87765
1179067031.25,-40.85243
1179067187.5,-40.86199
1179067343.75,-40.85921
1179067500.0,-40.84211
1179067656.25,-40.85575
1179067812.5,-40.85352
1179067968.75,-40.85421
1179068125.0,-40.84969
1179068281.25,-40.84871
1179068437.5,-40.85144
1179068593.75,-40.86327
1179068750.0,-40.85867
1179068906.25,-40.85072
1179069062.5,-40.86082
1179069218.75,-40.85337
1179069375.0,-40.8588
1179069531.25,-40.84607
1179069687.5,-40.87095
1179069843.75,-40.85574
1179070000.0,-40.84259
1179070156.25,-40.84644
1179070312.5,-40.82513
1179070468.75,-40.85403
1179070625.0,-40.83381
1179070781.25,-40.86047
1179070937.5,-40.82503
1179071093.75,-40.84934
1179071250.0,-40.82014
1179071406.25,-40.83538
1179071562.5,-40.83006
1179071718.75,-40.81805
1179071875.0,-40.83745
1179072031.25,-40.85414
1179072187.5,-40.83991
1179072343.75,-40.84451
1179072500.0,-40.86406
1179072656.25,-40.82172
1179072812.5,-40.82385
1179072968.75,-40.82407
1179073125.0,-40.82695
1179073281.25,-40.82697
1179073437.5,-40.84032
1179073593.75,-40.82851
1179073750.0,-40.8253
1179073906.25,-40.80962
1179074062.5,-40.83915
1179074218.75,-40.82539
1179074375.0,-40.84516
1179074531.25,-40.8289
1179074687.5,-40.83318
1179074843.75,-40.80806
1179075000.0,-40.83416
1179075156.25,-40.80559
1179075312.5,-40.81981
1179075468.75,-40.83286
1179075625.0,-40.8197
1179075781.25,-40.81828
1179075937.5,-40.8269
1179076093.75,-40.83879
1179076250.0,-40.81997
1179076406.25,-40.83157
1179076562.5,-40.8305
1179076718.75,-40.81634
1179076875.0,-40.81553
1179077031.25,-40.82007
1179077187.5,-40.80949
1179077343.75,-40.83577
1179077500.0,-40.81652
1179077656.25,-40.82989
1179077812.5,-40.81949
1179077968.75,-40.81264
1179078125.0,-40.79565
1179078281.25,-40.81415
1179078437.5,-40.80553
1179078593.75,-40.80792
1179078750.0,-40.80472
1179078906.25,-40.80062
1179079062.5,-40.81998
1179079218.75,-40.81625
1179079375.0,-40.82824
1179079531.25,-40.79665
1179079687.5,-40.80385
1179079843.75,-40.79475
1179080000.0,-40.82138
1179080156.25,-40.81285
1179080312.5,-40.79088
1179080468.75,-40.81569
1179080625.0,-40.80455
1179080781.25,-40.79806
1179080937.5,-40.81102
1179081093.75,-40.80553
1179081250.0,-40.80266
1179081406.25,-40.78316
1179081562.5,-40.79946
1179081718.75,-40.79935
1179081875.0,-40.81414
1179082031.25,-40.80547
1179082187.5,-40.81513
1179082343.75,-40.80936
1179082500.0,-40.80429
1179082656.25,-40.81206
1179082812.5,-40.79493
1179082968.75,-40.81026
1179083125.0,-40.78448
1179083281.25,-40.79776
1179083437.5,-40.78008
1179083593.75,-40.79671
1179083750.0,-40.81315
1179083906.25,-40.78171
1179084062.5,-40.79866
1179084218.75,-40.78903
1179084375.0,-40.79206
1179084531.25,-40.80459
1179084687.5,-40.77843
1179084843.75,-40.78234
1179085000.0,-40.77843
1179085156.25,-40.79007
1179085312.5,-40.79097
1179085468.75,-40.80643
1179085625.0,-40.78168
1179085781.25,-40.77454
1179085937.5,-40.79864
1179086093.75,-40.78574
1179086250.0,-40.80201
1179086406.25,-40.77828
1179086562.5,-40.76525
1179086718.75,-40.77287
1179086875.0,-40.79484
1179087031.25,-40.77012
1179087187.5,-40.78287
1179087343.75,-40.77006
1179087500.0,-40.78004
1179087656.25,-40.78416
1179087812.5,-40.76497
1179087968.75,-40.77273
1179088125.0,-40.78593
1179088281.25,-40.77881
1179088437.5,-40.75877
1179088593.75,-40.77075
1179088750.0,-40.77338
1179088906.25,-40.77543
1179089062.5,-40.766
1179089218.75,-40.76368
1179089375.0,-40.76956
1179089531.25,-40.77086
1179089687.5,-40.77311
1179089843.75,-40.76555
1179090000.0,-40.75599
1179090156.25,-40.76295
1179090312.5,-40.75467
1179090468.75,-40.7448
1179090625.0,-40.76172
1179090781.25,-40.73598
1179090937.5,-40.75459
1179091093.75,-40.75525
1179091250.0,-40.77486
1179091406.25,-40.76429
1179091562.5,-40.76735
1179091718.75,-40.75042
1179091875.0,-40.75906
1179092031.25,-40.76169
1179092187.5,-40.74639
1179092343.75,-40.74247
1179092500.0,-40.771
1179092656.25,-40.76069
1179092812.5,-40.75864
1179092968.75,-40.75378
1179093125.0,-40.75864
1179093281.25,-40.75752
1179093437.5,-40.74879
1179093593.75,-40.7702
1179093750.0,-40.75285
1179093906.25,-40.7649
1179094062.5,-40.74884
1179094218.75,-40.75872
1179094375.0,-40.7421
1179094531.25,-40.76097
1179094687.5,-40.7377
1179094843.75,-40.75331
1179095000.0,-40.73819
1179095156.25,-40.7427
1179095312.5,-40.74297
1179095468.75,-40.74954
1179095625.0,-40.74994
1179095781.25,-40.76048
1179095937.5,-40.74796
1179096093.75,-40.73404
1179096250.0,-40.7458
1179096406.25,-40.76035
1179096562.5,-40.74537
1179096718.75,-40.7319
1179096875.0,-40.73326
1179097031.25,-40.74031
1179097187.5,-40.73492
1179097343.75,-40.73565
1179097500.0,-40.74101
1179097656.25,-40.72983
1179097812.5,-40.75316
1179097968.75,-40.73429
1179098125.0,-40.73915
1179098281.25,-40.74124
1179098437.5,-40.74451
1179098593.75,-40.72028
1179098750.0,-40.74155
1179098906.25,-40.73444
1179099062.5,-40.72732
1179099218.75,-40.73306
1179099375.0,-40.74201
1179099531.25,-40.74316
1179099687.5,-40.72906
1179099843.75,-40.71262
1179100000.0,-40.73993
1179100156.25,-40.74355
1179100312.5,-40.7261
1179100468.75,-40.72068
1179100625.0,-40.7396
1179100781.25,-40.71955
1179100937.5,-40.73645
1179101093.75,-40.72838
1179101250.0,-40.7184
1179101406.25,-40.74035
1179101562.5,-40.71469
1179101718.75,-40.7107
1179101875.0,-40.72906
1179102031.25,-40.7169
1179102187.5,-40.73094
1179102343.75,-40.71538
1179102500.0,-40.71283
1179102656.25,-40.70958
1179102812.5,-40.70617
1179102968.75,-40.71808
1179103125.0,-40.69546
1179103281.25,-40.72455
1179103437.5,-40.71131
1179103593.75,-40.71302
1179103750.0,-40.70464
1179103906.25,-40.728
1179104062.5,-40.71265
1179104218.75,-40.70651
1179104375.0,-40.68676
1179104531.25,-40.69998
1179104687.5,-40.71032
1179104843.75,-40.6943
1179105000.0,-40.71034
1179105156.25,-40.71769
1179105312.5,-40.71418
1179105468.75,-40.72335
1179105625.0,-40.69972
1179105781.25,-40.71908
1179105937.5,-40.70315
1179106093.75,-40.69354
1179106250.0,-40.70613
1179106406.25,-40.69629
1179106562.5,-40.69675
1179106718.75,-40.69294
1179106875.0,-40.71085
1179107031.25,-40.69243
1179107187.5,-40.71321
1179107343.75,-40.69503
1179107500.0,-40.71861
1179107656.25,-40.71158
1179107812.5,-40.69703
1179107968.75,-40.69423
1179108125.0,-40.6967
1179108281.25,-40.67962
1179108437.5,-40.68489
1179108593.75,-40.71252
1179108750.0,-40.68941
1179108906.25,-40.69137
1179109062.5,-40.69465
1179109218.75,-40.69562
1179109375.0,-40.691
1179109531.25,-40.69844
1179109687.5,-40.67924
1179109843.75,-40.6932
1179110000.0,-40.69286
1179110156.25,-40.71879
1179110312.5,-40.69891
1179110468.75,-40.69633
1179110625.0,-40.69866
1179110781.25,-40.69165
1179110937.5,-40.68785
1179111093.75,-40.69844
1179111250.0,-40.68284
1179111406.25,-40.68007
1179111562.5,-40.68152
1179111718.75,-40.67707
1179111875.0,-40.66961
1179112031.25,-40.68507
1179112187.5,-40.68016
1179112343.75,-40.66378
1179112500.0,-40.67179
1179112656.25,-40.66387
1179112812.5,-40.69072
1179112968.75,-40.67812
1179113125.0,-40.67123
1179113281.25,-40.67223
1179113437.5,-40.68761
1179113593.75,-40.68552
1179113750.0,-40.6835
1179113906.25,-40.68854
1179114062.5,-40.67873
1179114218.75,-40.66317
1179114375.0,-40.66621
1179114531.25,-40.6702
1179114687.5,-40.6601
1179114843.75,-40.65334
1179115000.0,-40.67958
1179115156.25,-40.65828
1179115312.5,-40.68396
1179115468.75,-40.6642
1179115625.0,-40.68048
1179115781.25,-40.68314
1179115937.5,-40.68165
1179116093.75,-40.67678
1179116250.0,-40.65929
1179116406.25,-40.66954
1179116562.5,-40.67383
1179116718.75,-40.66873
1179116875.0,-40.65932
1179117031.25,-40.66983
1179117187.5,-40.6523
1179117343.75,-40.67421
1179117500.0,-40.66856
1179117656.25,-40.65561
1179117812.5,-40.64637
1179117968.75,-40.65882
1179118125.0,-40.65845
1179118281.25,-40.66932
1179118437.5,-40.64174
1179118593.75,-40.641
1179118750.0,-40.66426
1179118906.25,-40.6487
1179119062.5,-40.64411
1179119218.75,-40.66248
1179119375.0,-40.6534
1179119531.25,-40.64943
1179119687.5,-40.64965
1179119843.75,-40.65613
1179120000.0,-40.64116
1179120156.25,-40.64102
1179120312.5,-40.63487
1179120468.75,-40.64857
1179120625.0,-40.64324
1179120781.25,-40.66804
1179120937.5,-40.65386
1179121093.75,-40.62433
1179121250.0,-40.66164
1179121406.25,-40.65216
1179121562.5,-40.65419
1179121718.75,-40.64796
1179121875.0,-40.64922
1179122031.25,-40.65174
1179122187.5,-40.65199
1179122343.75,-40.63281
1179122500.0,-40.6284
1179122656.25,-40.65897
1179122812.5,-40.65354
1179122968.75,-40.6506
1179123125.0,-40.64122
1179123281.25,-40.63794
1179123437.5,-40.62759
1179123593.75,-40.63323
1179123750.0,-40.66447
1179123906.25,-40.63058
1179124062.5,-40.63385
1179124218.75,-40.63038
1179124375.0,-40.64038
1179124531.25,-40.62733
1179124687.5,-40.63269
1179124843.75,-40.6286
1179125000.0,-40.62424
1179125156.25,-40.64021
1179125312.5,-40.62551
1179125468.75,-40.6286
1179125625.0,-40.62272
1179125781.25,-40.62769
1179125937.5,-40.60635
1179126093.75,-40.61665
1179126250.0,-40.63242
1179126406.25,-40.63096
1179126562.5,-40.62174
1179126718.75,-40.62997
1179126875.0,-40.63227
1179127031.25,-40.63216
1179127187.5,-40.61076
1179127343.75,-40.63188
1179127500.0,-40.61206
1179127656.25,-40.62057
1179127812.5,-40.60881
1179127968.75,-40.59922
1179128125.0,-40.63716
1179128281.25,-40.63952
1179128437.5,-40.61328
1179128593.75,-40.61525
1179128750.0,-40.62235
1179128906.25,-40.6015
1179129062.5,-40.61477
1179129218.75,-40.61317
1179129375.0,-40.6249
1179129531.25,-40.62084
1179129687.5,-40.60192
1179129843.75,-40.60623
1179130000.0,-40.61441
1179130156.25,-40.61932
1179130312.5,-40.60259
1179130468.75,-40.60775
1179130625.0,-40.602
1179130781.25,-40.62198
1179130937.5,-40.62502
1179131093.75,-40.60603
1179131250.0,-40.60297
1179131406.25,-40.61353
1179131562.5,-40.58552
1179131718.75,-40.61775
1179131875.0,-40.62245
1179132031.25,-40.58352
1179132187.5,-40.60857
1179132343.75,-40.60887
1179132500.0,-40.60332
1179132656.25,-40.60057
1179132812.5,-40.5996
1179132968.75,-40.58973
1179133125.0,-40.61106
1179133281.25,-40.60343
1179133437.5,-40.60162
1179133593.75,-40.58479
1179133750.0,-40.6035
1179133906.25,-40.59747
1179134062.5,-40.59193
1179134218.75,-40.6046
1179134375.0,-40.59694
1179134531.25,-40.59367
1179134687.5,-40.59198
1179134843.75,-40.60964
1179135000.0,-40.59794
1179135156.25,-40.60513
1179135312.5,-40.59076
1179135468.75,-40.57874
1179135625.0,-40.60096
1179135781.25,-40.59347
1179135937.5,-40.58923
1179136093.75,-40.59272
1179136250.0,-40.58445
1179136406.25,-40.58279
1179136562.5,-40.58651
1179136718.75,-40.59386
1179136875.0,-40.60065
1179137031.25,-40.57615
1179137187.5,-40.60453
1179137343.75,-40.59539
1179137500.0,-40.57542
1179137656.25,-40.59631
1179137812.5,-40.58644
1179137968.75,-40.56837
1179138125.0,-40.58831
1179138281.25,-40.58487
1179138437.5,-40.59059
1179138593.75,-40.57568
1179138750.0,-40.57741
1179138906.25,-40.58089
1179139062.5,-40.5822
1179139218.75,-40.5704
1179139375.0,-40.58979
1179139531.25,-40.56756
1179139687.5,-40.59058
1179139843.75,-40.5793
1179140000.0,-40.57377
1179140156.25,-40.57114
1179140312.5,-40.56288
1179140468.75,-40.58203
1179140625.0,-40.56605
1179140781.25,-40.57517
1179140937.5,-40.57215
1179141093.75,-40.5574
1179141250.0,-40.57322
1179141406.25,-40.56934
1179141562.5,-40.56324
1179141718.75,-40.57939
1179141875.0,-40.56242
1179142031.25,-40.53806
1179142187.5,-40.5423
1179142343.75,-40.55854
1179142500.0,-40.56244
1179142656.25,-40.57907
1179142812.5,-40.55526
1179142968.75,-40.57082
1179143125.0,-40.5622
1179143281.25,-40.5658
1179143437.5,-40.55851
1179143593.75,-40.5659
1179143750.0,-40.56163
1179143906.25,-40.56369
1179144062.5,-40.55508
1179144218.75,-40.54531
1179144375.0,-40.54877
1179144531.25,-40.54854
1179144687.5,-40.54634
1179144843.75,-40.53099
1179145000.0,-40.54027
1179145156.25,-40.54719
1179145312.5,-40.54337
1179145468.75,-40.56087
1179145625.0,-40.5668
1179145781.25,-40.55965
1179145937.5,-40.54927
1179146093.75,-40.5547
1179146250.0,-40.54242
1179146406.25,-40.54008
1179146562.5,-40.53965
1179146718.75,-40.52486
1179146875.0,-40.56009
1179147031.25,-40.53482
1179147187.5,-40.53601
1179147343.75,-40.52842
1179147500.0,-40.53711
1179147656.25,-40.53157
1179147812.5,-40.53456
1179147968.75,-40.53139
1179148125.0,-40.54286
1179148281.25,-40.54111
1179148437.5,-40.54392
1179148593.75,-40.52351
1179148750.0,-40.53782
1179148906.25,-40.54382
1179149062.5,-40.53199
1179149218.75,-40.5299
1179149375.0,-40.54143
1179149531.25,-40.52286
1179149687.5,-40.54694
1179149843.75,-40.54441
1179150000.0,-40.53214
1179150156.25,-40.51345
1179150312.5,-40.53468
1179150468.75,-40.52271
1179150625.0,-40.54142
1179150781.25,-40.53682
1179150937.5,-40.53476
1179151093.75,-40.52138
1179151250.0,-40.53965
1179151406.25,-40.52951
1179151562.5,-40.53178
1179151718.75,-40.52446
1179151875.0,-40.51688
1179152031.25,-40.52391
1179152187.5,-40.53979
1179152343.75,-40.53875
1179152500.0,-40.5239
1179152656.25,-40.52267
1179152812.5,-40.51576
1179152968.75,-40.50686
1179153125.0,-40.51067
1179153281.25,-40.52801
1179153437.5,-40.51533
1179153593.75,-40.51839
1179153750.0,-40.50142
1179153906.25,-40.5317
1179154062.5,-40.51465
1179154218.75,-40.52229
1179154375.0,-40.51343
1179154531.25,-40.51275
1179154687.5,-40.50275
1179154843.75,-40.51107
1179155000.0,-40.50733
1179155156.25,-40.53093
1179155312.5,-40.50042
1179155468.75,-40.49891
1179155625.0,-40.50106
1179155781.25,-40.50039
1179155937.5,-40.50213
1179156093.75,-40.49327
1179156250.0,-40.50076
1179156406.25,-40.52217
1179156562.5,-40.51057
1179156718.75,-40.50518
1179156875.0,-40.51569
1179157031.25,-40.51629
1179157187.5,-40.52338
1179157343.75,-40.50003
1179157500.0,-40.47048
1179157656.25,-40.4972
1179157812.5,-40.49828
1179157968.75,-40.50723
1179158125.0,-40.49538
1179158281.25,-40.5111
1179158437.5,-40.50584
1179158593.75,-40.50016
1179158750.0,-40.51511
1179158906.25,-40.4965
1179159062.5,-40.5139
1179159218.75,-40.49619
1179159375.0,-40.49428
1179159531.25,-40.4925
1179159687.5,-40.51652
1179159843.75,-40.50343
1179160000.0,-40.49385
1179160156.25,-40.50483
1179160312.5,-40.48878
1179160468.75,-40.49598
1179160625.0,-40.49868
1179160781.25,-40.50137
1179160937.5,-40.50208
1179161093.75,-40.49555
1179161250.0,-40.49491
1179161406.25,-40.49215
1179161562.5,-40.45818
1179161718.75,-40.48029
1179161875.0,-40.48546
1179162031.25,-40.4942
1179162187.5,-40.48835
1179162343.75,-40.45316
1179162500.0,-40.48789
1179162656.25,-40.47523
1179162812.5,-40.47019
1179162968.75,-40.47095
1179163125.0,-40.47343
1179163281.25,-40.4841
1179163437.5,-40.4734
1179163593.75,-40.48061
1179163750.0,-40.47505
1179163906.25,-40.46255
1179164062.5,-40.47166
1179164218.75,-40.47052
1179164375.0,-40.47172
1179164531.25,-40.46251
1179164687.5,-40.48207
1179164843.75,-40.47088
1179165000.0,-40.46577
1179165156.25,-40.48447
1179165312.5,-40.48236
1179165468.75,-40.47136
1179165625.0,-40.46801
1179165781.25,-40.47773
1179165937.5,-40.47521
1179166093.75,-40.48598
1179166250.0,-40.46613
1179166406.25,-40.4787
1179166562.5,-40.46918
1179166718.75,-40.46067
1179166875.0,-40.47069
1179167031.25,-40.46201
1179167187.5,-40.45272
1179167343.75,-40.44625
1179167500.0,-40.46165
1179167656.25,-40.45859
1179167812.5,-40.46481
1179167968.75,-40.47087
1179168125.0,-40.46356
1179168281.25,-40.4752
1179168437.5,-40.46572
1179168593.75,-40.46257
1179168750.0,-40.44727
1179168906.25,-40.46926
1179169062.5,-40.45425
1179169218.75,-40.46032
1179169375.0,-40.45789
1179169531.25,-40.44257
1179169687.5,-40.43462
1179169843.75,-40.44647
1179170000.0,-40.47067
1179170156.25,-40.45558
1179170312.5,-40.45269
1179170468.75,-40.44384
1179170625.0,-40.44022
1179170781.25,-40.4441
1179170937.5,-40.44373
1179171093.75,-40.47378
1179171250.0,-40.45621
1179171406.25,-40.44852
1179171562.5,-40.44129
1179171718.75,-40.44088
1179171875.0,-40.43169
1179172031.25,-40.43762
1179172187.5,-40.45161
1179172343.75,-40.44761
1179172500.0,-40.44085
1179172656.25,-40.43843
1179172812.5,-40.4618
1179172968.75,-40.44876
1179173125.0,-40.44077
1179173281.25,-40.45064
1179173437.5,-40.43852
1179173593.75,-40.43209
1179173750.0,-40.44399
1179173906.25,-40.45536
1179174062.5,-40.42572
1179174218.75,-40.43607
1179174375.0,-40.43838
1179174531.25,-40.431
1179174687.5,-40.42078
1179174843.75,-40.4202
1179175000.0,-40.42683
1179175156.25,-40.41314
1179175312.5,-40.44536
1179175468.75,-40.42324
1179175625.0,-40.43791
1179175781.25,-40.44119
1179175937.5,-40.43626
1179176093.75,-40.42863
1179176250.0,-40.43362
1179176406.25,-40.4015
1179176562.5,-40.42718
1179176718.75,-40.43281
1179176875.0,-40.42965
1179177031.25,-40.41572
1179177187.5,-40.43658
1179177343.75,-40.43299
1179177500.0,-40.41173
1179177656.25,-40.41817
1179177812.5,-40.4128
1179177968.75,-40.41439
1179178125.0,-40.42796
1179178281.25,-40.42703
1179178437.5,-40.41285
1179178593.75,-40.4169
1179178750.0,-40.41301
1179178906.25,-40.39761
1179179062.5,-40.42185
1179179218.75,-40.42257
1179179375.0,-40.41056
1179179531.25,-40.40407
1179179687.5,-40.42326
1179179843.75,-40.40791
1179180000.0,-40.41769
1179180156.25,-40.40788
1179180312.5,-40.42558
1179180468.75,-40.41285
1179180625.0,-40.42035
1179180781.25,-40.41157
1179180937.5,-40.40589
1179181093.75,-40.42767
1179181250.0,-40.39972
1179181406.25,-40.40947
1179181562.5,-40.39179
1179181718.75,-40.39415
1179181875.0,-40.3979
1179182031.25,-40.40222
1179182187.5,-40.40876
1179182343.75,-40.40231
1179182500.0,-40.42393
1179182656.25,-40.41984
1179182812.5,-40.39725
1179182968.75,-40.40424
1179183125.0,-40.4057
1179183281.25,-40.39106
1179183437.5,-40.39673
1179183593.75,-40.40245
1179183750.0,-40.4012
1179183906.25,-40.39054
1179184062.5,-40.39835
1179184218.75,-40.40982
1179184375.0,-40.394
1179184531.25,-40.40091
1179184687.5,-40.38983
1179184843.75,-40.38258
1179185000.0,-40.38665
1179185156.25,-40.38669
1179185312.5,-40.40604
1179185468.75,-40.38064
1179185625.0,-40.41179
1179185781.25,-40.38995
1179185937.5,-40.40408
1179186093.75,-40.37968
1179186250.0,-40.39552
1179186406.25,-40.3815
1179186562.5,-40.39197
1179186718.75,-40.39421
1179186875.0,-40.38453
1179187031.25,-40.38879
1179187187.5,-40.37747
1179187343.75,-40.37808
1179187500.0,-40.38587
1179187656.25,-40.37736
1179187812.5,-40.39162
1179187968.75,-40.38535
1179188125.0,-40.37966
1179188281.25,-40.3758
1179188437.5,-40.35827
1179188593.75,-40.3662
1179188750.0,-40.38372
1179188906.25,-40.37728
1179189062.5,-40.36565
1179189218.75,-40.3868
1179189375.0,-40.37177
1179189531.25,-40.37586
1179189687.5,-40.37656
1179189843.75,-40.36564
1179190000.0,-40.37024
1179190156.25,-40.37474
1179190312.5,-40.36922
1179190468.75,-40.37281
1179190625.0,-40.37797
1179190781.25,-40.36858
1179190937.5,-40.37345
1179191093.75,-40.38924
1179191250.0,-40.36973
1179191406.25,-40.35236
1179191562.5,-40.37094
1179191718.75,-40.37339
1179191875.0,-40.37689
1179192031.25,-40.37132
1179192187.5,-40.36211
1179192343.75,-40.3561
1179192500.0,-40.36831
1179192656.25,-40.36415
1179192812.5,-40.34159
1179192968.75,-40.37277
1179193125.0,-40.36694
1179193281.25,-40.34148
1179193437.5,-40.34135
1179193593.75,-40.37731
1179193750.0,-40.3632
1179193906.25,-40.37042
1179194062.5,-40.37659
1179194218.75,-40.35646
1179194375.0,-40.34058
1179194531.25,-40.3543
1179194687.5,-40.37687
1179194843.75,-40.34669
1179195000.0,-40.35213
1179195156.25,-40.35851
1179195312.5,-40.35184
1179195468.75,-40.33919
1179195625.0,-40.37606
1179195781.25,-40.33601
1179195937.5,-40.34223
1179196093.75,-40.33571
1179196250.0,-40.34003
1179196406.25,-40.34747
1179196562.5,-40.34059
1179196718.75,-40.3555
1179196875.0,-40.34961
1179197031.25,-40.35792
1179197187.5,-40.34041
1179197343.75,-40.34969
1179197500.0,-40.33904
1179197656.25,-40.34516
1179197812.5,-40.34824
1179197968.75,-40.34406
1179198125.0,-40.34734
1179198281.25,-40.34517
1179198437.5,-40.3214
1179198593.75,-40.34957
1179198750.0,-40.35262
1179198906.25,-40.33212
1179199062.5,-40.35097
1179199218.75,-40.34906
1179199375.0,-40.34035
1179199531.25,-40.34119
1179199687.5,-40.31478
1179199843.75,-40.33175
1179200000.0,-40.3288
1179200156.25,-40.33717
1179200312.5,-40.33342
1179200468.75,-40.33598
1179200625.0,-40.32572
1179200781.25,-40.31319
1179200937.5,-40.3255
1179201093.75,-40.33839
1179201250.0,-40.3175
1179201406.25,-40.33397
1179201562.5,-40.3446
1179201718.75,-40.32957
1179201875.0,-40.33744
1179202031.25,-40.33455
1179202187.5,-40.32363
1179202343.75,-40.3311
1179202500.0,-40.31752
1179202656.25,-40.32832
1179202812.5,-40.31331
1179202968.75,-40.33319
1179203125.0,-40.33997
1179203281.25,-40.31313
1179203437.5,-40.32443
1179203593.75,-40.31115
1179203750.0,-40.2952
1179203906.25,-40.32072
1179204062.5,-40.3211
1179204218.75,-40.3174
1179204375.0,-40.32207
1179204531.25,-40.29337
1179204687.5,-40.32096
1179204843.75,-40.31145
1179205000.0,-40.31354
1179205156.25,-40.30921
1179205312.5,-40.30315
1179205468.75,-40.30465
1179205625.0,-40.31691
1179205781.25,-40.33511
1179205937.5,-40.30418
1179206093.75,-40.29792
1179206250.0,-40.31081
1179206406.25,-40.33266
1179206562.5,-40.29677
1179206718.75,-40.29638
1179206875.0,-40.31713
1179207031.25,-40.30098
1179207187.5,-40.29835
1179207343.75,-40.29988
1179207500.0,-40.30776
1179207656.25,-40.2952
1179207812.5,-40.30009
1179207968.75,-40.30053
1179208125.0,-40.29618
1179208281.25,-40.30738
1179208437.5,-40.30119
1179208593.75,-40.29764
1179208750.0,-40.29167
1179208906.25,-40.29979
1179209062.5,-40.29004
1179209218.75,-40.29192
1179209375.0,-40.293
1179209531.25,-40.30555
1179209687.5,-40.27374
1179209843.75,-40.29676
1179210000.0,-40.30682
1179210156.25,-40.30679
1179210312.5,-40.2893
1179210468.75,-40.2905
1179210625.0,-40.30254
1179210781.25,-40.29318
1179210937.5,-40.25412
1179211093.75,-40.27022
1179211250.0,-40.29166
1179211406.25,-40.29284
1179211562.5,-40.28112
1179211718.75,-40.27917
1179211875.0,-40.28035
1179212031.25,-40.28113
1179212187.5,-40.28452
1179212343.75,-40.28324
1179212500.0,-40.27048
1179212656.25,-40.26677
1179212812.5,-40.29216
1179212968.75,-40.27917
1179213125.0,-40.27749
1179213281.25,-40.2799
1179213437.5,-40.27706
1179213593.75,-40.27068
1179213750.0,-40.27938
1179213906.25,-40.28142
1179214062.5,-40.27031
1179214218.75,-40.26608
1179214375.0,-40.24022
1179214531.25,-40.28608
1179214687.5,-40.27719
1179214843.75,-40.25983
1179215000.0,-40.2738
1179215156.25,-40.29217
1179215312.5,-40.28591
1179215468.75,-40.26781
1179215625.0,-40.2631
1179215781.25,-40.28424
1179215937.5,-40.25077
1179216093.75,-40.2817
1179216250.0,-40.25429
1179216406.25,-40.26195
1179216562.5,-40.28241
1179216718.75,-40.26914
1179216875.0,-40.2771
1179217031.25,-40.25891
1179217187.5,-40.25046
1179217343.75,-40.24937
1179217500.0,-40.24712
1179217656.25,-40.2584
1179217812.5,-40.25245
1179217968.75,-40.26542
1179218125.0,-40.27343
1179218281.25,-40.25881
1179218437.5,-40.2502
1179218593.75,-40.26366
1179218750.0,-40.25797
1179218906.25,-40.24521
1179219062.5,-40.26803
1179219218.75,-40.23954
1179219375.0,-40.25525
1179219531.25,-40.24685
1179219687.5,-40.26888
1179219843.75,-40.26315
1179220000.0,-40.24647
1179220156.25,-40.23934
1179220312.5,-40.26295
1179220468.75,-40.24737
1179220625.0,-40.25039
1179220781.25,-40.23755
1179220937.5,-40.25675
1179221093.75,-40.23678
1179221250.0,-40.24024
1179221406.25,-40.23344
1179221562.5,-40.24213
1179221718.75,-40.22316
1179221875.0,-40.2372
1179222031.25,-40.23852
1179222187.5,-40.23522
1179222343.75,-40.24631
1179222500.0,-40.24894
1179222656.25,-40.24453
1179222812.5,-40.2521
1179222968.75,-40.25428
1179223125.0,-40.23772
1179223281.25,-40.22246
1179223437.5,-40.23956
1179223593.75,-40.24113
1179223750.0,-40.23866
1179223906.25,-40.22078
1179224062.5,-40.23694
1179224218.75,-40.2098
1179224375.0,-40.22141
1179224531.25,-40.21856
1179224687.5,-40.21805
1179224843.75,-40.23238
1179225000.0,-40.23524
1179225156.25,-40.21511
1179225312.5,-40.23151
1179225468.75,-40.23342
1179225625.0,-40.22586
1179225781.25,-40.23191
1179225937.5,-40.2325
1179226093.75,-40.23821
1179226250.0,-40.22238
1179226406.25,-40.20632
1179226562.5,-40.21323
1179226718.75,-40.21392
1179226875.0,-40.22501
1179227031.25,-40.22831
1179227187.5,-40.21701
1179227343.75,-40.23349
1179227500.0,-40.22399
1179227656.25,-40.23113
1179227812.5,-40.2165
1179227968.75,-40.20572
1179228125.0,-40.21504
1179228281.25,-40.21497
1179228437.5,-40.22012
1179228593.75,-40.20053
1179228750.0,-40.20728
1179228906.25,-40.22849
1179229062.5,-40.21425
1179229218.75,-40.22532
1179229375.0,-40.21375
1179229531.25,-40.20544
1179229687.5,-40.21125
1179229843.75,-40.21411
1179230000.0,-40.21816
1179230156.25,-40.2274
1179230312.5,-40.21329
1179230468.75,-40.21821
1179230625.0,-40.19584
1179230781.25,-40.20351
1179230937.5,-40.1994
1179231093.75,-40.20349
1179231250.0,-40.21255
1179231406.25,-40.19352
1179231562.5,-40.22039
1179231718.75,-40.22006
1179231875.0,-40.21581
1179232031.25,-40.20787
1179232187.5,-40.21004
1179232343.75,-40.20506
1179232500.0,-40.20276
1179232656.25,-40.21929
1179232812.5,-40.19333
1179232968.75,-40.19124
1179233125.0,-40.18684
1179233281.25,-40.20114
1179233437.5,-40.20379
1179233593.75,-40.18553
1179233750.0,-40.19661
1179233906.25,-40.20304
1179234062.5,-40.1855
1179234218.75,-40.20415
1179234375.0,-40.21007
1179234531.25,-40.16577
1179234687.5,-40.19382
1179234843.75,-40.19394
1179235000.0,-40.20892
1179235156.25,-40.20554
1179235312.5,-40.19521
1179235468.75,-40.17653
1179235625.0,-40.18126
1179235781.25,-40.17877
1179235937.5,-40.1804
1179236093.75,-40.17128
1179236250.0,-40.19229
1179236406.25,-40.17703
1179236562.5,-40.18201
1179236718.75,-40.17137
1179236875.0,-40.17973
1179237031.25,-40.18145
1179237187.5,-40.18111
1179237343.75,-40.19214
1179237500.0,-40.16678
1179237656.25,-40.17383
1179237812.5,-40.1769
1179237968.75,-40.16415
1179238125.0,-40.15902
1179238281.25,-40.17417
1179238437.5,-40.1747
1179238593.75,-40.17036
1179238750.0,-40.1768
1179238906.25,-40.16658
1179239062.5,-40.1703
1179239218.75,-40.17472
1179239375.0,-40.16282
1179239531.25,-40.17103
1179239687.5,-40.16555
1179239843.75,-40.15684
1179240000.0,-40.16915
1179240156.25,-40.17454
1179240312.5,-40.16286
1179240468.75,-40.17645
1179240625.0,-40.17593
1179240781.25,-40.15048
1179240937.5,-40.16402
1179241093.75,-40.15659
1179241250.0,-40.17622
1179241406.25,-40.16772
1179241562.5,-40.18002
1179241718.75,-40.17103
1179241875.0,-40.15732
1179242031.25,-40.15103
1179242187.5,-40.15346
1179242343.75,-40.15302
1179242500.0,-40.15671
1179242656.25,-40.1566
1179242812.5,-40.14874
1179242968.75,-40.16407
1179243125.0,-40.14017
1179243281.25,-40.12835
1179243437.5,-40.14849
1179243593.75,-40.12815
1179243750.0,-40.15498
1179243906.25,-40.13545
1179244062.5,-40.13774
1179244218.75,-40.15852
1179244375.0,-40.1545
1179244531.25,-40.16291
1179244687.5,-40.13522
1179244843.75,-40.15421
1179245000.0,-40.14137
1179245156.25,-40.13189
1179245312.5,-40.14771
1179245468.75,-40.13977
1179245625.0,-40.14622
1179245781.25,-40.13123
1179245937.5,-40.14537
1179246093.75,-40.12604
1179246250.0,-40.12769
1179246406.25,-40.14063
1179246562.5,-40.14019
1179246718.75,-40.11823
1179246875.0,-40.1286
1179247031.25,-40.14048
1179247187.5,-40.14221
1179247343.75,-40.14177
1179247500.0,-40.13552
1179247656.25,-40.13426
1179247812.5,-40.14403
1179247968.75,-40.1279
1179248125.0,-40.12917
1179248281.25,-40.14493
1179248437.5,-40.13956
1179248593.75,-40.14003
1179248750.0,-40.1317
1179248906.25,-40.13003
1179249062.5,-40.12635
1179249218.75,-40.14234
1179249375.0,-40.11318
1179249531.25,-40.13059
1179249687.5,-40.1239
1179249843.75,-40.1115
1179250000.0,-40.13831
1179250156.25,-40.12578
1179250312.5,-40.11179
1179250468.75,-40.14223
1179250625.0,-40.11898
1179250781.25,-40.14147
1179250937.5,-40.13098
1179251093.75,-40.11923
1179251250.0,-40.11299
1179251406.25,-40.13239
1179251562.5,-40.12474
1179251718.75,-40.11045
1179251875.0,-40.11264
1179252031.25,-40.09843
1179252187.5,-40.11269
1179252343.75,-40.10766
1179252500.0,-40.11589
1179252656.25,-40.0984
1179252812.5,-40.11973
1179252968.75,-40.11481
1179253125.0,-40.10669
1179253281.25,-40.10624
1179253437.5,-40.11092
1179253593.75,-40.11588
1179253750.0,-40.11401
1179253906.25,-40.10511
1179254062.5,-40.12443
1179254218.75,-40.09828
1179254375.0,-40.10628
1179254531.25,-40.1363
1179254687.5,-40.09998
1179254843.75,-40.10611
1179255000.0,-40.09865
1179255156.25,-40.10458
1179255312.5,-40.11388
1179255468.75,-40.10481
1179255625.0,-40.10621
1179255781.25,-40.09488
1179255937.5,-40.09988
1179256093.75,-40.08541
1179256250.0,-40.08775
1179256406.25,-40.10936
1179256562.5,-40.08274
1179256718.75,-40.10085
1179256875.0,-40.08536
1179257031.25,-40.09276
1179257187.5,-40.09867
1179257343.75,-40.08041
1179257500.0,-40.086
1179257656.25,-40.08315
1179257812.5,-40.07972
1179257968.75,-40.09322
1179258125.0,-40.10065
1179258281.25,-40.09256
1179258437.5,-40.07169
1179258593.75,-40.09624
1179258750.0,-40.07011
1179258906.25,-40.09161
1179259062.5,-40.09123
1179259218.75,-40.08534
1179259375.0,-40.09697
1179259531.25,-40.07851
1179259687.5,-40.08685
1179259843.75,-40.0742
1179260000.0,-40.08353
1179260156.25,-40.09117
1179260312.5,-40.08725
1179260468.75,-40.09316
1179260625.0,-40.07251
1179260781.25,-40.09378
1179260937.5,-40.06718
1179261093.75,-40.08273
1179261250.0,-40.09057
1179261406.25,-40.05482
1179261562.5,-40.05885
1179261718.75,-40.08166
1179261875.0,-40.06965
1179262031.25,-40.06174
1179262187.5,-40.08171
1179262343.75,-40.08506
1179262500.0,-40.0725
1179262656.25,-40.07083
1179262812.5,-40.08389
1179262968.75,-40.07939
1179263125.0,-40.06604
1179263281.25,-40.05892
1179263437.5,-40.08186
1179263593.75,-40.0834
1179263750.0,-40.06829
1179263906.25,-40.07341
1179264062.5,-40.0459
1179264218.75,-40.06562
1179264375.0,-40.04327
1179264531.25,-40.06798
1179264687.5,-40.05912
1179264843.75,-40.07812
1179265000.0,-40.06423
1179265156.25,-40.04744
1179265312.5,-40.07434
1179265468.75,-40.07296
1179265625.0,-40.06233
1179265781.25,-40.06316
1179265937.5,-40.0551
1179266093.75,-40.06474
1179266250.0,-40.06533
1179266406.25,-40.05081
1179266562.5,-40.05584
1179266718.75,-40.0594
1179266875.0,-40.05286
1179267031.25,-40.05238
1179267187.5,-40.04943
1179267343.75,-40.0451
1179267500.0,-40.05976
1179267656.25,-40.05857
1179267812.5,-40.04167
1179267968.75,-40.04357
1179268125.0,-40.04182
1179268281.25,-40.05065
1179268437.5,-40.05452
1179268593.75,-40.05586
1179268750.0,-40.04652
1179268906.25,-40.05297
1179269062.5,-40.05458
1179269218.75,-40.05386
1179269375.0,-40.03388
1179269531.25,-40.04837
1179269687.5,-40.04094
1179269843.75,-40.04523
1179270000.0,-40.0568
1179270156.25,-40.04736
1179270312.5,-40.04392
1179270468.75,-40.0366
1179270625.0,-40.0315
1179270781.25,-40.03893
1179270937.5,-40.02722
1179271093.75,-40.05721
1179271250.0,-40.0371
1179271406.25,-40.03804
1179271562.5,-40.02342
1179271718.75,-40.04805
1179271875.0,-40.04112
1179272031.25,-40.04041
1179272187.5,-40.04235
1179272343.75,-40.05696
1179272500.0,-40.03194
1179272656.25,-40.04079
1179272812.5,-40.01656
1179272968.75,-40.02422
1179273125.0,-40.02276
1179273281.25,-40.01668
1179273437.5,-40.04503
1179273593.75,-40.01978
1179273750.0,-39.99677
1179273906.25,-40.02076
1179274062.5,-40.02063
1179274218.75,-40.02104
1179274375.0,-40.03022
1179274531.25,-40.02248
1179274687.5,-40.01078
1179274843.75,-40.00426
1179275000.0,-40.00603
1179275156.25,-40.02361
1179275312.5,-40.01059
1179275468.75,-40.00741
1179275625.0,-40.01281
1179275781.25,-39.99175
1179275937.5,-39.99469
1179276093.75,-40.01541
1179276250.0,-40.02102
1179276406.25,-40.01728
1179276562.5,-40.01034
1179276718.75,-39.99869
1179276875.0,-40.02114
1179277031.25,-40.02777
1179277187.5,-40.01383
1179277343.75,-40.00221
1179277500.0,-40.00922
1179277656.25,-40.01101
1179277812.5,-40.01527
1179277968.75,-39.99062
1179278125.0,-40.00998
1179278281.25,-40.00103
1179278437.5,-40.0092
1179278593.75,-40.0185
1179278750.0,-40.01814
1179278906.25,-40.00136
1179279062.5,-39.98986
1179279218.75,-40.0098
1179279375.0,-40.00006
1179279531.25,-39.99934
1179279687.5,-40.01735
1179279843.75,-39.99393
1179280000.0,-39.99123
1179280156.25,-40.01308
1179280312.5,-39.99214
1179280468.75,-40.00745
1179280625.0,-40.00669
1179280781.25,-40.0073
1179280937.5,-39.98603
1179281093.75,-39.99966
1179281250.0,-39.97609
1179281406.25,-39.98389
1179281562.5,-39.99751
1179281718.75,-40.00065
1179281875.0,-39.9966
1179282031.25,-39.98898
1179282187.5,-40.00066
1179282343.75,-39.97628
1179282500.0,-39.98928
1179282656.25,-39.98667
1179282812.5,-39.98234
1179282968.75,-39.98048
1179283125.0,-39.9698
1179283281.25,-39.99127
1179283437.5,-39.97324
1179283593.75,-39.99
1179283750.0,-39.9894
1179283906.25,-39.98601
1179284062.5,-39.99151
1179284218.75,-39.97168
1179284375.0,-39.98869
1179284531.25,-39.97705
1179284687.5,-39.99404
1179284843.75,-39.98498
1179285000.0,-39.98336
1179285156.25,-39.97984
1179285312.5,-39.97761
1179285468.75,-39.96146
1179285625.0,-39.97803
1179285781.25,-39.98434
1179285937.5,-39.97181
1179286093.75,-39.96682
1179286250.0,-39.96669
1179286406.25,-39.95967
1179286562.5,-39.98405
1179286718.75,-39.98019
1179286875.0,-39.96075
1179287031.25,-39.97223
1179287187.5,-39.95209
1179287343.75,-39.96125
1179287500.0,-39.97784
1179287656.25,-39.96955
1179287812.5,-39.97359
1179287968.75,-39.96576
1179288125.0,-39.9803
1179288281.25,-39.94951
1179288437.5,-39.97562
1179288593.75,-39.95532
1179288750.0,-39.95664
1179288906.25,-39.9723
1179289062.5,-39.9585
1179289218.75,-39.95952
1179289375.0,-39.95308
1179289531.25,-39.95597
1179289687.5,-39.94454
1179289843.75,-39.95264
1179290000.0,-39.94427
1179290156.25,-39.96453
1179290312.5,-39.95309
1179290468.75,-39.96535
1179290625.0,-39.96087
1179290781.25,-39.9577
1179290937.5,-39.97261
1179291093.75,-39.93049
1179291250.0,-39.97765
1179291406.25,-39.96159
1179291562.5,-39.94753
1179291718.75,-39.94847
1179291875.0,-39.95734
1179292031.25,-39.9617
1179292187.5,-39.94588
1179292343.75,-39.9525
1179292500.0,-39.95611
1179292656.25,-39.94133
1179292812.5,-39.9366
1179292968.75,-39.9446
1179293125.0,-39.93339
1179293281.25,-39.95058
1179293437.5,-39.92468
1179293593.75,-39.93926
1179293750.0,-39.94995
1179293906.25,-39.94144
1179294062.5,-39.94859
1179294218.75,-39.93074
1179294375.0,-39.92982
1179294531.25,-39.92966
1179294687.5,-39.93024
1179294843.75,-39.95366
1179295000.0,-39.95802
1179295156.25,-39.91144
1179295312.5,-39.93412
1179295468.75,-39.94485
1179295625.0,-39.93465
1179295781.25,-39.93185
1179295937.5,-39.92791
1179296093.75,-39.94421
1179296250.0,-39.9337
1179296406.25,-39.93468
1179296562.5,-39.92972
1179296718.75,-39.93424
1179296875.0,-39.93877
1179297031.25,-39.92539
1179297187.5,-39.93549
1179297343.75,-39.91019
1179297500.0,-39.91679
1179297656.25,-39.92993
1179297812.5,-39.93265
1179297968.75,-39.92249
1179298125.0,-39.91729
1179298281.25,-39.93266
1179298437.5,-39.91977
1179298593.75,-39.92354
1179298750.0,-39.92224
1179298906.25,-39.93489
1179299062.5,-39.92608
1179299218.75,-39.91331
1179299375.0,-39.90988
1179299531.25,-39.93228
1179299687.5,-39.91699
1179299843.75,-39.92274
1179300000.0,-39.91439
1179300156.25,-39.92884
1179300312.5,-39.9209
1179300468.75,-39.91845
1179300625.0,-39.90979
1179300781.25,-39.913
1179300937.5,-39.9199
1179301093.75,-39.8905
1179301250.0,-39.91074
1179301406.25,-39.91131
1179301562.5,-39.89075
1179301718.75,-39.91821
1179301875.0,-39.88744
1179302031.25,-39.90998
1179302187.5,-39.90031
1179302343.75,-39.90812
1179302500.0,-39.88361
1179302656.25,-39.89464
1179302812.5,-39.88271
1179302968.75,-39.91431
1179303125.0,-39.90003
1179303281.25,-39.89918
1179303437.5,-39.89222
1179303593.75,-39.89884
1179303750.0,-39.89494
1179303906.25,-39.91106
1179304062.5,-39.87841
1179304218.75,-39.88486
1179304375.0,-39.90436
1179304531.25,-39.89613
1179304687.5,-39.88205
1179304843.75,-39.87047
1179305000.0,-39.91195
1179305156.25,-39.8936
1179305312.5,-39.89743
1179305468.75,-39.88086
1179305625.0,-39.87923
1179305781.25,-39.90021
1179305937.5,-39.89667
1179306093.75,-39.89762
1179306250.0,-39.8854
1179306406.25,-39.90088
1179306562.5,-39.88389
1179306718.75,-39.87111
1179306875.0,-39.88495
1179307031.25,-39.87224
1179307187.5,-39.88555
1179307343.75,-39.89669
1179307500.0,-39.91165
1179307656.25,-39.88624
1179307812.5,-39.86777
1179307968.75,-39.88955
1179308125.0,-39.87977
1179308281.25,-39.87454
1179308437.5,-39.87675
1179308593.75,-39.88896
1179308750.0,-39.87808
1179308906.25,-39.87777
1179309062.5,-39.88969
1179309218.75,-39.87255
1179309375.0,-39.86763
1179309531.25,-39.87284
1179309687.5,-39.88022
1179309843.75,-39.87598
1179310000.0,-39.88188
1179310156.25,-39.86244
1179310312.5,-39.87744
1179310468.75,-39.8765
1179310625.0,-39.84687
1179310781.25,-39.87798
1179310937.5,-39.86334
1179311093.75,-39.85614
1179311250.0,-39.86883
1179311406.25,-39.86791
1179311562.5,-39.85635
1179311718.75,-39.87163
1179311875.0,-39.86186
1179312031.25,-39.85127
1179312187.5,-39.85269
1179312343.75,-39.85207
1179312500.0,-39.87169
1179312656.25,-39.85652
1179312812.5,-39.86623
1179312968.75,-39.88132
1179313125.0,-39.85896
1179313281.25,-39.84204
1179313437.5,-39.85314
1179313593.75,-39.86091
1179313750.0,-39.84163
1179313906.25,-39.83592
1179314062.5,-39.8521
1179314218.75,-39.85921
1179314375.0,-39.83267
1179314531.25,-39.87556
1179314687.5,-39.84892
1179314843.75,-39.85911
1179315000.0,-39.85547
1179315156.25,-39.8465
1179315312.5,-39.84354
1179315468.75,-39.85128
1179315625.0,-39.85818
1179315781.25,-39.85607
1179315937.5,-39.82573
1179316093.75,-39.8336
1179316250.0,-39.84503
1179316406.25,-39.84096
1179316562.5,-39.86036
1179316718.75,-39.8488
1179316875.0,-39.83976
1179317031.25,-39.84673
1179317187.5,-39.85099
1179317343.75,-39.85831
1179317500.0,-39.84693
1179317656.25,-39.83524
1179317812.5,-39.82965
1179317968.75,-39.85496
1179318125.0,-39.85143
1179318281.25,-39.83131
1179318437.5,-39.8475
1179318593.75,-39.83831
1179318750.0,-39.82949
1179318906.25,-39.82496
1179319062.5,-39.83249
1179319218.75,-39.8337
1179319375.0,-39.83499
1179319531.25,-39.837
1179319687.5,-39.83113
1179319843.75,-39.83453
1179320000.0,-39.8228
1179320156.25,-39.82603
1179320312.5,-39.80274
1179320468.75,-39.81243
1179320625.0,-39.84165
1179320781.25,-39.8382
1179320937.5,-39.83787
1179321093.75,-39.8244
1179321250.0,-39.81519
1179321406.25,-39.83323
1179321562.5,-39.807
1179321718.75,-39.82608
1179321875.0,-39.81787
1179322031.25,-39.83957
1179322187.5,-39.8021
1179322343.75,-39.81886
1179322500.0,-39.81662
1179322656.25,-39.82723
1179322812.5,-39.82098
1179322968.75,-39.80424
1179323125.0,-39.82257
1179323281.25,-39.81663
1179323437.5,-39.81538
1179323593.75,-39.80917
1179323750.0,-39.80523
1179323906.25,-39.80674
1179324062.5,-39.82125
1179324218.75,-39.79226
1179324375.0,-39.79357
1179324531.25,-39.81012
1179324687.5,-39.81067
1179324843.75,-39.80564
1179325000.0,-39.80018
1179325156.25,-39.82688
1179325312.5,-39.80186
1179325468.75,-39.82257
1179325625.0,-39.80283
1179325781.25,-39.80716
1179325937.5,-39.7964
1179326093.75,-39.80015
1179326250.0,-39.80939
1179326406.25,-39.81038
1179326562.5,-39.79178
1179326718.75,-39.80303
1179326875.0,-39.78801
1179327031.25,-39.79773
1179327187.5,-39.7883
1179327343.75,-39.80495
1179327500.0,-39.80328
1179327656.25,-39.78571
1179327812.5,-39.79423
1179327968.75,-39.80337
1179328125.0,-39.79551
1179328281.25,-39.79493
1179328437.5,-39.80614
1179328593.75,-39.79477
1179328750.0,-39.78247
1179328906.25,-39.78426
1179329062.5,-39.7935
1179329218.75,-39.80145
1179329375.0,-39.78587
1179329531.25,-39.78488
1179329687.5,-39.78866
1179329843.75,-39.79356
1179330000.0,-39.79523
1179330156.25,-39.79305
1179330312.5,-39.78815
1179330468.75,-39.77959
1179330625.0,-39.77728
1179330781.25,-39.78986
1179330937.5,-39.78303
1179331093.75,-39.77171
1179331250.0,-39.80088
1179331406.25,-39.78074
1179331562.5,-39.79034
1179331718.75,-39.78358
1179331875.0,-39.76989
1179332031.25,-39.75872
1179332187.5,-39.77859
1179332343.75,-39.76981
1179332500.0,-39.75849
1179332656.25,-39.78104
1179332812.5,-39.76125
1179332968.75,-39.78241
1179333125.0,-39.77831
1179333281.25,-39.76745
1179333437.5,-39.75658
1179333593.75,-39.77401
1179333750.0,-39.77858
1179333906.25,-39.75509
1179334062.5,-39.77431
1179334218.75,-39.76456
1179334375.0,-39.75649
1179334531.25,-39.757
1179334687.5,-39.7879
1179334843.75,-39.77269
1179335000.0,-39.76349
1179335156.25,-39.77353
1179335312.5,-39.76712
1179335468.75,-39.75446
1179335625.0,-39.752
1179335781.25,-39.75158
1179335937.5,-39.75273
1179336093.75,-39.76326
1179336250.0,-39.75053
1179336406.25,-39.74825
1179336562.5,-39.74923
1179336718.75,-39.74916
1179336875.0,-39.74924
1179337031.25,-39.74678
1179337187.5,-39.75273
1179337343.75,-39.74217
1179337500.0,-39.75728
1179337656.25,-39.74981
1179337812.5,-39.74234
1179337968.75,-39.7356
1179338125.0,-39.76112
1179338281.25,-39.74915
1179338437.5,-39.75866
1179338593.75,-39.76286
1179338750.0,-39.75042
1179338906.25,-39.73963
1179339062.5,-39.7379
1179339218.75,-39.74139
1179339375.0,-39.76764
1179339531.25,-39.7386
1179339687.5,-39.74929
1179339843.75,-39.7416
1179340000.0,-39.74083
1179340156.25,-39.74621
1179340312.5,-39.73709
1179340468.75,-39.72226
1179340625.0,-39.73639
1179340781.25,-39.74532
1179340937.5,-39.74528
1179341093.75,-39.75047
1179341250.0,-39.7446
1179341406.25,-39.71605
1179341562.5,-39.73312
1179341718.75,-39.73182
1179341875.0,-39.72943
1179342031.25,-39.7282
1179342187.5,-39.72716
1179342343.75,-39.72765
1179342500.0,-39.73315
1179342656.25,-39.73821
1179342812.5,-39.73202
1179342968.75,-39.7244
1179343125.0,-39.71974
1179343281.25,-39.73458
1179343437.5,-39.72009
1179343593.75,-39.74364
1179343750.0,-39.7373
1179343906.25,-39.71533
1179344062.5,-39.72514
1179344218.75,-39.73037
1179344375.0,-39.72763
1179344531.25,-39.72351
1179344687.5,-39.70903
1179344843.75,-39.71984
1179345000.0,-39.70556
1179345156.25,-39.7169
1179345312.5,-39.72435
1179345468.75,-39.6938
1179345625.0,-39.70861
1179345781.25,-39.71909
1179345937.5,-39.72067
1179346093.75,-39.7055
1179346250.0,-39.71959
1179346406.25,-39.72504
1179346562.5,-39.7123
1179346718.75,-39.72123
1179346875.0,-39.69847
1179347031.25,-39.71532
1179347187.5,-39.6989
1179347343.75,-39.69948
1179347500.0,-39.70786
1179347656.25,-39.71095
1179347812.5,-39.73093
1179347968.75,-39.708
1179348125.0,-39.72084
1179348281.25,-39.71967
1179348437.5,-39.69472
1179348593.75,-39.70267
1179348750.0,-39.71354
1179348906.25,-39.68177
1179349062.5,-39.70944
1179349218.75,-39.68991
1179349375.0,-39.71177
1179349531.25,-39.70526
1179349687.5,-39.69041
1179349843.75,-39.70016
1179350000.0,-39.71359
1179350156.25,-39.69865
1179350312.5,-39.69442
1179350468.75,-39.69235
1179350625.0,-39.69156
1179350781.25,-39.70972
1179350937.5,-39.69531
1179351093.75,-39.69018
1179351250.0,-39.69399
1179351406.25,-39.69419
1179351562.5,-39.68903
1179351718.75,-39.68322
1179351875.0,-39.68196
1179352031.25,-39.67799
1179352187.5,-39.68877
1179352343.75,-39.67815
1179352500.0,-39.68373
1179352656.25,-39.67162
1179352812.5,-39.68678
1179352968.75,-39.67232
1179353125.0,-39.69756
1179353281.25,-39.66745
1179353437.5,-39.68736
1179353593.75,-39.6797
1179353750.0,-39.69636
1179353906.25,-39.66056
1179354062.5,-39.68063
1179354218.75,-39.66455
1179354375.0,-39.68924
1179354531.25,-39.6846
1179354687.5,-39.67529
1179354843.75,-39.68667
1179355000.0,-39.66921
1179355156.25,-39.69199
1179355312.5,-39.67727
1179355468.75,-39.68383
1179355625.0,-39.66954
1179355781.25,-39.66622
1179355937.5,-39.67397
1179356093.75,-39.66469
1179356250.0,-39.68856
1179356406.25,-39.6567
1179356562.5,-39.67767
1179356718.75,-39.66858
1179356875.0,-39.67921
1179357031.25,-39.67568
1179357187.5,-39.66425
1179357343.75,-39.67142
1179357500.0,-39.66726
1179357656.25,-39.67158
1179357812.5,-39.64742
1179357968.75,-39.66722
1179358125.0,-39.65211
1179358281.25,-39.65669
1179358437.5,-39.669
1179358593.75,-39.65962
1179358750.0,-39.66795
1179358906.25,-39.64305
1179359062.5,-39.65821
1179359218.75,-39.64557
1179359375.0,-39.66691
1179359531.25,-39.6539
1179359687.5,-39.66034
1179359843.75,-39.64924
1179360000.0,-39.66469
1179360156.25,-39.66311
1179360312.5,-39.65759
1179360468.75,-39.65269
1179360625.0,-39.65022
1179360781.25,-39.65812
1179360937.5,-39.64107
1179361093.75,-39.64463
1179361250.0,-39.66216
1179361406.25,-39.63156
1179361562.5,-39.64622
1179361718.75,-39.6398
1179361875.0,-39.6742
1179362031.25,-39.6409
1179362187.5,-39.64512
1179362343.75,-39.63729
1179362500.0,-39.64475
1179362656.25,-39.64122
1179362812.5,-39.63196
1179362968.75,-39.63717
1179363125.0,-39.63787
1179363281.25,-39.64135
1179363437.5,-39.63038
1179363593.75,-39.6286
1179363750.0,-39.63395
1179363906.25,-39.63271
1179364062.5,-39.64046
1179364218.75,-39.63599
1179364375.0,-39.62512
1179364531.25,-39.63867
1179364687.5,-39.63032
1179364843.75,-39.64927
1179365000.0,-39.64158
1179365156.25,-39.64626
1179365312.5,-39.63148
1179365468.75,-39.63171
1179365625.0,-39.64588
1179365781.25,-39.62656
1179365937.5,-39.62041
1179366093.75,-39.61433
1179366250.0,-39.6421
1179366406.25,-39.62761
1179366562.5,-39.6213
1179366718.75,-39.62835
1179366875.0,-39.64877
1179367031.25,-39.62019
1179367187.5,-39.61131
1179367343.75,-39.62675
1179367500.0,-39.61946
1179367656.25,-39.62803
1179367812.5,-39.61871
1179367968.75,-39.62344
1179368125.0,-39.62695
1179368281.25,-39.6195
1179368437.5,-39.6094
1179368593.75,-39.61806
1179368750.0,-39.6091
1179368906.25,-39.61826
1179369062.5,-39.61015
1179369218.75,-39.6201
1179369375.0,-39.61207
1179369531.25,-39.62201
1179369687.5,-39.61238
1179369843.75,-39.61671
1179370000.0,-39.61155
1179370156.25,-39.62017
1179370312.5,-39.61198
1179370468.75,-39.6194
1179370625.0,-39.61929
1179370781.25,-39.60816
1179370937.5,-39.60749
1179371093.75,-39.616
1179371250.0,-39.60604
1179371406.25,-39.59634
1179371562.5,-39.6006
1179371718.75,-39.60818
1179371875.0,-39.61519
1179372031.25,-39.61208
1179372187.5,-39.59919
1179372343.75,-39.60612
1179372500.0,-39.60626
1179372656.25,-39.59808
1179372812.5,-39.59378
1179372968.75,-39.60162
1179373125.0,-39.58224
1179373281.25,-39.58506
1179373437.5,-39.59092
1179373593.75,-39.59742
1179373750.0,-39.59291
1179373906.25,-39.60568
1179374062.5,-39.59468
1179374218.75,-39.57637
1179374375.0,-39.58442
1179374531.25,-39.5894
1179374687.5,-39.5825
1179374843.75,-39.60241
1179375000.0,-39.5927
1179375156.25,-39.57633
1179375312.5,-39.59961
1179375468.75,-39.58574
1179375625.0,-39.57011
1179375781.25,-39.58956
1179375937.5,-39.58865
1179376093.75,-39.60132
1179376250.0,-39.58173
1179376406.25,-39.57851
1179376562.5,-39.58374
1179376718.75,-39.59642
1179376875.0,-39.57766
1179377031.25,-39.5665
1179377187.5,-39.59649
1179377343.75,-39.57505
1179377500.0,-39.57383
1179377656.25,-39.58488
1179377812.5,-39.57215
1179377968.75,-39.57643
1179378125.0,-39.57412
1179378281.25,-39.57938
1179378437.5,-39.5738
1179378593.75,-39.58678
1179378750.0,-39.5811
1179378906.25,-39.5589
1179379062.5,-39.57001
1179379218.75,-39.57131
1179379375.0,-39.58242
1179379531.25,-39.56928
1179379687.5,-39.56747
1179379843.75,-39.5697
1179380000.0,-39.56545
1179380156.25,-39.58665
1179380312.5,-39.55908
1179380468.75,-39.5675
1179380625.0,-39.55343
1179380781.25,-39.57084
1179380937.5,-39.57425
1179381093.75,-39.56879
1179381250.0,-39.57156
1179381406.25,-39.56606
1179381562.5,-39.53786
1179381718.75,-39.56128
1179381875.0,-39.56101
1179382031.25,-39.54975
1179382187.5,-39.56726
1179382343.75,-39.55965
1179382500.0,-39.55017
1179382656.25,-39.56593
1179382812.5,-39.5589
1179382968.75,-39.55354
1179383125.0,-39.56569
1179383281.25,-39.52868
1179383437.5,-39.55054
1179383593.75,-39.5487
1179383750.0,-39.55556
1179383906.25,-39.55176
1179384062.5,-39.53766
1179384218.75,-39.53948
1179384375.0,-39.53775
1179384531.25,-39.5501
1179384687.5,-39.54624
1179384843.75,-39.54241
1179385000.0,-39.53254
1179385156.25,-39.53951
1179385312.5,-39.53855
1179385468.75,-39.52503
1179385625.0,-39.54694
1179385781.25,-39.54443
1179385937.5,-39.55214
1179386093.75,-39.53222
1179386250.0,-39.53996
1179386406.25,-39.5405
1179386562.5,-39.5391
1179386718.75,-39.52689
1179386875.0,-39.52802
1179387031.25,-39.53043
1179387187.5,-39.52591
1179387343.75,-39.51919
1179387500.0,-39.52925
1179387656.25,-39.53577
1179387812.5,-39.51997
1179387968.75,-39.54358
1179388125.0,-39.52848
1179388281.25,-39.54108
1179388437.5,-39.53447
1179388593.75,-39.51875
1179388750.0,-39.51775
1179388906.25,-39.50991
1179389062.5,-39.52717
1179389218.75,-39.53054
1179389375.0,-39.51011
1179389531.25,-39.52961
1179389687.5,-39.53495
1179389843.75,-39.50715
1179390000.0,-39.52701
1179390156.25,-39.5391
1179390312.5,-39.52823
1179390468.75,-39.52283
1179390625.0,-39.52301
1179390781.25,-39.52251
1179390937.5,-39.52063
1179391093.75,-39.51447
1179391250.0,-39.50466
1179391406.25,-39.52045
1179391562.5,-39.51711
1179391718.75,-39.49763
1179391875.0,-39.50993
1179392031.25,-39.50095
1179392187.5,-39.5078
1179392343.75,-39.51258
1179392500.0,-39.51554
1179392656.25,-39.4931
1179392812.5,-39.50477
1179392968.75,-39.49891
1179393125.0,-39.52021
1179393281.25,-39.51118
1179393437.5,-39.50931
1179393593.75,-39.49954
1179393750.0,-39.52252
1179393906.25,-39.50806
1179394062.5,-39.50777
1179394218.75,-39.5099
1179394375.0,-39.49217
1179394531.25,-39.49874
1179394687.5,-39.49963
1179394843.75,-39.49833
1179395000.0,-39.48655
1179395156.25,-39.47796
1179395312.5,-39.50167
1179395468.75,-39.51192
1179395625.0,-39.4911
1179395781.25,-39.50468
1179395937.5,-39.498
1179396093.75,-39.4905
1179396250.0,-39.49059
1179396406.25,-39.50048
1179396562.5,-39.48896
1179396718.75,-39.50086
1179396875.0,-39.49908
1179397031.25,-39.48499
1179397187.5,-39.49292
1179397343.75,-39.47887
1179397500.0,-39.49044
1179397656.25,-39.49876
1179397812.5,-39.50303
1179397968.75,-39.48621
1179398125.0,-39.49273
1179398281.25,-39.48328
1179398437.5,-39.48552
1179398593.75,-39.49288
1179398750.0,-39.4721
1179398906.25,-39.49302
1179399062.5,-39.48733
1179399218.75,-39.47784
1179399375.0,-39.47382
1179399531.25,-39.4826
1179399687.5,-39.46523
1179399843.75,-39.49191
1179400000.0,-39.47269
1179400156.25,-39.46724
1179400312.5,-39.46638
1179400468.75,-39.49335
1179400625.0,-39.48464
1179400781.25,-39.47382
1179400937.5,-39.44742
1179401093.75,-39.47144
1179401250.0,-39.46824
1179401406.25,-39.46556
1179401562.5,-39.46624
1179401718.75,-39.47476
1179401875.0,-39.47078
1179402031.25,-39.48378
1179402187.5,-39.4603
1179402343.75,-39.46458
1179402500.0,-39.4757
1179402656.25,-39.47989
1179402812.5,-39.46305
1179402968.75,-39.46793
1179403125.0,-39.47848
1179403281.25,-39.47235
1179403437.5,-39.45397
1179403593.75,-39.45807
1179403750.0,-39.46474
1179403906.25,-39.46075
1179404062.5,-39.45414
1179404218.75,-39.43881
1179404375.0,-39.4602
1179404531.25,-39.44947
1179404687.5,-39.46433
1179404843.75,-39.44398
1179405000.0,-39.45393
1179405156.25,-39.45197
1179405312.5,-39.4576
1179405468.75,-39.44652
1179405625.0,-39.44154
1179405781.25,-39.46468
1179405937.5,-39.45277
1179406093.75,-39.44253
1179406250.0,-39.43922
1179406406.25,-39.46288
1179406562.5,-39.44925
1179406718.75,-39.44481
1179406875.0,-39.43841
1179407031.25,-39.45264
1179407187.5,-39.43831
1179407343.75,-39.45496
1179407500.0,-39.44025
1179407656.25,-39.44661
1179407812.5,-39.42679
1179407968.75,-39.43302
1179408125.0,-39.42332
1179408281.25,-39.43267
1179408437.5,-39.44211
1179408593.75,-39.43309
1179408750.0,-39.43198
1179408906.25,-39.42477
1179409062.5,-39.43612
1179409218.75,-39.443
1179409375.0,-39.44485
1179409531.25,-39.43879
1179409687.5,-39.42775
1179409843.75,-39.45207
1179410000.0,-39.42367
1179410156.25,-39.43734
1179410312.5,-39.43797
1179410468.75,-39.43317
1179410625.0,-39.42071
1179410781.25,-39.42996
1179410937.5,-39.42188
1179411093.75,-39.43599
1179411250.0,-39.44695
1179411406.25,-39.4211
1179411562.5,-39.41401
1179411718.75,-39.42278
1179411875.0,-39.42839
1179412031.25,-39.43283
1179412187.5,-39.41637
1179412343.75,-39.44234
1179412500.0,-39.41549
1179412656.25,-39.41764
1179412812.5,-39.43443
1179412968.75,-39.41307
1179413125.0,-39.41824
1179413281.25,-39.42182
1179413437.5,-39.42611
1179413593.75,-39.41459
1179413750.0,-39.42556
1179413906.25,-39.4153
1179414062.5,-39.40425
1179414218.75,-39.40384
1179414375.0,-39.4147
1179414531.25,-39.42923
1179414687.5,-39.41085
1179414843.75,-39.41599
1179415000.0,-39.41119
1179415156.25,-39.41959
1179415312.5,-39.41692
1179415468.75,-39.41048
1179415625.0,-39.41927
1179415781.25,-39.38689
1179415937.5,-39.41642
1179416093.75,-39.40253
1179416250.0,-39.40159
1179416406.25,-39.39466
1179416562.5,-39.40689
1179416718.75,-39.40199
1179416875.0,-39.36775
1179417031.25,-39.39866
1179417187.5,-39.38281
1179417343.75,-39.4095
1179417500.0,-39.3951
1179417656.25,-39.39682
1179417812.5,-39.38797
1179417968.75,-39.38192
1179418125.0,-39.41512
1179418281.25,-39.38894
1179418437.5,-39.39696
1179418593.75,-39.38869
1179418750.0,-39.3845
1179418906.25,-39.37532
1179419062.5,-39.37011
1179419218.75,-39.39452
1179419375.0,-39.4042
1179419531.25,-39.38943
1179419687.5,-39.39468
1179419843.75,-39.39279
1179420000.0,-39.39035
1179420156.25,-39.39403
1179420312.5,-39.37885
1179420468.75,-39.37536
1179420625.0,-39.38818
1179420781.25,-39.38147
1179420937.5,-39.37261
1179421093.75,-39.38113
1179421250.0,-39.37177
1179421406.25,-39.37861
1179421562.5,-39.38819
1179421718.75,-39.38766
1179421875.0,-39.36971
1179422031.25,-39.37169
1179422187.5,-39.39264
1179422343.75,-39.36742
1179422500.0,-39.36232
1179422656.25,-39.36956
1179422812.5,-39.3718
1179422968.75,-39.3635
1179423125.0,-39.36436
1179423281.25,-39.37399
1179423437.5,-39.3715
1179423593.75,-39.36076
1179423750.0,-39.35839
1179423906.25,-39.35895
1179424062.5,-39.35551
1179424218.75,-39.35634
1179424375.0,-39.37057
1179424531.25,-39.35226
1179424687.5,-39.37571
1179424843.75,-39.36535
1179425000.0,-39.35946
1179425156.25,-39.36081
1179425312.5,-39.36172
1179425468.75,-39.37894
1179425625.0,-39.35421
1179425781.25,-39.36192
1179425937.5,-39.34345
1179426093.75,-39.36963
1179426250.0,-39.3459
1179426406.25,-39.3554
1179426562.5,-39.34668
1179426718.75,-39.37493
1179426875.0,-39.34455
1179427031.25,-39.35456
1179427187.5,-39.34491
1179427343.75,-39.35393
1179427500.0,-39.35754
1179427656.25,-39.34624
1179427812.5,-39.35784
1179427968.75,-39.35151
1179428125.0,-39.33257
1179428281.25,-39.3581
1179428437.5,-39.33713
1179428593.75,-39.33779
1179428750.0,-39.34936
1179428906.25,-39.34332
1179429062.5,-39.34687
1179429218.75,-39.33378
1179429375.0,-39.35156
1179429531.25,-39.35287
1179429687.5,-39.33239
1179429843.75,-39.35817
1179430000.0,-39.34151
1179430156.25,-39.34723
1179430312.5,-39.34945
1179430468.75,-39.31952
1179430625.0,-39.34356
1179430781.25,-39.3265
1179430937.5,-39.31536
1179431093.75,-39.34341
1179431250.0,-39.34279
1179431406.25,-39.34958
1179431562.5,-39.35625
1179431718.75,-39.31098
1179431875.0,-39.32901
1179432031.25,-39.34879
1179432187.5,-39.32471
1179432343.75,-39.33424
1179432500.0,-39.33563
1179432656.25,-39.31978
1179432812.5,-39.32476
1179432968.75,-39.31547
1179433125.0,-39.32002
1179433281.25,-39.32312
1179433437.5,-39.32871
1179433593.75,-39.32627
1179433750.0,-39.3336
1179433906.25,-39.32713
1179434062.5,-39.32704
1179434218.75,-39.31788
1179434375.0,-39.30914
1179434531.25,-39.32789
1179434687.5,-39.32044
1179434843.75,-39.32185
1179435000.0,-39.31562
1179435156.25,-39.31744
1179435312.5,-39.2997
1179435468.75,-39.31253
1179435625.0,-39.3145
1179435781.25,-39.3167
1179435937.5,-39.31599
1179436093.75,-39.30667
1179436250.0,-39.31479
1179436406.25,-39.31608
1179436562.5,-39.3098
1179436718.75,-39.31377
1179436875.0,-39.31219
1179437031.25,-39.30796
1179437187.5,-39.31468
1179437343.75,-39.31205
1179437500.0,-39.29722
1179437656.25,-39.30315
1179437812.5,-39.29695
1179437968.75,-39.31767
1179438125.0,-39.3
1179438281.25,-39.30656
1179438437.5,-39.2901
1179438593.75,-39.2928
1179438750.0,-39.3247
1179438906.25,-39.2903
1179439062.5,-39.28729
1179439218.75,-39.30132
1179439375.0,-39.29116
1179439531.25,-39.29754
1179439687.5,-39.30489
1179439843.75,-39.29977
1179440000.0,-39.29892
1179440156.25,-39.30106
1179440312.5,-39.29818
1179440468.75,-39.28221
1179440625.0,-39.31121
1179440781.25,-39.28698
1179440937.5,-39.28449
1179441093.75,-39.29288
1179441250.0,-39.2725
1179441406.25,-39.28969
1179441562.5,-39.28432
1179441718.75,-39.28497
1179441875.0,-39.29158
1179442031.25,-39.28704
1179442187.5,-39.28586
1179442343.75,-39.29656
1179442500.0,-39.28571
1179442656.25,-39.27939
1179442812.5,-39.27738
1179442968.75,-39.29176
1179443125.0,-39.26306
1179443281.25,-39.27695
1179443437.5,-39.2793
1179443593.75,-39.28216
1179443750.0,-39.27348
1179443906.25,-39.28541
1179444062.5,-39.26658
1179444218.75,-39.27488
1179444375.0,-39.25932
1179444531.25,-39.27564
1179444687.5,-39.27367
1179444843.75,-39.26554
1179445000.0,-39.27686
1179445156.25,-39.25407
1179445312.5,-39.28817
1179445468.75,-39.27348
1179445625.0,-39.27088
1179445781.25,-39.26851
1179445937.5,-39.25328
1179446093.75,-39.26191
1179446250.0,-39.25712
1179446406.25,-39.25111
1179446562.5,-39.25701
1179446718.75,-39.26823
1179446875.0,-39.25708
1179447031.25,-39.27867
1179447187.5,-39.25843
1179447343.75,-39.27908
1179447500.0,-39.25696
1179447656.25,-39.25634
1179447812.5,-39.2611
1179447968.75,-39.25179
1179448125.0,-39.26104
1179448281.25,-39.27489
1179448437.5,-39.23341
1179448593.75,-39.26556
1179448750.0,-39.24504
1179448906.25,-39.24041
1179449062.5,-39.24682
1179449218.75,-39.25261
1179449375.0,-39.24498
1179449531.25,-39.24229
1179449687.5,-39.23838
1179449843.75,-39.25533
1179450000.0,-39.23951
1179450156.25,-39.2382
1179450312.5,-39.25108
1179450468.75,-39.25051
1179450625.0,-39.25305
1179450781.25,-39.23871
1179450937.5,-39.23276
1179451093.75,-39.26112
1179451250.0,-39.24776
1179451406.25,-39.22339
1179451562.5,-39.24174
1179451718.75,-39.22678
1179451875.0,-39.23259
1179452031.25,-39.23344
1179452187.5,-39.25165
1179452343.75,-39.22494
1179452500.0,-39.22591
1179452656.25,-39.227
1179452812.5,-39.24702
1179452968.75,-39.23103
1179453125.0,-39.23536
1179453281.25,-39.24007
1179453437.5,-39.23775
1179453593.75,-39.24258
1179453750.0,-39.24036
1179453906.25,-39.22544
1179454062.5,-39.23259
1179454218.75,-39.23693
1179454375.0,-39.24028
1179454531.25,-39.22206
1179454687.5,-39.23827
1179454843.75,-39.23545
1179455000.0,-39.21333
1179455156.25,-39.22486
1179455312.5,-39.20299
1179455468.75,-39.21507
1179455625.0,-39.21804
1179455781.25,-39.22763
1179455937.5,-39.21629
1179456093.75,-39.22399
1179456250.0,-39.22016
1179456406.25,-39.23347
1179456562.5,-39.2227
1179456718.75,-39.23398
1179456875.0,-39.22623
1179457031.25,-39.21871
1179457187.5,-39.20415
1179457343.75,-39.21595
1179457500.0,-39.21517
1179457656.25,-39.20105
1179457812.5,-39.21303
1179457968.75,-39.22203
1179458125.0,-39.20964
1179458281.25,-39.21525
1179458437.5,-39.2092
1179458593.75,-39.20388
1179458750.0,-39.2123
1179458906.25,-39.20932
1179459062.5,-39.20818
1179459218.75,-39.20517
1179459375.0,-39.21621
1179459531.25,-39.20573
1179459687.5,-39.20775
1179459843.75,-39.1929
1179460000.0,-39.21437
1179460156.25,-39.21223
1179460312.5,-39.19619
1179460468.75,-39.21573
1179460625.0,-39.189
1179460781.25,-39.20044
1179460937.5,-39.20585
1179461093.75,-39.19264
1179461250.0,-39.19498
1179461406.25,-39.18993
1179461562.5,-39.19967
1179461718.75,-39.19075
1179461875.0,-39.20224
1179462031.25,-39.18393
1179462187.5,-39.21028
1179462343.75,-39.18863
1179462500.0,-39.19911
1179462656.25,-39.19677
1179462812.5,-39.16899
1179462968.75,-39.19649
1179463125.0,-39.19227
1179463281.25,-39.19079
1179463437.5,-39.18938
1179463593.75,-39.18104
1179463750.0,-39.19915
1179463906.25,-39.17869
1179464062.5,-39.17784
1179464218.75,-39.17497
1179464375.0,-39.18608
1179464531.25,-39.19664
1179464687.5,-39.18394
1179464843.75,-39.18539
1179465000.0,-39.18235
1179465156.25,-39.17825
1179465312.5,-39.16427
1179465468.75,-39.17431
1179465625.0,-39.17667
1179465781.25,-39.19448
1179465937.5,-39.19117
1179466093.75,-39.17411
1179466250.0,-39.18125
1179466406.25,-39.18764
1179466562.5,-39.16657
1179466718.75,-39.18029
1179466875.0,-39.17258
1179467031.25,-39.17315
1179467187.5,-39.16721
1179467343.75,-39.16581
1179467500.0,-39.17258
1179467656.25,-39.16016
1179467812.5,-39.16405
1179467968.75,-39.17933
1179468125.0,-39.15324
1179468281.25,-39.15181
1179468437.5,-39.15868
1179468593.75,-39.16541
1179468750.0,-39.15006
1179468906.25,-39.16308
1179469062.5,-39.15196
1179469218.75,-39.1553
1179469375.0,-39.16869
1179469531.25,-39.15294
1179469687.5,-39.16437
1179469843.75,-39.14132
1179470000.0,-39.16306
1179470156.25,-39.14206
1179470312.5,-39.14619
1179470468.75,-39.1693
1179470625.0,-39.16209
1179470781.25,-39.14757
1179470937.5,-39.14436
1179471093.75,-39.15305
1179471250.0,-39.15703
1179471406.25,-39.15211
1179471562.5,-39.16472
1179471718.75,-39.15117
1179471875.0,-39.13745
1179472031.25,-39.15739
1179472187.5,-39.13439
1179472343.75,-39.13105
1179472500.0,-39.13987
1179472656.25,-39.14653
1179472812.5,-39.14531
1179472968.75,-39.15294
1179473125.0,-39.15673
1179473281.25,-39.14359
1179473437.5,-39.12205
1179473593.75,-39.13581
1179473750.0,-39.12763
1179473906.25,-39.12962
1179474062.5,-39.13344
1179474218.75,-39.12024
1179474375.0,-39.13863
1179474531.25,-39.13036
1179474687.5,-39.14198
1179474843.75,-39.13852
1179475000.0,-39.12051
1179475156.25,-39.13898
1179475312.5,-39.13699
1179475468.75,-39.12967
1179475625.0,-39.13467
1179475781.25,-39.12147
1179475937.5,-39.12821
1179476093.75,-39.12239
1179476250.0,-39.12904
1179476406.25,-39.12146
1179476562.5,-39.13695
1179476718.75,-39.1395
1179476875.0,-39.1226
1179477031.25,-39.14277
1179477187.5,-39.13035
1179477343.75,-39.1129
1179477500.0,-39.12028
1179477656.25,-39.12375
1179477812.5,-39.10421
1179477968.75,-39.10808
1179478125.0,-39.13396
1179478281.25,-39.11621
1179478437.5,-39.12732
1179478593.75,-39.11565
1179478750.0,-39.11158
1179478906.25,-39.11794
1179479062.5,-39.10132
1179479218.75,-39.11681
1179479375.0,-39.10934
1179479531.25,-39.12917
1179479687.5,-39.12118
1179479843.75,-39.1208
1179480000.0,-39.12478
1179480156.25,-39.09714
1179480312.5,-39.11395
1179480468.75,-39.09216
1179480625.0,-39.11078
1179480781.25,-39.1171
1179480937.5,-39.09299
1179481093.75,-39.11421
1179481250.0,-39.09965
1179481406.25,-39.11378
1179481562.5,-39.12501
1179481718.75,-39.09831
1179481875.0,-39.09462
1179482031.25,-39.09971
1179482187.5,-39.10458
1179482343.75,-39.09464
1179482500.0,-39.10125
1179482656.25,-39.09685
1179482812.5,-39.08928
1179482968.75,-39.10603
1179483125.0,-39.09904
1179483281.25,-39.08722
1179483437.5,-39.09735
1179483593.75,-39.10249
1179483750.0,-39.10132
1179483906.25,-39.08069
1179484062.5,-39.08504
1179484218.75,-39.08707
1179484375.0,-39.09373
1179484531.25,-39.09557
1179484687.5,-39.09254
1179484843.75,-39.08167
1179485000.0,-39.09471
1179485156.25,-39.07966
1179485312.5,-39.0872
1179485468.75,-39.07892
1179485625.0,-39.08649
1179485781.25,-39.08265
1179485937.5,-39.08779
1179486093.75,-39.0771
1179486250.0,-39.0688
1179486406.25,-39.0857
1179486562.5,-39.07866
1179486718.75,-39.07299
1179486875.0,-39.08099
1179487031.25,-39.06441
1179487187.5,-39.06807
1179487343.75,-39.07625
1179487500.0,-39.06309
1179487656.25,-39.07349
1179487812.5,-39.07357
1179487968.75,-39.06443
1179488125.0,-39.06105
1179488281.25,-39.08118
1179488437.5,-39.07397
1179488593.75,-39.07524
1179488750.0,-39.06741
1179488906.25,-39.06788
1179489062.5,-39.07783
1179489218.75,-39.08229
1179489375.0,-39.06337
1179489531.25,-39.05812
1179489687.5,-39.05435
1179489843.75,-39.06445
1179490000.0,-39.06214
1179490156.25,-39.07099
1179490312.5,-39.05531
1179490468.75,-39.05758
1179490625.0,-39.06441
1179490781.25,-39.05896
1179490937.5,-39.05619
1179491093.75,-39.05038
1179491250.0,-39.05732
1179491406.25,-39.05862
1179491562.5,-39.04895
1179491718.75,-39.05144
1179491875.0,-39.04979
1179492031.25,-39.0677
1179492187.5,-39.06634
1179492343.75,-39.04211
1179492500.0,-39.05764
1179492656.25,-39.05365
1179492812.5,-39.0536
1179492968.75,-39.04608
1179493125.0,-39.04029
1179493281.25,-39.05745
1179493437.5,-39.02927
1179493593.75,-39.03831
1179493750.0,-39.04478
1179493906.25,-39.04137
1179494062.5,-39.05658
1179494218.75,-39.04155
1179494375.0,-39.02767
1179494531.25,-39.04929
1179494687.5,-39.04601
1179494843.75,-39.04029
1179495000.0,-39.03421
1179495156.25,-39.03489
1179495312.5,-39.03023
1179495468.75,-39.03666
1179495625.0,-39.03427
1179495781.25,-39.04175
1179495937.5,-39.03185
1179496093.75,-39.0346
1179496250.0,-39.03785
1179496406.25,-39.03803
1179496562.5,-39.02436
1179496718.75,-39.02306
1179496875.0,-39.03509
1179497031.25,-39.03866
1179497187.5,-39.01836
1179497343.75,-39.02149
1179497500.0,-39.02604
1179497656.25,-39.02769
1179497812.5,-39.02624
1179497968.75,-39.03474
1179498125.0,-39.02456
1179498281.25,-39.0181
1179498437.5,-39.01532
1179498593.75,-39.02132
1179498750.0,-39.02457
1179498906.25,-39.0317
1179499062.5,-39.00851
1179499218.75,-39.01064
1179499375.0,-39.029
1179499531.25,-39.01393
1179499687.5,-38.99755
1179499843.75,-39.01821
1179500000.0,-39.02035
1179500156.25,-39.0194
1179500312.5,-39.01238
1179500468.75,-39.01905
1179500625.0,-39.0266
1179500781.25,-39.0029
1179500937.5,-39.00021
1179501093.75,-39.00499
1179501250.0,-39.01911
1179501406.25,-39.03214
1179501562.5,-39.00457
1179501718.75,-39.00478
1179501875.0,-39.02735
1179502031.25,-38.99975
1179502187.5,-39.00473
1179502343.75,-39.00517
1179502500.0,-38.98787
1179502656.25,-38.98701
1179502812.5,-38.98956
1179502968.75,-39.00159
1179503125.0,-39.0009
1179503281.25,-39.00033
1179503437.5,-38.99949
1179503593.75,-38.99762
1179503750.0,-38.98165
1179503906.25,-38.99802
1179504062.5,-38.99472
1179504218.75,-38.99233
1179504375.0,-38.98443
1179504531.25,-38.98574
1179504687.5,-38.99475
1179504843.75,-38.99097
1179505000.0,-38.98707
1179505156.25,-38.99803
1179505312.5,-38.98582
1179505468.75,-38.99337
1179505625.0,-38.99049
1179505781.25,-38.99556
1179505937.5,-38.97681
1179506093.75,-39.00469
1179506250.0,-38.96309
1179506406.25,-38.9899
1179506562.5,-38.98777
1179506718.75,-38.97562
1179506875.0,-38.98608
1179507031.25,-38.98543
1179507187.5,-38.98064
1179507343.75,-38.9836
1179507500.0,-38.97063
1179507656.25,-38.96144
1179507812.5,-38.97614
1179507968.75,-38.96231
1179508125.0,-38.9768
1179508281.25,-38.97632
1179508437.5,-38.97025
1179508593.75,-38.97248
1179508750.0,-38.97858
1179508906.25,-38.98779
1179509062.5,-38.95919
1179509218.75,-38.95413
1179509375.0,-38.97614
1179509531.25,-38.97812
1179509687.5,-38.97907
1179509843.75,-38.95928
1179510000.0,-38.96536
1179510156.25,-38.96904
1179510312.5,-38.95039
1179510468.75,-38.96561
1179510625.0,-38.95638
1179510781.25,-38.96129
1179510937.5,-38.96163
1179511093.75,-38.9606
1179511250.0,-38.9725
1179511406.25,-38.95705
1179511562.5,-38.95572
1179511718.75,-38.96028
1179511875.0,-38.95684
1179512031.25,-38.95372
1179512187.5,-38.97288
1179512343.75,-38.94315
1179512500.0,-38.95371
1179512656.25,-38.96494
1179512812.5,-38.94903
1179512968.75,-38.94829
1179513125.0,-38.95164
1179513281.25,-38.93649
1179513437.5,-38.96287
1179513593.75,-38.93164
1179513750.0,-38.94421
1179513906.25,-38.94124
1179514062.5,-38.95115
1179514218.75,-38.94691
1179514375.0,-38.95153
1179514531.25,-38.95465
1179514687.5,-38.94048
1179514843.75,-38.94402
1179515000.0,-38.95371
1179515156.25,-38.95171
1179515312.5,-38.94781
1179515468.75,-38.93273
1179515625.0,-38.93682
1179515781.25,-38.92485
1179515937.5,-38.92944
1179516093.75,-38.92902
1179516250.0,-38.93819
1179516406.25,-38.93041
1179516562.5,-38.93125
1179516718.75,-38.9427
1179516875.0,-38.9374
1179517031.25,-38.92683
1179517187.5,-38.94013
1179517343.75,-38.92076
1179517500.0,-38.93275
1179517656.25,-38.92157
1179517812.5,-38.91799
1179517968.75,-38.91853
1179518125.0,-38.92366
1179518281.25,-38.92069
1179518437.5,-38.91632
1179518593.75,-38.93079
1179518750.0,-38.92724
1179518906.25,-38.90871
1179519062.5,-38.92755
1179519218.75,-38.92486
1179519375.0,-38.91745
1179519531.25,-38.91916
1179519687.5,-38.92788
1179519843.75,-38.90346
1179520000.0,-38.92004
1179520156.25,-38.92422
1179520312.5,-38.92001
1179520468.75,-38.90561
1179520625.0,-38.91882
1179520781.25,-38.91863
1179520937.5,-38.92265
1179521093.75,-38.9262
1179521250.0,-38.90308
1179521406.25,-38.91374
1179521562.5,-38.92002
1179521718.75,-38.90452
1179521875.0,-38.89661
1179522031.25,-38.91331
1179522187.5,-38.91452
1179522343.75,-38.90644
1179522500.0,-38.90206
1179522656.25,-38.90485
1179522812.5,-38.89975
1179522968.75,-38.90874
1179523125.0,-38.90656
1179523281.25,-38.90037
1179523437.5,-38.91564
1179523593.75,-38.89471
1179523750.0,-38.90328
1179523906.25,-38.89344
1179524062.5,-38.89771
1179524218.75,-38.87925
1179524375.0,-38.88752
1179524531.25,-38.89978
1179524687.5,-38.89018
1179524843.75,-38.90134
1179525000.0,-38.89575
1179525156.25,-38.8935
1179525312.5,-38.88388
1179525468.75,-38.88847
1179525625.0,-38.90587
1179525781.25,-38.87623
1179525937.5,-38.90564
1179526093.75,-38.90292
1179526250.0,-38.88623
1179526406.25,-38.88244
1179526562.5,-38.90098
1179526718.75,-38.8763
1179526875.0,-38.88152
1179527031.25,-38.87246
1179527187.5,-38.86323
1179527343.75,-38.8924
1179527500.0,-38.88171
1179527656.25,-38.88033
1179527812.5,-38.87138
1179527968.75,-38.88917
1179528125.0,-38.89765
1179528281.25,-38.88898
1179528437.5,-38.88433
1179528593.75,-38.87084
1179528750.0,-38.86866
1179528906.25,-38.86463
1179529062.5,-38.87067
1179529218.75,-38.89031
1179529375.0,-38.86208
1179529531.25,-38.8872
1179529687.5,-38.883
1179529843.75,-38.87404
1179530000.0,-38.85685
1179530156.25,-38.87398
1179530312.5,-38.87054
1179530468.75,-38.8643
1179530625.0,-38.87114
1179530781.25,-38.88304
1179530937.5,-38.83774
1179531093.75,-38.86683
1179531250.0,-38.86959
1179531406.25,-38.87238
1179531562.5,-38.84822
1179531718.75,-38.87371
1179531875.0,-38.85947
1179532031.25,-38.85924
1179532187.5,-38.85891
1179532343.75,-38.86048
1179532500.0,-38.86266
1179532656.25,-38.85863
1179532812.5,-38.86612
1179532968.75,-38.85144
1179533125.0,-38.83565
1179533281.25,-38.86259
1179533437.5,-38.86309
1179533593.75,-38.84932
1179533750.0,-38.86995
1179533906.25,-38.84979
1179534062.5,-38.86188
1179534218.75,-38.84881
1179534375.0,-38.8451
1179534531.25,-38.85445
1179534687.5,-38.84784
1179534843.75,-38.83372
1179535000.0,-38.84433
1179535156.25,-38.84812
1179535312.5,-38.84147
1179535468.75,-38.84509
1179535625.0,-38.84234
1179535781.25,-38.82559
1179535937.5,-38.84889
1179536093.75,-38.83752
1179536250.0,-38.83243
1179536406.25,-38.83413
1179536562.5,-38.84414
1179536718.75,-38.8533
1179536875.0,-38.82551
1179537031.25,-38.84436
1179537187.5,-38.84016
1179537343.75,-38.84107
1179537500.0,-38.83805
1179537656.25,-38.84119
1179537812.5,-38.82468
1179537968.75,-38.84769
1179538125.0,-38.81933
1179538281.25,-38.82929
1179538437.5,-38.81446
1179538593.75,-38.83287
1179538750.0,-38.81217
1179538906.25,-38.83701
1179539062.5,-38.80917
1179539218.75,-38.82904
1179539375.0,-38.81521
1179539531.25,-38.81929
1179539687.5,-38.81886
1179539843.75,-38.81578
1179540000.0,-38.81714
1179540156.25,-38.83319
1179540312.5,-38.81968
1179540468.75,-38.82004
1179540625.0,-38.82003
1179540781.25,-38.8128
1179540937.5,-38.81709
1179541093.75,-38.82343
1179541250.0,-38.81853
1179541406.25,-38.8276
1179541562.5,-38.80945
1179541718.75,-38.8281
1179541875.0,-38.8039
1179542031.25,-38.81655
1179542187.5,-38.80574
1179542343.75,-38.8067
1179542500.0,-38.81836
1179542656.25,-38.81341
1179542812.5,-38.79871
1179542968.75,-38.82802
1179543125.0,-38.80155
1179543281.25,-38.80947
1179543437.5,-38.80448
1179543593.75,-38.80596
1179543750.0,-38.79474
1179543906.25,-38.80596
1179544062.5,-38.79305
1179544218.75,-38.80752
1179544375.0,-38.79941
1179544531.25,-38.80458
1179544687.5,-38.78989
1179544843.75,-38.8066
1179545000.0,-38.79461
1179545156.25,-38.7981
1179545312.5,-38.79764
1179545468.75,-38.81094
1179545625.0,-38.8019
1179545781.25,-38.79198
1179545937.5,-38.80293
1179546093.75,-38.79271
1179546250.0,-38.79296
1179546406.25,-38.79041
1179546562.5,-38.78563
1179546718.75,-38.78466
1179546875.0,-38.7928
1179547031.25,-38.78639
1179547187.5,-38.78468
1179547343.75,-38.79453
1179547500.0,-38.78038
1179547656.25,-38.77651
1179547812.5,-38.77699
1179547968.75,-38.78228
1179548125.0,-38.76331
1179548281.25,-38.77627
1179548437.5,-38.77897
1179548593.75,-38.78105
1179548750.0,-38.77506
1179548906.25,-38.78885
1179549062.5,-38.79076
1179549218.75,-38.78063
1179549375.0,-38.78243
1179549531.25,-38.77936
1179549687.5,-38.78099
1179549843.75,-38.7619
1179550000.0,-38.76737
1179550156.25,-38.77512
1179550312.5,-38.75175
1179550468.75,-38.77277
1179550625.0,-38.77577
1179550781.25,-38.7727
1179550937.5,-38.75687
1179551093.75,-38.76442
1179551250.0,-38.77324
1179551406.25,-38.77175
1179551562.5,-38.7768
1179551718.75,-38.7699
1179551875.0,-38.74657
1179552031.25,-38.76251
1179552187.5,-38.75525
1179552343.75,-38.76238
1179552500.0,-38.7791
1179552656.25,-38.75833
1179552812.5,-38.76714
1179552968.75,-38.76637
1179553125.0,-38.75227
1179553281.25,-38.74956
1179553437.5,-38.76696
1179553593.75,-38.73699
1179553750.0,-38.75585
1179553906.25,-38.75319
1179554062.5,-38.74866
1179554218.75,-38.75519
1179554375.0,-38.75887
1179554531.25,-38.76303
1179554687.5,-38.73265
1179554843.75,-38.75043
1179555000.0,-38.75696
1179555156.25,-38.74294
1179555312.5,-38.75399
1179555468.75,-38.73412
1179555625.0,-38.75447
1179555781.25,-38.73943
1179555937.5,-38.7626
1179556093.75,-38.74465
1179556250.0,-38.74924
1179556406.25,-38.73274
1179556562.5,-38.73874
1179556718.75,-38.74016
1179556875.0,-38.72812
1179557031.25,-38.7434
1179557187.5,-38.74075
1179557343.75,-38.7347
1179557500.0,-38.73144
1179557656.25,-38.72514
1179557812.5,-38.7411
1179557968.75,-38.74195
1179558125.0,-38.73771
1179558281.25,-38.73357
1179558437.5,-38.70953
1179558593.75,-38.73034
1179558750.0,-38.71782
1179558906.25,-38.74116
1179559062.5,-38.71513
1179559218.75,-38.74028
1179559375.0,-38.72675
1179559531.25,-38.72292
1179559687.5,-38.72218
1179559843.75,-38.72733
1179560000.0,-38.7151
1179560156.25,-38.72055
1179560312.5,-38.72628
1179560468.75,-38.73641
1179560625.0,-38.70708
1179560781.25,-38.7189
1179560937.5,-38.72425
1179561093.75,-38.71499
1179561250.0,-38.72267
1179561406.25,-38.7164
1179561562.5,-38.70226
1179561718.75,-38.71504
1179561875.0,-38.72932
1179562031.25,-38.72042
1179562187.5,-38.71833
1179562343.75,-38.72097
1179562500.0,-38.73009
1179562656.25,-38.71595
1179562812.5,-38.70413
1179562968.75,-38.71909
1179563125.0,-38.7106
1179563281.25,-38.69514
1179563437.5,-38.69987
1179563593.75,-38.69108
1179563750.0,-38.71061
1179563906.25,-38.69395
1179564062.5,-38.70396
1179564218.75,-38.70364
1179564375.0,-38.69907
1179564531.25,-38.68631
1179564687.5,-38.68735
1179564843.75,-38.69899
1179565000.0,-38.68032
1179565156.25,-38.69319
1179565312.5,-38.6843
1179565468.75,-38.69556
1179565625.0,-38.69403
1179565781.25,-38.69682
1179565937.5,-38.68509
1179566093.75,-38.69466
1179566250.0,-38.69415
1179566406.25,-38.69576
1179566562.5,-38.67745
1179566718.75,-38.6795
1179566875.0,-38.68462
1179567031.25,-38.70133
1179567187.5,-38.69672
1179567343.75,-38.68507
1179567500.0,-38.69831
1179567656.25,-38.68936
1179567812.5,-38.66645
1179567968.75,-38.67172
1179568125.0,-38.68294
1179568281.25,-38.67968
1179568437.5,-38.66761
1179568593.75,-38.68222
1179568750.0,-38.67248
1179568906.25,-38.6857
1179569062.5,-38.67807
1179569218.75,-38.67599
1179569375.0,-38.67574
1179569531.25,-38.68427
1179569687.5,-38.67102
1179569843.75,-38.6759
1179570000.0,-38.68013
1179570156.25,-38.69017
1179570312.5,-38.69171
1179570468.75,-38.66965
1179570625.0,-38.6693
1179570781.25,-38.66842
1179570937.5,-38.66243
1179571093.75,-38.67555
1179571250.0,-38.67096
1179571406.25,-38.66363
1179571562.5,-38.66413
1179571718.75,-38.66367
1179571875.0,-38.66885
1179572031.25,-38.66933
1179572187.5,-38.6635
1179572343.75,-38.67309
1179572500.0,-38.65585
1179572656.25,-38.65178
1179572812.5,-38.66303
1179572968.75,-38.65231
1179573125.0,-38.65712
1179573281.25,-38.66602
1179573437.5,-38.64996
1179573593.75,-38.66617
1179573750.0,-38.64526
1179573906.25,-38.63786
1179574062.5,-38.65372
1179574218.75,-38.65713
1179574375.0,-38.64789
1179574531.25,-38.6632
1179574687.5,-38.65743
1179574843.75,-38.65501
1179575000.0,-38.64569
1179575156.25,-38.65004
1179575312.5,-38.64613
1179575468.75,-38.64426
1179575625.0,-38.65457
1179575781.25,-38.64893
1179575937.5,-38.63843
1179576093.75,-38.63609
1179576250.0,-38.64457
1179576406.25,-38.6459
1179576562.5,-38.64127
1179576718.75,-38.63778
1179576875.0,-38.64314
1179577031.25,-38.62721
1179577187.5,-38.63133
1179577343.75,-38.63194
1179577500.0,-38.62654
1179577656.25,-38.65031
1179577812.5,-38.64807
1179577968.75,-38.62069
1179578125.0,-38.63634
1179578281.25,-38.6179
1179578437.5,-38.62458
1179578593.75,-38.64651
1179578750.0,-38.63474
1179578906.25,-38.62911
1179579062.5,-38.62594
1179579218.75,-38.63525
1179579375.0,-38.62748
1179579531.25,-38.61212
1179579687.5,-38.63629
1179579843.75,-38.6324
1179580000.0,-38.62796
1179580156.25,-38.62794
1179580312.5,-38.63765
1179580468.75,-38.63279
1179580625.0,-38.63044
1179580781.25,-38.63217
1179580937.5,-38.61567
1179581093.75,-38.63105
1179581250.0,-38.60923
1179581406.25,-38.62024
1179581562.5,-38.61982
1179581718.75,-38.60765
1179581875.0,-38.6059
1179582031.25,-38.61433
1179582187.5,-38.61219
1179582343.75,-38.60765
1179582500.0,-38.6197
1179582656.25,-38.61443
1179582812.5,-38.61611
1179582968.75,-38.61259
1179583125.0,-38.61233
1179583281.25,-38.60957
1179583437.5,-38.61068
1179583593.75,-38.60505
1179583750.0,-38.61513
1179583906.25,-38.60785
1179584062.5,-38.59151
1179584218.75,-38.60876
1179584375.0,-38.59917
1179584531.25,-38.60076
1179584687.5,-38.5906
1179584843.75,-38.61165
1179585000.0,-38.60516
1179585156.25,-38.61273
1179585312.5,-38.59822
1179585468.75,-38.60168
1179585625.0,-38.59133
1179585781.25,-38.58846
1179585937.5,-38.58752
1179586093.75,-38.61375
1179586250.0,-38.59491
1179586406.25,-38.58312
1179586562.5,-38.59339
1179586718.75,-38.59454
1179586875.0,-38.60139
1179587031.25,-38.57806
1179587187.5,-38.58565
1179587343.75,-38.58494
1179587500.0,-38.59993
1179587656.25,-38.58448
1179587812.5,-38.58614
1179587968.75,-38.59127
1179588125.0,-38.58224
1179588281.25,-38.575
1179588437.5,-38.57924
1179588593.75,-38.58699
1179588750.0,-38.58296
1179588906.25,-38.58635
1179589062.5,-38.58199
1179589218.75,-38.57838
1179589375.0,-38.57586
1179589531.25,-38.57864
1179589687.5,-38.5728
1179589843.75,-38.56835
1179590000.0,-38.59053
1179590156.25,-38.5732
1179590312.5,-38.57531
1179590468.75,-38.56858
1179590625.0,-38.57362
1179590781.25,-38.57068
1179590937.5,-38.57068
1179591093.75,-38.5653
1179591250.0,-38.57966
1179591406.25,-38.56874
1179591562.5,-38.57025
1179591718.75,-38.5611
1179591875.0,-38.55257
1179592031.25,-38.58776
1179592187.5,-38.5677
1179592343.75,-38.55608
1179592500.0,-38.55294
1179592656.25,-38.56998
1179592812.5,-38.56607
1179592968.75,-38.56767
1179593125.0,-38.56416
1179593281.25,-38.56443
1179593437.5,-38.55135
1179593593.75,-38.5495
1179593750.0,-38.56366
1179593906.25,-38.54763
1179594062.5,-38.53884
1179594218.75,-38.55686
1179594375.0,-38.54263
1179594531.25,-38.56052
1179594687.5,-38.55817
1179594843.75,-38.55051
1179595000.0,-38.55481
1179595156.25,-38.55176
1179595312.5,-38.55035
1179595468.75,-38.54133
1179595625.0,-38.55377
1179595781.25,-38.53982
1179595937.5,-38.53904
1179596093.75,-38.545
1179596250.0,-38.55424
1179596406.25,-38.5496
1179596562.5,-38.54703
1179596718.75,-38.53811
1179596875.0,-38.54412
1179597031.25,-38.52597
1179597187.5,-38.54622
1179597343.75,-38.53979
1179597500.0,-38.54273
1179597656.25,-38.54947
1179597812.5,-38.54684
1179597968.75,-38.53332
1179598125.0,-38.53764
1179598281.25,-38.54877
1179598437.5,-38.53798
1179598593.75,-38.51241
1179598750.0,-38.5427
1179598906.25,-38.53659
1179599062.5,-38.53051
1179599218.75,-38.5348
1179599375.0,-38.53376
1179599531.25,-38.52473
1179599687.5,-38.51398
1179599843.75,-38.53761
1179600000.0,-38.52993
1179600156.25,-38.52371
1179600312.5,-38.5154
1179600468.75,-38.5373
1179600625.0,-38.52005
1179600781.25,-38.5318
1179600937.5,-38.52072
1179601093.75,-38.52551
1179601250.0,-38.51158
1179601406.25,-38.51921
1179601562.5,-38.519
1179601718.75,-38.50408
1179601875.0,-38.5151
1179602031.25,-38.51327
1179602187.5,-38.51854
1179602343.75,-38.51466
1179602500.0,-38.49353
1179602656.25,-38.50222
1179602812.5,-38.51004
1179602968.75,-38.51544
1179603125.0,-38.50725
1179603281.25,-38.52005
1179603437.5,-38.50997
1179603593.75,-38.51174
1179603750.0,-38.49669
1179603906.25,-38.51496
1179604062.5,-38.49574
1179604218.75,-38.51936
1179604375.0,-38.50583
1179604531.25,-38.50516
1179604687.5,-38.49036
1179604843.75,-38.49951
1179605000.0,-38.49718
1179605156.25,-38.50699
1179605312.5,-38.50388
1179605468.75,-38.51804
1179605625.0,-38.48349
1179605781.25,-38.50598
1179605937.5,-38.49585
1179606093.75,-38.49342
1179606250.0,-38.4746
1179606406.25,-38.5008
1179606562.5,-38.50879
1179606718.75,-38.49493
1179606875.0,-38.50271
1179607031.25,-38.48209
1179607187.5,-38.49125
1179607343.75,-38.50134
1179607500.0,-38.48331
1179607656.25,-38.48187
1179607812.5,-38.48932
1179607968.75,-38.48903
1179608125.0,-38.48775
1179608281.25,-38.48007
1179608437.5,-38.45911
1179608593.75,-38.4846
1179608750.0,-38.47987
1179608906.25,-38.47897
1179609062.5,-38.48075
1179609218.75,-38.48595
1179609375.0,-38.47624
1179609531.25,-38.47953
1179609687.5,-38.47067
1179609843.75,-38.47427
1179610000.0,-38.47767
1179610156.25,-38.46903
1179610312.5,-38.45675
1179610468.75,-38.46449
1179610625.0,-38.48193
1179610781.25,-38.47799
1179610937.5,-38.46806
1179611093.75,-38.45467
1179611250.0,-38.46578
1179611406.25,-38.45808
1179611562.5,-38.46288
1179611718.75,-38.44216
1179611875.0,-38.46054
1179612031.25,-38.46553
1179612187.5,-38.46976
1179612343.75,-38.45596
1179612500.0,-38.46112
1179612656.25,-38.45929
1179612812.5,-38.47251
1179612968.75,-38.46476
1179613125.0,-38.45371
1179613281.25,-38.46578
1179613437.5,-38.45059
1179613593.75,-38.45536
1179613750.0,-38.44633
1179613906.25,-38.46111
1179614062.5,-38.44707
1179614218.75,-38.44328
1179614375.0,-38.43904
1179614531.25,-38.45539
1179614687.5,-38.45212
1179614843.75,-38.46208
1179615000.0,-38.44653
1179615156.25,-38.4419
1179615312.5,-38.44835
1179615468.75,-38.44573
1179615625.0,-38.45837
1179615781.25,-38.45236
1179615937.5,-38.44178
1179616093.75,-38.44475
1179616250.0,-38.44292
1179616406.25,-38.44515
1179616562.5,-38.45191
1179616718.75,-38.4384
1179616875.0,-38.43378
1179617031.25,-38.45192
1179617187.5,-38.4389
1179617343.75,-38.41658
1179617500.0,-38.42524
1179617656.25,-38.43151
1179617812.5,-38.42023
1179617968.75,-38.44721
1179618125.0,-38.43194
1179618281.25,-38.44526
1179618437.5,-38.43028
1179618593.75,-38.43575
1179618750.0,-38.44669
1179618906.25,-38.43641
1179619062.5,-38.42203
1179619218.75,-38.43521
1179619375.0,-38.42132
1179619531.25,-38.42052
1179619687.5,-38.42214
1179619843.75,-38.43213
1179620000.0,-38.43682
1179620156.25,-38.42726
1179620312.5,-38.41703
1179620468.75,-38.42825
1179620625.0,-38.41389
1179620781.25,-38.42232
1179620937.5,-38.41421
1179621093.75,-38.40905
1179621250.0,-38.42675
1179621406.25,-38.43852
1179621562.5,-38.40625
1179621718.75,-38.41558
1179621875.0,-38.4086
1179622031.25,-38.40694
1179622187.5,-38.40919
1179622343.75,-38.4134
1179622500.0,-38.40122
1179622656.25,-38.40467
1179622812.5,-38.41149
1179622968.75,-38.41138
1179623125.0,-38.40953
1179623281.25,-38.41362
1179623437.5,-38.40169
1179623593.75,-38.40248
1179623750.0,-38.40524
1179623906.25,-38.411
1179624062.5,-38.40437
1179624218.75,-38.39209
1179624375.0,-38.40007
1179624531.25,-38.39146
1179624687.5,-38.39908
1179624843.75,-38.38938
1179625000.0,-38.39242
1179625156.25,-38.40278
1179625312.5,-38.39528
1179625468.75,-38.40239
1179625625.0,-38.38855
1179625781.25,-38.38388
1179625937.5,-38.38055
1179626093.75,-38.39427
1179626250.0,-38.37728
1179626406.25,-38.39368
1179626562.5,-38.38031
1179626718.75,-38.38027
1179626875.0,-38.3968
1179627031.25,-38.39683
1179627187.5,-38.39029
1179627343.75,-38.37867
1179627500.0,-38.38956
1179627656.25,-38.36892
1179627812.5,-38.38462
1179627968.75,-38.37269
1179628125.0,-38.38837
1179628281.25,-38.38121
1179628437.5,-38.38692
1179628593.75,-38.38337
1179628750.0,-38.38266
1179628906.25,-38.38974
1179629062.5,-38.37483
1179629218.75,-38.36765
1179629375.0,-38.37665
1179629531.25,-38.37175
1179629687.5,-38.36538
1179629843.75,-38.36874
1179630000.0,-38.35841
1179630156.25,-38.36508
1179630312.5,-38.3556
1179630468.75,-38.37492
1179630625.0,-38.36941
1179630781.25,-38.37045
1179630937.5,-38.36207
1179631093.75,-38.36416
1179631250.0,-38.35661
1179631406.25,-38.36782
1179631562.5,-38.37382
1179631718.75,-38.37176
1179631875.0,-38.36115
1179632031.25,-38.36386
1179632187.5,-38.36203
1179632343.75,-38.37931
1179632500.0,-38.36016
1179632656.25,-38.36469
1179632812.5,-38.36201
1179632968.75,-38.36334
1179633125.0,-38.34646
1179633281.25,-38.36096
1179633437.5,-38.3458
1179633593.75,-38.35098
1179633750.0,-38.36882
1179633906.25,-38.34512
1179634062.5,-38.35602
1179634218.75,-38.35437
1179634375.0,-38.35451
1179634531.25,-38.34422
1179634687.5,-38.35212
1179634843.75,-38.35754
1179635000.0,-38.3375
1179635156.25,-38.35239
1179635312.5,-38.34533
1179635468.75,-38.34261
1179635625.0,-38.35081
1179635781.25,-38.3397
1179635937.5,-38.353
1179636093.75,-38.33097
1179636250.0,-38.33496
1179636406.25,-38.33918
1179636562.5,-38.32953
1179636718.75,-38.34759
1179636875.0,-38.31995
1179637031.25,-38.34383
1179637187.5,-38.33394
1179637343.75,-38.34322
1179637500.0,-38.33341
1179637656.25,-38.32063
1179637812.5,-38.32443
1179637968.75,-38.3401
1179638125.0,-38.33954
1179638281.25,-38.33057
1179638437.5,-38.32743
1179638593.75,-38.33481
1179638750.0,-38.32862
1179638906.25,-38.34813
1179639062.5,-38.32877
1179639218.75,-38.32231
1179639375.0,-38.29958
1179639531.25,-38.32634
1179639687.5,-38.33056
1179639843.75,-38.31717
1179640000.0,-38.31929
1179640156.25,-38.31765
1179640312.5,-38.34034
1179640468.75,-38.32792
1179640625.0,-38.30264
1179640781.25,-38.31423
1179640937.5,-38.31658
1179641093.75,-38.32181
1179641250.0,-38.30071
1179641406.25,-38.30403
1179641562.5,-38.31887
1179641718.75,-38.30951
1179641875.0,-38.31863
1179642031.25,-38.31742
1179642187.5,-38.30534
1179642343.75,-38.31839
1179642500.0,-38.30093
1179642656.25,-38.2902
1179642812.5,-38.31581
1179642968.75,-38.30067
1179643125.0,-38.29896
1179643281.25,-38.30045
1179643437.5,-38.29098
1179643593.75,-38.30681
1179643750.0,-38.32372
1179643906.25,-38.28772
1179644062.5,-38.30919
1179644218.75,-38.30082
1179644375.0,-38.30127
1179644531.25,-38.30428
1179644687.5,-38.29932
1179644843.75,-38.30381
1179645000.0,-38.2938
1179645156.25,-38.30979
1179645312.5,-38.29287
1179645468.75,-38.30761
1179645625.0,-38.29854
1179645781.25,-38.30202
1179645937.5,-38.30375
1179646093.75,-38.28657
1179646250.0,-38.29126
1179646406.25,-38.28875
1179646562.5,-38.28817
1179646718.75,-38.29073
1179646875.0,-38.28216
1179647031.25,-38.3003
1179647187.5,-38.28848
1179647343.75,-38.27883
1179647500.0,-38.29234
1179647656.25,-38.27969
1179647812.5,-38.27956
1179647968.75,-38.28308
1179648125.0,-38.27451
1179648281.25,-38.29237
1179648437.5,-38.27495
1179648593.75,-38.28287
1179648750.0,-38.27395
1179648906.25,-38.28668
1179649062.5,-38.27723
1179649218.75,-38.26862
1179649375.0,-38.26755
1179649531.25,-38.28138
1179649687.5,-38.27659
1179649843.75,-38.28767
1179650000.0,-38.26906
1179650156.25,-38.2725
1179650312.5,-38.26324
1179650468.75,-38.27114
1179650625.0,-38.25957
1179650781.25,-38.27491
1179650937.5,-38.2537
1179651093.75,-38.26609
1179651250.0,-38.26593
1179651406.25,-38.26007
1179651562.5,-38.26451
1179651718.75,-38.24892
1179651875.0,-38.25204
1179652031.25,-38.24544
1179652187.5,-38.25508
1179652343.75,-38.27114
1179652500.0,-38.25283
1179652656.25,-38.2593
1179652812.5,-38.24397
1179652968.75,-38.24587
1179653125.0,-38.24076
1179653281.25,-38.25486
1179653437.5,-38.25579
1179653593.75,-38.25569
1179653750.0,-38.23506
1179653906.25,-38.25248
1179654062.5,-38.24915
1179654218.75,-38.25425
1179654375.0,-38.24822
1179654531.25,-38.24123
1179654687.5,-38.24187
1179654843.75,-38.24619
1179655000.0,-38.25132
1179655156.25,-38.2411
1179655312.5,-38.24378
1179655468.75,-38.2424
1179655625.0,-38.23745
1179655781.25,-38.2533
1179655937.5,-38.23098
1179656093.75,-38.22406
1179656250.0,-38.23415
1179656406.25,-38.23367
1179656562.5,-38.22862
1179656718.75,-38.2317
1179656875.0,-38.23243
1179657031.25,-38.24737
1179657187.5,-38.23072
1179657343.75,-38.23378
1179657500.0,-38.22386
1179657656.25,-38.23148
1179657812.5,-38.22045
1179657968.75,-38.24036
1179658125.0,-38.2315
1179658281.25,-38.214
1179658437.5,-38.21976
1179658593.75,-38.23431
1179658750.0,-38.21676
1179658906.25,-38.2204
1179659062.5,-38.22749
1179659218.75,-38.22845
1179659375.0,-38.22472
1179659531.25,-38.21255
1179659687.5,-38.22297
1179659843.75,-38.21993
1179660000.0,-38.21956
1179660156.25,-38.21485
1179660312.5,-38.21303
1179660468.75,-38.2235
1179660625.0,-38.21046
1179660781.25,-38.22444
1179660937.5,-38.21701
1179661093.75,-38.19495
1179661250.0,-38.21464
1179661406.25,-38.20572
1179661562.5,-38.22923
1179661718.75,-38.19279
1179661875.0,-38.20027
1179662031.25,-38.21787
1179662187.5,-38.20523
1179662343.75,-38.19259
1179662500.0,-38.194
1179662656.25,-38.21169
1179662812.5,-38.22291
1179662968.75,-38.19557
1179663125.0,-38.20783
1179663281.25,-38.20319
1179663437.5,-38.20055
1179663593.75,-38.19454
1179663750.0,-38.19847
1179663906.25,-38.18116
1179664062.5,-38.20935
1179664218.75,-38.19665
1179664375.0,-38.19184
1179664531.25,-38.20407
1179664687.5,-38.20887
1179664843.75,-38.19086
1179665000.0,-38.19173
1179665156.25,-38.20168
1179665312.5,-38.19408
1179665468.75,-38.19025
1179665625.0,-38.18828
1179665781.25,-38.18275
1179665937.5,-38.19186
1179666093.75,-38.17902
1179666250.0,-38.19247
1179666406.25,-38.19565
1179666562.5,-38.18538
1179666718.75,-38.1809
1179666875.0,-38.18195
1179667031.25,-38.18609
1179667187.5,-38.192
1179667343.75,-38.17827
1179667500.0,-38.18097
1179667656.25,-38.18039
1179667812.5,-38.17267
1179667968.75,-38.17966
1179668125.0,-38.17482
1179668281.25,-38.18295
1179668437.5,-38.18491
1179668593.75,-38.16283
1179668750.0,-38.1731
1179668906.25,-38.17603
1179669062.5,-38.1595
1179669218.75,-38.17635
1179669375.0,-38.1681
1179669531.25,-38.17214
1179669687.5,-38.16617
1179669843.75,-38.18482
1179670000.0,-38.15698
1179670156.25,-38.1641
1179670312.5,-38.15207
1179670468.75,-38.15989
1179670625.0,-38.16883
1179670781.25,-38.15021
1179670937.5,-38.16497
1179671093.75,-38.1568
1179671250.0,-38.16684
1179671406.25,-38.15135
1179671562.5,-38.16796
1179671718.75,-38.16118
1179671875.0,-38.16194
1179672031.25,-38.15318
1179672187.5,-38.15856
1179672343.75,-38.15805
1179672500.0,-38.14486
1179672656.25,-38.14756
1179672812.5,-38.16007
1179672968.75,-38.13778
1179673125.0,-38.14303
1179673281.25,-38.13268
1179673437.5,-38.14975
1179673593.75,-38.15144
1179673750.0,-38.14715
1179673906.25,-38.1568
1179674062.5,-38.14934
1179674218.75,-38.15586
1179674375.0,-38.14854
1179674531.25,-38.13888
1179674687.5,-38.15643
1179674843.75,-38.14324
1179675000.0,-38.13864
1179675156.25,-38.13324
1179675312.5,-38.14302
1179675468.75,-38.13257
1179675625.0,-38.14295
1179675781.25,-38.14094
1179675937.5,-38.1235
1179676093.75,-38.13834
1179676250.0,-38.13859
1179676406.25,-38.14375
1179676562.5,-38.13442
1179676718.75,-38.11833
1179676875.0,-38.13445
1179677031.25,-38.12764
1179677187.5,-38.11182
1179677343.75,-38.13119
1179677500.0,-38.13037
1179677656.25,-38.12544
1179677812.5,-38.12504
1179677968.75,-38.11909
1179678125.0,-38.12846
1179678281.25,-38.11139
1179678437.5,-38.11629
1179678593.75,-38.12748
1179678750.0,-38.12166
1179678906.25,-38.11467
1179679062.5,-38.11933
1179679218.75,-38.10526
1179679375.0,-38.10669
1179679531.25,-38.09942
1179679687.5,-38.09491
1179679843.75,-38.13155
1179680000.0,-38.12183
1179680156.25,-38.11852
1179680312.5,-38.1203
1179680468.75,-38.12049
1179680625.0,-38.10778
1179680781.25,-38.11021
1179680937.5,-38.10935
1179681093.75,-38.10598
1179681250.0,-38.10656
1179681406.25,-38.10697
1179681562.5,-38.10913
1179681718.75,-38.11911
1179681875.0,-38.09678
1179682031.25,-38.08664
1179682187.5,-38.09778
1179682343.75,-38.09936
1179682500.0,-38.09386
1179682656.25,-38.09153
1179682812.5,-38.10641
1179682968.75,-38.10329
1179683125.0,-38.09103
1179683281.25,-38.07898
1179683437.5,-38.0977
1179683593.75,-38.0966
1179683750.0,-38.1077
1179683906.25,-38.10543
1179684062.5,-38.08737
1179684218.75,-38.10414
1179684375.0,-38.08856
1179684531.25,-38.08848
1179684687.5,-38.09031
1179684843.75,-38.09332
1179685000.0,-38.06754
1179685156.25,-38.0897
1179685312.5,-38.09653
1179685468.75,-38.08742
1179685625.0,-38.08643
1179685781.25,-38.08392
1179685937.5,-38.08044
1179686093.75,-38.07534
1179686250.0,-38.10035
1179686406.25,-38.08322
1179686562.5,-38.09117
1179686718.75,-38.07961
1179686875.0,-38.07972
1179687031.25,-38.07973
1179687187.5,-38.07397
1179687343.75,-38.07332
1179687500.0,-38.06819
1179687656.25,-38.08974
1179687812.5,-38.06861
1179687968.75,-38.07552
1179688125.0,-38.067
1179688281.25,-38.0712
1179688437.5,-38.05352
1179688593.75,-38.07188
1179688750.0,-38.05362
1179688906.25,-38.06637
1179689062.5,-38.06527
1179689218.75,-38.06629
1179689375.0,-38.06592
1179689531.25,-38.05762
1179689687.5,-38.04776
1179689843.75,-38.0626
1179690000.0,-38.0619
1179690156.25,-38.039
1179690312.5,-38.06217
1179690468.75,-38.0536
1179690625.0,-38.05787
1179690781.25,-38.05533
1179690937.5,-38.06002
1179691093.75,-38.06226
1179691250.0,-38.04937
1179691406.25,-38.05081
1179691562.5,-38.05825
1179691718.75,-38.04953
1179691875.0,-38.04084
1179692031.25,-38.04248
1179692187.5,-38.05193
1179692343.75,-38.0596
1179692500.0,-38.04172
1179692656.25,-38.02856
1179692812.5,-38.03666
1179692968.75,-38.04496
1179693125.0,-38.04856
1179693281.25,-38.04366
1179693437.5,-38.05189
1179693593.75,-38.05508
1179693750.0,-38.03204
1179693906.25,-38.04259
1179694062.5,-38.03822
1179694218.75,-38.03456
1179694375.0,-38.01995
1179694531.25,-38.04103
1179694687.5,-38.04319
1179694843.75,-38.04171
1179695000.0,-38.01999
1179695156.25,-38.03783
1179695312.5,-38.02718
1179695468.75,-38.0321
1179695625.0,-38.02361
1179695781.25,-38.02607
1179695937.5,-38.04538
1179696093.75,-38.02033
1179696250.0,-38.03697
1179696406.25,-38.0256
1179696562.5,-38.01675
1179696718.75,-38.02256
1179696875.0,-38.03566
1179697031.25,-38.02079
1179697187.5,-38.02133
1179697343.75,-38.02137
1179697500.0,-38.03399
1179697656.25,-38.02776
1179697812.5,-38.00816
1179697968.75,-38.02497
1179698125.0,-38.02906
1179698281.25,-38.01287
1179698437.5,-38.01397
1179698593.75,-38.01927
1179698750.0,-37.99976
1179698906.25,-38.03573
1179699062.5,-38.00701
1179699218.75,-38.01089
1179699375.0,-38.02395
1179699531.25,-38.0153
1179699687.5,-38.00248
1179699843.75,-38.01486
1179700000.0,-38.00211
1179700156.25,-38.00301
1179700312.5,-37.99358
1179700468.75,-38.00368
1179700625.0,-37.9955
1179700781.25,-38.00055
1179700937.5,-38.00956
1179701093.75,-38.00031
1179701250.0,-38.00492
1179701406.25,-38.00695
1179701562.5,-38.00869
1179701718.75,-37.99275
1179701875.0,-37.99024
1179702031.25,-38.00508
1179702187.5,-37.98731
1179702343.75,-37.99422
1179702500.0,-37.98312
1179702656.25,-38.00253
1179702812.5,-37.9975
1179702968.75,-38.00343
1179703125.0,-38.00517
1179703281.25,-37.9959
1179703437.5,-37.99828
1179703593.75,-37.98298
1179703750.0,-37.99242
1179703906.25,-37.98622
1179704062.5,-37.9831
1179704218.75,-37.98795
1179704375.0,-37.98291
1179704531.25,-37.97715
1179704687.5,-37.99762
1179704843.75,-37.98588
1179705000.0,-37.96983
1179705156.25,-37.99058
1179705312.5,-37.98489
1179705468.75,-37.99083
1179705625.0,-37.97727
1179705781.25,-37.97537
1179705937.5,-37.96798
1179706093.75,-37.9746
1179706250.0,-37.97363
1179706406.25,-37.9791
1179706562.5,-37.96988
1179706718.75,-37.97696
1179706875.0,-37.96884
1179707031.25,-37.96327
1179707187.5,-37.96965
1179707343.75,-37.98323
1179707500.0,-37.96946
1179707656.25,-37.96304
1179707812.5,-37.94813
1179707968.75,-37.95918
1179708125.0,-37.9749
1179708281.25,-37.96832
1179708437.5,-37.95362
1179708593.75,-37.94773
1179708750.0,-37.96218
1179708906.25,-37.98074
1179709062.5,-37.96245
1179709218.75,-37.96199
1179709375.0,-37.95364
1179709531.25,-37.95857
1179709687.5,-37.94867
1179709843.75,-37.95406
1179710000.0,-37.94795
1179710156.25,-37.95225
1179710312.5,-37.95652
1179710468.75,-37.94446
1179710625.0,-37.95477
1179710781.25,-37.95512
1179710937.5,-37.96594
1179711093.75,-37.94225
1179711250.0,-37.93943
1179711406.25,-37.92905
1179711562.5,-37.95065
1179711718.75,-37.94218
1179711875.0,-37.95684
1179712031.25,-37.94822
1179712187.5,-37.95255
1179712343.75,-37.93985
1179712500.0,-37.94229
1179712656.25,-37.93873
1179712812.5,-37.92922
1179712968.75,-37.92423
1179713125.0,-37.93175
1179713281.25,-37.94333
1179713437.5,-37.94191
1179713593.75,-37.93263
1179713750.0,-37.92683
1179713906.25,-37.93042
1179714062.5,-37.94838
1179714218.75,-37.93364
1179714375.0,-37.92444
1179714531.25,-37.92614
1179714687.5,-37.94674
1179714843.75,-37.92828
1179715000.0,-37.92853
1179715156.25,-37.9262
1179715312.5,-37.93766
1179715468.75,-37.9168
1179715625.0,-37.91695
1179715781.25,-37.93702
1179715937.5,-37.93089
1179716093.75,-37.93465
1179716250.0,-37.91942
1179716406.25,-37.90459
1179716562.5,-37.91049
1179716718.75,-37.92719
1179716875.0,-37.92502
1179717031.25,-37.91053
1179717187.5,-37.92278
1179717343.75,-37.92707
1179717500.0,-37.91316
1179717656.25,-37.91506
1179717812.5,-37.9137
1179717968.75,-37.9109
1179718125.0,-37.92083
1179718281.25,-37.91214
1179718437.5,-37.8975
1179718593.75,-37.90922
1179718750.0,-37.91886
1179718906.25,-37.90666
1179719062.5,-37.89643
1179719218.75,-37.89551
1179719375.0,-37.90086
1179719531.25,-37.90805
1179719687.5,-37.89718
1179719843.75,-37.9003
1179720000.0,-37.90236
1179720156.25,-37.90203
1179720312.5,-37.89215
1179720468.75,-37.90033
1179720625.0,-37.90759
1179720781.25,-37.89418
1179720937.5,-37.90996
1179721093.75,-37.89388
1179721250.0,-37.8922
1179721406.25,-37.87558
1179721562.5,-37.89674
1179721718.75,-37.89061
1179721875.0,-37.8858
1179722031.25,-37.90437
1179722187.5,-37.88383
1179722343.75,-37.87437
1179722500.0,-37.89004
1179722656.25,-37.87539
1179722812.5,-37.89552
1179722968.75,-37.88625
1179723125.0,-37.87286
1179723281.25,-37.88705
1179723437.5,-37.88474
1179723593.75,-37.87725
1179723750.0,-37.88247
1179723906.25,-37.88711
1179724062.5,-37.88216
1179724218.75,-37.87119
1179724375.0,-37.88135
1179724531.25,-37.87134
1179724687.5,-37.87448
1179724843.75,-37.88068
1179725000.0,-37.86873
1179725156.25,-37.86853
1179725312.5,-37.86785
1179725468.75,-37.8672
1179725625.0,-37.87253
1179725781.25,-37.8681
1179725937.5,-37.87602
1179726093.75,-37.8615
1179726250.0,-37.86665
1179726406.25,-37.86723
1179726562.5,-37.85397
1179726718.75,-37.88253
1179726875.0,-37.85532
1179727031.25,-37.86611
1179727187.5,-37.86263
1179727343.75,-37.85885
1179727500.0,-37.86093
1179727656.25,-37.86458
1179727812.5,-37.84713
1179727968.75,-37.85046
1179728125.0,-37.86213
1179728281.25,-37.86173
1179728437.5,-37.84397
1179728593.75,-37.85839
1179728750.0,-37.84658
1179728906.25,-37.84697
1179729062.5,-37.84901
1179729218.75,-37.84116
1179729375.0,-37.85462
1179729531.25,-37.85831
1179729687.5,-37.86526
1179729843.75,-37.8615
1179730000.0,-37.85216
1179730156.25,-37.85569
1179730312.5,-37.84328
1179730468.75,-37.83614
1179730625.0,-37.83482
1179730781.25,-37.84251
1179730937.5,-37.83517
1179731093.75,-37.83461
1179731250.0,-37.8458
1179731406.25,-37.83471
1179731562.5,-37.83553
1179731718.75,-37.83893
1179731875.0,-37.82999
1179732031.25,-37.8358
1179732187.5,-37.83597
1179732343.75,-37.83038
1179732500.0,-37.85003
1179732656.25,-37.83737
1179732812.5,-37.83024
1179732968.75,-37.84013
1179733125.0,-37.82924
1179733281.25,-37.82832
1179733437.5,-37.82367
1179733593.75,-37.82787
1179733750.0,-37.81772
1179733906.25,-37.82118
1179734062.5,-37.82837
1179734218.75,-37.81989
1179734375.0,-37.83002
1179734531.25,-37.81844
1179734687.5,-37.81092
1179734843.75,-37.82323
1179735000.0,-37.83745
1179735156.25,-37.81887
1179735312.5,-37.81151
1179735468.75,-37.83441
1179735625.0,-37.82189
1179735781.25,-37.83388
1179735937.5,-37.81113
1179736093.75,-37.80138
1179736250.0,-37.81595
1179736406.25,-37.8122
1179736562.5,-37.81086
1179736718.75,-37.80403
1179736875.0,-37.80764
1179737031.25,-37.79122
1179737187.5,-37.81283
1179737343.75,-37.80014
1179737500.0,-37.80524
1179737656.25,-37.79464
1179737812.5,-37.79914
1179737968.75,-37.80385
1179738125.0,-37.79893
1179738281.25,-37.80885
1179738437.5,-37.80185
1179738593.75,-37.78572
1179738750.0,-37.79539
1179738906.25,-37.79328
1179739062.5,-37.80658
1179739218.75,-37.79531
1179739375.0,-37.78905
1179739531.25,-37.79347
1179739687.5,-37.79884
1179739843.75,-37.78827
1179740000.0,-37.78657
1179740156.25,-37.78811
1179740312.5,-37.7971
1179740468.75,-37.79247
1179740625.0,-37.78654
1179740781.25,-37.79428
1179740937.5,-37.78071
1179741093.75,-37.7872
1179741250.0,-37.78699
1179741406.25,-37.78151
1179741562.5,-37.778
1179741718.75,-37.78427
1179741875.0,-37.78442
1179742031.25,-37.76997
1179742187.5,-37.79395
1179742343.75,-37.76453
1179742500.0,-37.77269
1179742656.25,-37.76877
1179742812.5,-37.78062
1179742968.75,-37.78073
1179743125.0,-37.78016
1179743281.25,-37.77327
1179743437.5,-37.77916
1179743593.75,-37.76759
1179743750.0,-37.76464
1179743906.25,-37.76123
1179744062.5,-37.7753
1179744218.75,-37.75979
1179744375.0,-37.76756
1179744531.25,-37.76505
1179744687.5,-37.77093
1179744843.75,-37.77543
1179745000.0,-37.76221
1179745156.25,-37.7686
1179745312.5,-37.76272
1179745468.75,-37.77644
1179745625.0,-37.76392
1179745781.25,-37.75783
1179745937.5,-37.76505
1179746093.75,-37.74708
1179746250.0,-37.75051
1179746406.25,-37.75967
1179746562.5,-37.76419
1179746718.75,-37.76453
1179746875.0,-37.74401
1179747031.25,-37.75137
1179747187.5,-37.75365
1179747343.75,-37.76407
1179747500.0,-37.75529
1179747656.25,-37.74436
1179747812.5,-37.75452
1179747968.75,-37.75344
1179748125.0,-37.74892
1179748281.25,-37.74769
1179748437.5,-37.75174
1179748593.75,-37.72854
1179748750.0,-37.75714
1179748906.25,-37.75102
1179749062.5,-37.74245
1179749218.75,-37.73591
1179749375.0,-37.73201
1179749531.25,-37.72525
1179749687.5,-37.75423
1179749843.75,-37.71756
1179750000.0,-37.73547
1179750156.25,-37.73535
1179750312.5,-37.74476
1179750468.75,-37.73593
1179750625.0,-37.73299
1179750781.25,-37.74004
1179750937.5,-37.74026
1179751093.75,-37.71039
1179751250.0,-37.71398
1179751406.25,-37.72605
1179751562.5,-37.74174
1179751718.75,-37.72503
1179751875.0,-37.72723
1179752031.25,-37.7221
1179752187.5,-37.73208
1179752343.75,-37.71891
1179752500.0,-37.71728
1179752656.25,-37.72949
1179752812.5,-37.73373
1179752968.75,-37.72418
1179753125.0,-37.71515
1179753281.25,-37.71317
1179753437.5,-37.71241
1179753593.75,-37.71527
1179753750.0,-37.7216
1179753906.25,-37.72837
1179754062.5,-37.72217
1179754218.75,-37.69896
1179754375.0,-37.72541
1179754531.25,-37.71306
1179754687.5,-37.7039
1179754843.75,-37.70808
1179755000.0,-37.70944
1179755156.25,-37.7061
1179755312.5,-37.70713
1179755468.75,-37.70318
1179755625.0,-37.69688
1179755781.25,-37.69959
1179755937.5,-37.70274
1179756093.75,-37.71455
1179756250.0,-37.70783
1179756406.25,-37.69884
1179756562.5,-37.69756
1179756718.75,-37.70695
1179756875.0,-37.69172
1179757031.25,-37.68845
1179757187.5,-37.69828
1179757343.75,-37.69608
1179757500.0,-37.69405
1179757656.25,-37.70604
1179757812.5,-37.70779
1179757968.75,-37.6827
1179758125.0,-37.70175
1179758281.25,-37.70043
1179758437.5,-37.68559
1179758593.75,-37.70065
1179758750.0,-37.68613
1179758906.25,-37.69774
1179759062.5,-37.69098
1179759218.75,-37.68067
1179759375.0,-37.69359
1179759531.25,-37.68184
1179759687.5,-37.67457
1179759843.75,-37.68658
1179760000.0,-37.68192
1179760156.25,-37.68949
1179760312.5,-37.66458
1179760468.75,-37.67887
1179760625.0,-37.69017
1179760781.25,-37.66867
1179760937.5,-37.67067
1179761093.75,-37.67086
1179761250.0,-37.66119
1179761406.25,-37.66201
1179761562.5,-37.66547
1179761718.75,-37.66586
1179761875.0,-37.68216
1179762031.25,-37.66159
1179762187.5,-37.66838
1179762343.75,-37.66616
1179762500.0,-37.67781
1179762656.25,-37.66128
1179762812.5,-37.66624
1179762968.75,-37.65697
1179763125.0,-37.66531
1179763281.25,-37.66725
1179763437.5,-37.67308
1179763593.75,-37.6617
1179763750.0,-37.65195
1179763906.25,-37.66052
1179764062.5,-37.67337
1179764218.75,-37.6522
1179764375.0,-37.66111
1179764531.25,-37.64651
1179764687.5,-37.66055
1179764843.75,-37.63408
1179765000.0,-37.65454
1179765156.25,-37.6487
1179765312.5,-37.66004
1179765468.75,-37.65927
1179765625.0,-37.64588
1179765781.25,-37.65765
1179765937.5,-37.65982
1179766093.75,-37.64854
1179766250.0,-37.65298
1179766406.25,-37.63622
1179766562.5,-37.65415
1179766718.75,-37.64888
1179766875.0,-37.6427
1179767031.25,-37.64528
1179767187.5,-37.65155
1179767343.75,-37.64684
1179767500.0,-37.62355
1179767656.25,-37.64468
1179767812.5,-37.63561
1179767968.75,-37.64299
1179768125.0,-37.64912
1179768281.25,-37.62973
1179768437.5,-37.64679
1179768593.75,-37.63015
1179768750.0,-37.62598
1179768906.25,-37.63783
1179769062.5,-37.63483
1179769218.75,-37.61921
1179769375.0,-37.62892
1179769531.25,-37.62712
1179769687.5,-37.62867
1179769843.75,-37.60896
1179770000.0,-37.63142
1179770156.25,-37.62311
1179770312.5,-37.62869
1179770468.75,-37.61425
1179770625.0,-37.62474
1179770781.25,-37.61185
1179770937.5,-37.62599
1179771093.75,-37.61702
1179771250.0,-37.60825
1179771406.25,-37.62172
1179771562.5,-37.60714
1179771718.75,-37.62777
1179771875.0,-37.61986
1179772031.25,-37.62149
1179772187.5,-37.61618
1179772343.75,-37.61514
1179772500.0,-37.62396
1179772656.25,-37.60143
1179772812.5,-37.6072
1179772968.75,-37.61563
1179773125.0,-37.59279
1179773281.25,-37.60077
1179773437.5,-37.60417
1179773593.75,-37.60526
1179773750.0,-37.59447
1179773906.25,-37.61045
1179774062.5,-37.61436
1179774218.75,-37.61026
1179774375.0,-37.6027
1179774531.25,-37.60626
1179774687.5,-37.60294
1179774843.75,-37.60082
1179775000.0,-37.58955
1179775156.25,-37.59285
1179775312.5,-37.61036
1179775468.75,-37.58795
1179775625.0,-37.59947
1179775781.25,-37.59477
1179775937.5,-37.58052
1179776093.75,-37.58882
1179776250.0,-37.58693
1179776406.25,-37.59837
1179776562.5,-37.58428
1179776718.75,-37.59409
1179776875.0,-37.58612
1179777031.25,-37.58666
1179777187.5,-37.5896
1179777343.75,-37.588
1179777500.0,-37.58276
1179777656.25,-37.58235
1179777812.5,-37.58218
1179777968.75,-37.58753
1179778125.0,-37.58621
1179778281.25,-37.57249
1179778437.5,-37.58498
1179778593.75,-37.57285
1179778750.0,-37.58828
1179778906.25,-37.56361
1179779062.5,-37.5789
1179779218.75,-37.5549
1179779375.0,-37.57843
1179779531.25,-37.56132
1179779687.5,-37.58418
1179779843.75,-37.58253
1179780000.0,-37.57075
1179780156.25,-37.57058
1179780312.5,-37.56615
1179780468.75,-37.5581
1179780625.0,-37.56979
1179780781.25,-37.57212
1179780937.5,-37.56734
1179781093.75,-37.55277
1179781250.0,-37.55933
1179781406.25,-37.56695
1179781562.5,-37.56386
1179781718.75,-37.57416
1179781875.0,-37.55508
1179782031.25,-37.56178
1179782187.5,-37.55801
1179782343.75,-37.55297
1179782500.0,-37.55039
1179782656.25,-37.54718
1179782812.5,-37.54167
1179782968.75,-37.55335
1179783125.0,-37.56383
1179783281.25,-37.55292
1179783437.5,-37.54985
1179783593.75,-37.54629
1179783750.0,-37.5478
1179783906.25,-37.53963
1179784062.5,-37.55102
1179784218.75,-37.5459
1179784375.0,-37.53757
1179784531.25,-37.54773
1179784687.5,-37.54702
1179784843.75,-37.54245
1179785000.0,-37.54298
1179785156.25,-37.54206
1179785312.5,-37.54001
1179785468.75,-37.54244
1179785625.0,-37.54174
1179785781.25,-37.53627
1179785937.5,-37.53464
1179786093.75,-37.52658
1179786250.0,-37.53589
1179786406.25,-37.54303
1179786562.5,-37.53505
1179786718.75,-37.53246
1179786875.0,-37.53516
1179787031.25,-37.52674
1179787187.5,-37.52589
1179787343.75,-37.521
1179787500.0,-37.52596
1179787656.25,-37.53031
1179787812.5,-37.52893
1179787968.75,-37.53072
1179788125.0,-37.5223
1179788281.25,-37.52045
1179788437.5,-37.52261
1179788593.75,-37.51352
1179788750.0,-37.50777
1179788906.25,-37.52359
1179789062.5,-37.51564
1179789218.75,-37.51978
1179789375.0,-37.52187
1179789531.25,-37.50677
1179789687.5,-37.50732
1179789843.75,-37.50817
1179790000.0,-37.51854
1179790156.25,-37.51106
1179790312.5,-37.50866
1179790468.75,-37.49734
1179790625.0,-37.51093
1179790781.25,-37.49865
1179790937.5,-37.50136
1179791093.75,-37.49436
1179791250.0,-37.50087
1179791406.25,-37.50845
1179791562.5,-37.49729
1179791718.75,-37.50108
1179791875.0,-37.4981
1179792031.25,-37.50847
1179792187.5,-37.50763
1179792343.75,-37.48556
1179792500.0,-37.49249
1179792656.25,-37.49845
1179792812.5,-37.50312
1179792968.75,-37.48818
1179793125.0,-37.50056
1179793281.25,-37.50412
1179793437.5,-37.49593
1179793593.75,-37.50206
1179793750.0,-37.50927
1179793906.25,-37.49636
1179794062.5,-37.49733
1179794218.75,-37.48672
1179794375.0,-37.49721
1179794531.25,-37.47071
1179794687.5,-37.48037
1179794843.75,-37.47968
1179795000.0,-37.49716
1179795156.25,-37.48372
1179795312.5,-37.4892
1179795468.75,-37.49308
1179795625.0,-37.49339
1179795781.25,-37.4876
1179795937.5,-37.47824
1179796093.75,-37.46473
1179796250.0,-37.47252
1179796406.25,-37.48038
1179796562.5,-37.47035
1179796718.75,-37.46404
1179796875.0,-37.47943
1179797031.25,-37.46659
1179797187.5,-37.47145
1179797343.75,-37.48381
1179797500.0,-37.45515
1179797656.25,-37.48375
1179797812.5,-37.47198
1179797968.75,-37.46758
1179798125.0,-37.47637
1179798281.25,-37.47404
1179798437.5,-37.4635
1179798593.75,-37.46784
1179798750.0,-37.462
1179798906.25,-37.46154
1179799062.5,-37.46481
1179799218.75,-37.46688
1179799375.0,-37.4628
1179799531.25,-37.45027
1179799687.5,-37.46334
1179799843.75,-37.44752
1179800000.0,-37.45769
1179800156.25,-37.45771
1179800312.5,-37.4625
1179800468.75,-37.46492
1179800625.0,-37.45965
1179800781.25,-37.44998
1179800937.5,-37.45432
1179801093.75,-37.45574
1179801250.0,-37.45359
1179801406.25,-37.45654
1179801562.5,-37.42425
1179801718.75,-37.44226
1179801875.0,-37.4549
1179802031.25,-37.45397
1179802187.5,-37.43138
1179802343.75,-37.43689
1179802500.0,-37.43414
1179802656.25,-37.45095
1179802812.5,-37.44309
1179802968.75,-37.44132
1179803125.0,-37.4406
1179803281.25,-37.44432
1179803437.5,-37.43487
1179803593.75,-37.43786
1179803750.0,-37.44117
1179803906.25,-37.44538
1179804062.5,-37.43038
1179804218.75,-37.43492
1179804375.0,-37.43592
1179804531.25,-37.43431
1179804687.5,-37.43479
1179804843.75,-37.43073
1179805000.0,-37.42546
1179805156.25,-37.42012
1179805312.5,-37.42801
1179805468.75,-37.43042
1179805625.0,-37.43542
1179805781.25,-37.42585
1179805937.5,-37.41382
1179806093.75,-37.41493
1179806250.0,-37.42229
1179806406.25,-37.41285
1179806562.5,-37.42836
1179806718.75,-37.42078
1179806875.0,-37.41029
1179807031.25,-37.41409
1179807187.5,-37.4006
1179807343.75,-37.41404
1179807500.0,-37.40669
1179807656.25,-37.4171
1179807812.5,-37.40917
1179807968.75,-37.42477
1179808125.0,-37.40456
1179808281.25,-37.40939
1179808437.5,-37.42278
1179808593.75,-37.39353
1179808750.0,-37.40586
1179808906.25,-37.40352
1179809062.5,-37.40071
1179809218.75,-37.42255
1179809375.0,-37.40003
1179809531.25,-37.40028
1179809687.5,-37.40873
1179809843.75,-37.39487
1179810000.0,-37.40099
1179810156.25,-37.39415
1179810312.5,-37.40523
1179810468.75,-37.39361
1179810625.0,-37.38529
1179810781.25,-37.38515
1179810937.5,-37.38911
1179811093.75,-37.40064
1179811250.0,-37.38597
1179811406.25,-37.38698
1179811562.5,-37.39053
1179811718.75,-37.3954
1179811875.0,-37.38733
1179812031.25,-37.38991
1179812187.5,-37.38287
1179812343.75,-37.40565
1179812500.0,-37.39402
1179812656.25,-37.37766
1179812812.5,-37.38295
1179812968.75,-37.37849
1179813125.0,-37.3894
1179813281.25,-37.38053
1179813437.5,-37.36861
1179813593.75,-37.38448
1179813750.0,-37.38482
1179813906.25,-37.37944
1179814062.5,-37.37683
1179814218.75,-37.38393
1179814375.0,-37.36819
1179814531.25,-37.37219
1179814687.5,-37.36927
1179814843.75,-37.36204
1179815000.0,-37.37656
1179815156.25,-37.37197
1179815312.5,-37.36016
1179815468.75,-37.36307
1179815625.0,-37.38366
1179815781.25,-37.35872
1179815937.5,-37.36102
1179816093.75,-37.36721
1179816250.0,-37.3706
1179816406.25,-37.36539
1179816562.5,-37.37483
1179816718.75,-37.35347
1179816875.0,-37.36766
1179817031.25,-37.36867
1179817187.5,-37.36274
1179817343.75,-37.34262
1179817500.0,-37.34422
1179817656.25,-37.35749
1179817812.5,-37.36573
1179817968.75,-37.36315
1179818125.0,-37.34315
1179818281.25,-37.35163
1179818437.5,-37.35224
1179818593.75,-37.34965
1179818750.0,-37.33091
1179818906.25,-37.33424
1179819062.5,-37.34856
1179819218.75,-37.32972
1179819375.0,-37.34344
1179819531.25,-37.3376
1179819687.5,-37.3412
1179819843.75,-37.35383
1179820000.0,-37.34462
1179820156.25,-37.33649
1179820312.5,-37.33706
1179820468.75,-37.32972
1179820625.0,-37.33266
1179820781.25,-37.32621
1179820937.5,-37.33938
1179821093.75,-37.33068
1179821250.0,-37.32867
1179821406.25,-37.33298
1179821562.5,-37.32912
1179821718.75,-37.32616
1179821875.0,-37.33385
1179822031.25,-37.33447
1179822187.5,-37.33949
1179822343.75,-37.33677
1179822500.0,-37.32964
1179822656.25,-37.33463
1179822812.5,-37.33137
1179822968.75,-37.33356
1179823125.0,-37.33787
1179823281.25,-37.31179
1179823437.5,-37.33841
1179823593.75,-37.3148
1179823750.0,-37.31704
1179823906.25,-37.31034
1179824062.5,-37.32398
1179824218.75,-37.31104
1179824375.0,-37.31773
1179824531.25,-37.31681
1179824687.5,-37.32168
1179824843.75,-37.2964
1179825000.0,-37.31843
1179825156.25,-37.31282
1179825312.5,-37.32245
1179825468.75,-37.30895
1179825625.0,-37.30969
1179825781.25,-37.30157
1179825937.5,-37.31271
1179826093.75,-37.31096
1179826250.0,-37.30145
1179826406.25,-37.30551
1179826562.5,-37.31595
1179826718.75,-37.29732
1179826875.0,-37.29886
1179827031.25,-37.29233
1179827187.5,-37.30151
1179827343.75,-37.30324
1179827500.0,-37.31305
1179827656.25,-37.28497
1179827812.5,-37.28429
1179827968.75,-37.29809
1179828125.0,-37.30705
1179828281.25,-37.30152
1179828437.5,-37.29316
1179828593.75,-37.28687
1179828750.0,-37.29607
1179828906.25,-37.28528
1179829062.5,-37.2896
1179829218.75,-37.29876
1179829375.0,-37.27892
1179829531.25,-37.29155
1179829687.5,-37.29496
1179829843.75,-37.27976
1179830000.0,-37.29081
1179830156.25,-37.28462
1179830312.5,-37.28447
1179830468.75,-37.27452
1179830625.0,-37.28494
1179830781.25,-37.28253
1179830937.5,-37.28368
1179831093.75,-37.27769
1179831250.0,-37.27398
1179831406.25,-37.27889
1179831562.5,-37.28424
1179831718.75,-37.28122
1179831875.0,-37.28332
1179832031.25,-37.26634
1179832187.5,-37.26725
1179832343.75,-37.28388
1179832500.0,-37.26141
1179832656.25,-37.26164
1179832812.5,-37.27069
1179832968.75,-37.26002
1179833125.0,-37.25996
1179833281.25,-37.26153
1179833437.5,-37.27547
1179833593.75,-37.27262
1179833750.0,-37.27076
1179833906.25,-37.26147
1179834062.5,-37.26109
1179834218.75,-37.26959
1179834375.0,-37.25632
1179834531.25,-37.25154
1179834687.5,-37.25549
1179834843.75,-37.24385
1179835000.0,-37.2655
1179835156.25,-37.26113
1179835312.5,-37.25644
1179835468.75,-37.26338
1179835625.0,-37.26301
1179835781.25,-37.23806
1179835937.5,-37.24071
1179836093.75,-37.24735
1179836250.0,-37.25474
1179836406.25,-37.24524
1179836562.5,-37.25976
1179836718.75,-37.25231
1179836875.0,-37.24963
1179837031.25,-37.22883
1179837187.5,-37.24231
1179837343.75,-37.23214
1179837500.0,-37.24925
1179837656.25,-37.23725
1179837812.5,-37.24742
1179837968.75,-37.23045
1179838125.0,-37.25209
1179838281.25,-37.24521
1179838437.5,-37.21935
1179838593.75,-37.22552
1179838750.0,-37.23063
1179838906.25,-37.22651
1179839062.5,-37.2283
1179839218.75,-37.2332
1179839375.0,-37.22683
1179839531.25,-37.22016
1179839687.5,-37.22277
1179839843.75,-37.2332
1179840000.0,-37.23572
1179840156.25,-37.2359
1179840312.5,-37.21151
1179840468.75,-37.23185
1179840625.0,-37.23199
1179840781.25,-37.20443
1179840937.5,-37.21684
1179841093.75,-37.22813
1179841250.0,-37.22133
1179841406.25,-37.21947
1179841562.5,-37.202
1179841718.75,-37.22424
1179841875.0,-37.21574
1179842031.25,-37.2248
1179842187.5,-37.21379
1179842343.75,-37.20832
1179842500.0,-37.20605
1179842656.25,-37.20139
1179842812.5,-37.20745
1179842968.75,-37.21011
1179843125.0,-37.19654
1179843281.25,-37.21536
1179843437.5,-37.22299
1179843593.75,-37.20806
1179843750.0,-37.20627
1179843906.25,-37.2051
1179844062.5,-37.20401
1179844218.75,-37.20282
1179844375.0,-37.21671
1179844531.25,-37.20763
1179844687.5,-37.19558
1179844843.75,-37.19805
1179845000.0,-37.19858
1179845156.25,-37.19138
1179845312.5,-37.19661
1179845468.75,-37.19177
1179845625.0,-37.19519
1179845781.25,-37.1986
1179845937.5,-37.19218
1179846093.75,-37.19295
1179846250.0,-37.1995
1179846406.25,-37.20401
1179846562.5,-37.19431
1179846718.75,-37.20186
1179846875.0,-37.18916
1179847031.25,-37.1882
1179847187.5,-37.17372
1179847343.75,-37.17238
1179847500.0,-37.18506
1179847656.25,-37.17216
1179847812.5,-37.17087
1179847968.75,-37.19881
1179848125.0,-37.18066
1179848281.25,-37.17495
1179848437.5,-37.17672
1179848593.75,-37.17414
1179848750.0,-37.17266
1179848906.25,-37.17285
1179849062.5,-37.16204
1179849218.75,-37.15721
1179849375.0,-37.1795
1179849531.25,-37.15615
1179849687.5,-37.16253
1179849843.75,-37.16516
1179850000.0,-37.17096
1179850156.25,-37.16127
1179850312.5,-37.1605
1179850468.75,-37.177
1179850625.0,-37.17386
1179850781.25,-37.16749
1179850937.5,-37.17514
1179851093.75,-37.15773
1179851250.0,-37.17028
1179851406.25,-37.16304
1179851562.5,-37.1537
1179851718.75,-37.15765
1179851875.0,-37.16379
1179852031.25,-37.16232
1179852187.5,-37.15254
1179852343.75,-37.16311
1179852500.0,-37.15306
1179852656.25,-37.1428
1179852812.5,-37.16423
1179852968.75,-37.15652
1179853125.0,-37.14162
1179853281.25,-37.15009
1179853437.5,-37.14144
1179853593.75,-37.15236
1179853750.0,-37.15092
1179853906.25,-37.14851
1179854062.5,-37.14747
1179854218.75,-37.14305
1179854375.0,-37.14037
1179854531.25,-37.13906
1179854687.5,-37.14832
1179854843.75,-37.13413
1179855000.0,-37.14148
1179855156.25,-37.14778
1179855312.5,-37.1414
1179855468.75,-37.14465
1179855625.0,-37.11744
1179855781.25,-37.1409
1179855937.5,-37.12152
1179856093.75,-37.12683
1179856250.0,-37.12528
1179856406.25,-37.12064
1179856562.5,-37.14498
1179856718.75,-37.12394
1179856875.0,-37.13033
1179857031.25,-37.13186
1179857187.5,-37.12372
1179857343.75,-37.12395
1179857500.0,-37.13428
1179857656.25,-37.13437
1179857812.5,-37.12716
1179857968.75,-37.12081
1179858125.0,-37.12555
1179858281.25,-37.11913
1179858437.5,-37.12174
1179858593.75,-37.12381
1179858750.0,-37.10768
1179858906.25,-37.1174
1179859062.5,-37.11219
1179859218.75,-37.11692
1179859375.0,-37.11349
1179859531.25,-37.10785
1179859687.5,-37.10904
1179859843.75,-37.11225
1179860000.0,-37.11962
1179860156.25,-37.11641
1179860312.5,-37.10469
1179860468.75,-37.11246
1179860625.0,-37.10878
1179860781.25,-37.10047
1179860937.5,-37.10532
1179861093.75,-37.09892
1179861250.0,-37.09672
1179861406.25,-37.10837
1179861562.5,-37.1062
1179861718.75,-37.10468
1179861875.0,-37.09826
1179862031.25,-37.10358
1179862187.5,-37.10585
1179862343.75,-37.10525
1179862500.0,-37.09422
1179862656.25,-37.10022
1179862812.5,-37.09095
1179862968.75,-37.10051
1179863125.0,-37.09147
1179863281.25,-37.0914
1179863437.5,-37.09585
1179863593.75,-37.09937
1179863750.0,-37.09334
1179863906.25,-37.08697
1179864062.5,-37.07546
1179864218.75,-37.08223
1179864375.0,-37.08817
1179864531.25,-37.08454
1179864687.5,-37.08163
1179864843.75,-37.07924
1179865000.0,-37.07746
1179865156.25,-37.07789
1179865312.5,-37.08435
1179865468.75,-37.07941
1179865625.0,-37.08042
1179865781.25,-37.07317
1179865937.5,-37.0807
1179866093.75,-37.07087
1179866250.0,-37.08833
1179866406.25,-37.07259
1179866562.5,-37.06317
1179866718.75,-37.06233
1179866875.0,-37.07606
1179867031.25,-37.05594
1179867187.5,-37.06697
1179867343.75,-37.05265
1179867500.0,-37.06538
1179867656.25,-37.0683
1179867812.5,-37.0635
1179867968.75,-37.06568
1179868125.0,-37.05168
1179868281.25,-37.05281
1179868437.5,-37.06356
1179868593.75,-37.06142
1179868750.0,-37.05377
1179868906.25,-37.05181
1179869062.5,-37.0636
1179869218.75,-37.05859
1179869375.0,-37.0586
1179869531.25,-37.05033
1179869687.5,-37.062
1179869843.75,-37.05775
1179870000.0,-37.05117
1179870156.25,-37.04731
1179870312.5,-37.04456
1179870468.75,-37.03815
1179870625.0,-37.03182
1179870781.25,-37.06071
1179870937.5,-37.04304
1179871093.75,-37.04382
1179871250.0,-37.05189
1179871406.25,-37.04214
1179871562.5,-37.05536
1179871718.75,-37.0363
1179871875.0,-37.02917
1179872031.25,-37.04703
1179872187.5,-37.03823
1179872343.75,-37.04892
1179872500.0,-37.04177
1179872656.25,-37.03722
1179872812.5,-37.01899
1179872968.75,-37.03399
1179873125.0,-37.03757
1179873281.25,-37.03403
1179873437.5,-37.02136
1179873593.75,-37.02833
1179873750.0,-37.0247
1179873906.25,-37.01866
1179874062.5,-37.02686
1179874218.75,-37.02624
1179874375.0,-37.03071
1179874531.25,-37.01628
1179874687.5,-37.01809
1179874843.75,-37.01802
1179875000.0,-37.01524
1179875156.25,-37.02253
1179875312.5,-37.01669
1179875468.75,-37.01725
1179875625.0,-37.02228
1179875781.25,-37.01818
1179875937.5,-37.01545
1179876093.75,-37.01244
1179876250.0,-37.01801
1179876406.25,-37.01279
1179876562.5,-37.01428
1179876718.75,-37.00928
1179876875.0,-37.00373
1179877031.25,-36.99602
1179877187.5,-37.01163
1179877343.75,-37.00413
1179877500.0,-37.00899
1179877656.25,-36.99828
1179877812.5,-37.01481
1179877968.75,-36.99509
1179878125.0,-36.99829
1179878281.25,-37.00222
1179878437.5,-37.0004
1179878593.75,-36.99036
1179878750.0,-37.00451
1179878906.25,-37.00364
1179879062.5,-36.99904
1179879218.75,-36.995
1179879375.0,-36.99566
1179879531.25,-36.98266
1179879687.5,-36.99522
1179879843.75,-37.00486
1179880000.0,-36.99668
1179880156.25,-36.99577
1179880312.5,-36.99012
1179880468.75,-36.9855
1179880625.0,-36.99935
1179880781.25,-36.98697
1179880937.5,-36.98859
1179881093.75,-36.98182
1179881250.0,-36.97596
1179881406.25,-36.9801
1179881562.5,-36.97779
1179881718.75,-36.99138
1179881875.0,-36.98061
1179882031.25,-36.97644
1179882187.5,-36.97467
1179882343.75,-36.97221
1179882500.0,-36.97658
1179882656.25,-36.96966
1179882812.5,-36.97121
1179882968.75,-36.97364
1179883125.0,-36.96686
1179883281.25,-36.97327
1179883437.5,-36.96909
1179883593.75,-36.96708
1179883750.0,-36.9657
1179883906.25,-36.96715
1179884062.5,-36.96587
1179884218.75,-36.96057
1179884375.0,-36.96251
1179884531.25,-36.96355
1179884687.5,-36.9685
1179884843.75,-36.96782
1179885000.0,-36.95944
1179885156.25,-36.95813
1179885312.5,-36.95045
1179885468.75,-36.95231
1179885625.0,-36.94509
1179885781.25,-36.95997
1179885937.5,-36.96401
1179886093.75,-36.95694
1179886250.0,-36.95633
1179886406.25,-36.94256
1179886562.5,-36.94233
1179886718.75,-36.94794
1179886875.0,-36.94078
1179887031.25,-36.95573
1179887187.5,-36.94168
1179887343.75,-36.96172
1179887500.0,-36.94677
1179887656.25,-36.95312
1179887812.5,-36.94592
1179887968.75,-36.9399
1179888125.0,-36.94376
1179888281.25,-36.94823
1179888437.5,-36.94861
1179888593.75,-36.92837
1179888750.0,-36.9427
1179888906.25,-36.94591
1179889062.5,-36.94275
1179889218.75,-36.93151
1179889375.0,-36.94099
1179889531.25,-36.92962
1179889687.5,-36.91496
1179889843.75,-36.91951
1179890000.0,-36.93797
1179890156.25,-36.9283
1179890312.5,-36.94191
1179890468.75,-36.93468
1179890625.0,-36.92729
1179890781.25,-36.91049
1179890937.5,-36.92332
1179891093.75,-36.91747
1179891250.0,-36.93061
1179891406.25,-36.91837
1179891562.5,-36.92123
1179891718.75,-36.9129
1179891875.0,-36.91841
1179892031.25,-36.91471
1179892187.5,-36.92354
1179892343.75,-36.91856
1179892500.0,-36.91348
1179892656.25,-36.91356
1179892812.5,-36.90989
1179892968.75,-36.90965
1179893125.0,-36.92153
1179893281.25,-36.91784
1179893437.5,-36.92395
1179893593.75,-36.9044
1179893750.0,-36.90699
1179893906.25,-36.89875
1179894062.5,-36.90188
1179894218.75,-36.89996
1179894375.0,-36.90587
1179894531.25,-36.89791
1179894687.5,-36.89121
1179894843.75,-36.90142
1179895000.0,-36.90644
1179895156.25,-36.89467
1179895312.5,-36.90071
1179895468.75,-36.89904
1179895625.0,-36.91319
1179895781.25,-36.89811
1179895937.5,-36.88422
1179896093.75,-36.88911
1179896250.0,-36.8923
1179896406.25,-36.88005
1179896562.5,-36.89851
1179896718.75,-36.89585
1179896875.0,-36.89449
1179897031.25,-36.88818
1179897187.5,-36.88538
1179897343.75,-36.8847
1179897500.0,-36.87644
1179897656.25,-36.87278
1179897812.5,-36.87969
1179897968.75,-36.88802
1179898125.0,-36.89329
1179898281.25,-36.8823
1179898437.5,-36.88151
1179898593.75,-36.87486
1179898750.0,-36.86488
1179898906.25,-36.8783
1179899062.5,-36.8695
1179899218.75,-36.87262
1179899375.0,-36.86966
1179899531.25,-36.87634
1179899687.5,-36.87983
1179899843.75,-36.8798
1179900000.0,-36.86444
1179900156.25,-36.8653
1179900312.5,-36.87531
1179900468.75,-36.87557
1179900625.0,-36.86903
1179900781.25,-36.85192
1179900937.5,-36.85971
1179901093.75,-36.87304
1179901250.0,-36.86299
1179901406.25,-36.85378
1179901562.5,-36.85936
1179901718.75,-36.85867
1179901875.0,-36.87103
1179902031.25,-36.855
1179902187.5,-36.84993
1179902343.75,-36.86375
1179902500.0,-36.86905
1179902656.25,-36.85551
1179902812.5,-36.86753
1179902968.75,-36.86621
1179903125.0,-36.85306
1179903281.25,-36.85833
1179903437.5,-36.83855
1179903593.75,-36.84952
1179903750.0,-36.84095
1179903906.25,-36.85047
1179904062.5,-36.84657
1179904218.75,-36.85278
1179904375.0,-36.83595
1179904531.25,-36.8377
1179904687.5,-36.83294
1179904843.75,-36.84139
1179905000.0,-36.83693
1179905156.25,-36.83665
1179905312.5,-36.83379
1179905468.75,-36.83911
1179905625.0,-36.83597
1179905781.25,-36.83418
1179905937.5,-36.83137
1179906093.75,-36.83496
1179906250.0,-36.81854
1179906406.25,-36.83828
1179906562.5,-36.83166
1179906718.75,-36.82131
1179906875.0,-36.83123
1179907031.25,-36.81682
1179907187.5,-36.82462
1179907343.75,-36.81844
1179907500.0,-36.8137
1179907656.25,-36.82533
1179907812.5,-36.81367
1179907968.75,-36.8181
1179908125.0,-36.8279
1179908281.25,-36.83217
1179908437.5,-36.81588
1179908593.75,-36.80413
1179908750.0,-36.83015
1179908906.25,-36.799
1179909062.5,-36.80583
1179909218.75,-36.80933
1179909375.0,-36.81124
1179909531.25,-36.80662
1179909687.5,-36.80941
1179909843.75,-36.80558
1179910000.0,-36.82265
1179910156.25,-36.79891
1179910312.5,-36.81583
1179910468.75,-36.81433
1179910625.0,-36.80636
1179910781.25,-36.80177
1179910937.5,-36.80032
1179911093.75,-36.80516
1179911250.0,-36.80457
1179911406.25,-36.7998
1179911562.5,-36.80194
1179911718.75,-36.8179
1179911875.0,-36.78989
1179912031.25,-36.80354
1179912187.5,-36.78862
1179912343.75,-36.80153
1179912500.0,-36.7953
1179912656.25,-36.79532
1179912812.5,-36.80101
1179912968.75,-36.78571
1179913125.0,-36.78409
1179913281.25,-36.79704
1179913437.5,-36.78725
1179913593.75,-36.79365
1179913750.0,-36.79138
1179913906.25,-36.78848
1179914062.5,-36.79245
1179914218.75,-36.78286
1179914375.0,-36.78703
1179914531.25,-36.78169
1179914687.5,-36.77672
1179914843.75,-36.77953
1179915000.0,-36.77346
1179915156.25,-36.7775
1179915312.5,-36.77546
1179915468.75,-36.77853
1179915625.0,-36.78549
1179915781.25,-36.76612
1179915937.5,-36.78019
1179916093.75,-36.77023
1179916250.0,-36.77998
1179916406.25,-36.76743
1179916562.5,-36.75395
1179916718.75,-36.7715
1179916875.0,-36.76295
1179917031.25,-36.76643
1179917187.5,-36.75889
1179917343.75,-36.77685
1179917500.0,-36.76284
1179917656.25,-36.76842
1179917812.5,-36.75444
1179917968.75,-36.75617
1179918125.0,-36.75723
1179918281.25,-36.76534
1179918437.5,-36.7542
1179918593.75,-36.75743
1179918750.0,-36.74619
1179918906.25,-36.76384
1179919062.5,-36.75082
1179919218.75,-36.74972
1179919375.0,-36.75311
1179919531.25,-36.74615
1179919687.5,-36.7386
1179919843.75,-36.75739
1179920000.0,-36.74537
1179920156.25,-36.73578
1179920312.5,-36.74516
1179920468.75,-36.75315
1179920625.0,-36.73846
1179920781.25,-36.74842
1179920937.5,-36.74672
1179921093.75,-36.73903
1179921250.0,-36.73397
1179921406.25,-36.74046
1179921562.5,-36.74273
1179921718.75,-36.74707
1179921875.0,-36.74944
1179922031.25,-36.73176
1179922187.5,-36.73814
1179922343.75,-36.73796
1179922500.0,-36.73551
1179922656.25,-36.72077
1179922812.5,-36.74391
1179922968.75,-36.72226
1179923125.0,-36.74052
1179923281.25,-36.72104
1179923437.5,-36.72235
1179923593.75,-36.7167
1179923750.0,-36.7284
1179923906.25,-36.72487
1179924062.5,-36.72541
1179924218.75,-36.71775
1179924375.0,-36.70837
1179924531.25,-36.73391
1179924687.5,-36.72454
1179924843.75,-36.72565
1179925000.0,-36.72455
1179925156.25,-36.72304
1179925312.5,-36.70571
1179925468.75,-36.7108
1179925625.0,-36.71507
1179925781.25,-36.72511
1179925937.5,-36.72069
1179926093.75,-36.70451
1179926250.0,-36.70649
1179926406.25,-36.7067
1179926562.5,-36.70535
1179926718.75,-36.70872
1179926875.0,-36.71913
1179927031.25,-36.71743
1179927187.5,-36.70801
1179927343.75,-36.69724
1179927500.0,-36.69059
1179927656.25,-36.69701
1179927812.5,-36.70773
1179927968.75,-36.7025
1179928125.0,-36.70507
1179928281.25,-36.69724
1179928437.5,-36.69235
1179928593.75,-36.69474
1179928750.0,-36.68221
1179928906.25,-36.69473
1179929062.5,-36.70305
1179929218.75,-36.68954
1179929375.0,-36.69746
1179929531.25,-36.68409
1179929687.5,-36.68917
1179929843.75,-36.68904
1179930000.0,-36.6832
1179930156.25,-36.70184
1179930312.5,-36.67573
1179930468.75,-36.69302
1179930625.0,-36.68555
1179930781.25,-36.69199
1179930937.5,-36.68671
1179931093.75,-36.68277
1179931250.0,-36.67604
1179931406.25,-36.66431
1179931562.5,-36.67104
1179931718.75,-36.67723
1179931875.0,-36.67563
1179932031.25,-36.67368
1179932187.5,-36.67369
1179932343.75,-36.66233
1179932500.0,-36.66945
1179932656.25,-36.67293
1179932812.5,-36.67399
1179932968.75,-36.66746
1179933125.0,-36.6545
1179933281.25,-36.67646
1179933437.5,-36.66243
1179933593.75,-36.66764
1179933750.0,-36.66397
1179933906.25,-36.66125
1179934062.5,-36.65142
1179934218.75,-36.64613
1179934375.0,-36.65694
1179934531.25,-36.64788
1179934687.5,-36.66158
1179934843.75,-36.66769
1179935000.0,-36.66306
1179935156.25,-36.65642
1179935312.5,-36.6493
1179935468.75,-36.63823
1179935625.0,-36.64992
1179935781.25,-36.64903
1179935937.5,-36.64207
1179936093.75,-36.64423
1179936250.0,-36.65255
1179936406.25,-36.63259
1179936562.5,-36.64554
1179936718.75,-36.63743
1179936875.0,-36.63063
1179937031.25,-36.64702
1179937187.5,-36.6492
1179937343.75,-36.63573
1179937500.0,-36.63795
1179937656.25,-36.64404
1179937812.5,-36.62948
1179937968.75,-36.62683
1179938125.0,-36.64052
1179938281.25,-36.63586
1179938437.5,-36.63817
1179938593.75,-36.63145
1179938750.0,-36.62984
1179938906.25,-36.63432
1179939062.5,-36.62106
1179939218.75,-36.62967
1179939375.0,-36.63083
1179939531.25,-36.61625
1179939687.5,-36.61389
1179939843.75,-36.62682
1179940000.0,-36.62178
1179940156.25,-36.62688
1179940312.5,-36.61931
1179940468.75,-36.61845
1179940625.0,-36.62932
1179940781.25,-36.62328
1179940937.5,-36.60201
1179941093.75,-36.626
1179941250.0,-36.6184
1179941406.25,-36.6195
1179941562.5,-36.61161
1179941718.75,-36.60631
1179941875.0,-36.61174
1179942031.25,-36.61304
1179942187.5,-36.61627
1179942343.75,-36.5994
1179942500.0,-36.61656
1179942656.25,-36.60707
1179942812.5,-36.61029
1179942968.75,-36.59927
1179943125.0,-36.59339
1179943281.25,-36.59989
1179943437.5,-36.59026
1179943593.75,-36.60082
1179943750.0,-36.59618
1179943906.25,-36.59665
1179944062.5,-36.6038
1179944218.75,-36.61188
1179944375.0,-36.6116
1179944531.25,-36.59573
1179944687.5,-36.598
1179944843.75,-36.59036
1179945000.0,-36.59554
1179945156.25,-36.59989
1179945312.5,-36.5769
1179945468.75,-36.58327
1179945625.0,-36.59699
1179945781.25,-36.58871
1179945937.5,-36.59417
1179946093.75,-36.58934
1179946250.0,-36.58269
1179946406.25,-36.57404
1179946562.5,-36.58877
1179946718.75,-36.58591
1179946875.0,-36.59167
1179947031.25,-36.57938
1179947187.5,-36.58028
1179947343.75,-36.58654
1179947500.0,-36.57886
1179947656.25,-36.56977
1179947812.5,-36.57294
1179947968.75,-36.56927
1179948125.0,-36.58556
1179948281.25,-36.5714
1179948437.5,-36.57568
1179948593.75,-36.5713
1179948750.0,-36.56868
1179948906.25,-36.57078
1179949062.5,-36.56469
1179949218.75,-36.55197
1179949375.0,-36.56358
1179949531.25,-36.55479
1179949687.5,-36.5603
1179949843.75,-36.56369
1179950000.0,-36.55895
1179950156.25,-36.5674
1179950312.5,-36.56697
1179950468.75,-36.56422
1179950625.0,-36.5481
1179950781.25,-36.55137
1179950937.5,-36.54995
1179951093.75,-36.562
1179951250.0,-36.55079
1179951406.25,-36.54607
1179951562.5,-36.54967
1179951718.75,-36.54963
1179951875.0,-36.54505
1179952031.25,-36.55303
1179952187.5,-36.53635
1179952343.75,-36.54012
1179952500.0,-36.54867
1179952656.25,-36.54163
1179952812.5,-36.54749
1179952968.75,-36.53627
1179953125.0,-36.53595
1179953281.25,-36.53969
1179953437.5,-36.53542
1179953593.75,-36.53653
1179953750.0,-36.53479
1179953906.25,-36.52766
1179954062.5,-36.52228
1179954218.75,-36.53146
1179954375.0,-36.52778
1179954531.25,-36.51431
1179954687.5,-36.53026
1179954843.75,-36.5455
1179955000.0,-36.52988
1179955156.25,-36.52792
1179955312.5,-36.51544
1179955468.75,-36.52602
1179955625.0,-36.52905
1179955781.25,-36.52974
1179955937.5,-36.51785
1179956093.75,-36.52208
1179956250.0,-36.52539
1179956406.25,-36.52119
1179956562.5,-36.52919
1179956718.75,-36.5274
1179956875.0,-36.52116
1179957031.25,-36.52589
1179957187.5,-36.50909
1179957343.75,-36.51394
1179957500.0,-36.50852
1179957656.25,-36.50871
1179957812.5,-36.50026
1179957968.75,-36.49915
1179958125.0,-36.51379
1179958281.25,-36.50524
1179958437.5,-36.50122
1179958593.75,-36.50246
1179958750.0,-36.51221
1179958906.25,-36.50293
1179959062.5,-36.50258
1179959218.75,-36.49823
1179959375.0,-36.49241
1179959531.25,-36.50095
1179959687.5,-36.49382
1179959843.75,-36.50361
1179960000.0,-36.49175
1179960156.25,-36.48978
1179960312.5,-36.50396
1179960468.75,-36.48917
1179960625.0,-36.50233
1179960781.25,-36.48711
1179960937.5,-36.49417
1179961093.75,-36.49281
1179961250.0,-36.48885
1179961406.25,-36.48434
1179961562.5,-36.48385
1179961718.75,-36.48842
1179961875.0,-36.49186
1179962031.25,-36.48665
1179962187.5,-36.49245
1179962343.75,-36.49038
1179962500.0,-36.48051
1179962656.25,-36.47905
1179962812.5,-36.48094
1179962968.75,-36.47696
1179963125.0,-36.48082
1179963281.25,-36.47406
1179963437.5,-36.4682
1179963593.75,-36.46685
1179963750.0,-36.47433
1179963906.25,-36.46997
1179964062.5,-36.46657
1179964218.75,-36.47235
1179964375.0,-36.46386
1179964531.25,-36.46363
1179964687.5,-36.46854
1179964843.75,-36.46859
1179965000.0,-36.46759
1179965156.25,-36.46745
1179965312.5,-36.44935
1179965468.75,-36.46466
1179965625.0,-36.46423
1179965781.25,-36.46146
1179965937.5,-36.46326
1179966093.75,-36.45727
1179966250.0,-36.45662
1179966406.25,-36.45864
1179966562.5,-36.45616
1179966718.75,-36.46332
1179966875.0,-36.44873
1179967031.25,-36.43589
1179967187.5,-36.43015
1179967343.75,-36.45441
1179967500.0,-36.4556
1179967656.25,-36.45546
1179967812.5,-36.45408
1179967968.75,-36.44713
1179968125.0,-36.44505
1179968281.25,-36.44831
1179968437.5,-36.43802
1179968593.75,-36.44599
1179968750.0,-36.44158
1179968906.25,-36.43159
1179969062.5,-36.44839
1179969218.75,-36.43403
1179969375.0,-36.4416
1179969531.25,-36.44101
1179969687.5,-36.44043
1179969843.75,-36.42841
1179970000.0,-36.4345
1179970156.25,-36.42734
1179970312.5,-36.41734
1179970468.75,-36.42705
1179970625.0,-36.43236
1179970781.25,-36.43617
1179970937.5,-36.42447
1179971093.75,-36.42067
1179971250.0,-36.43044
1179971406.25,-36.42082
1179971562.5,-36.42197
1179971718.75,-36.43303
1179971875.0,-36.42065
1179972031.25,-36.42407
1179972187.5,-36.42732
1179972343.75,-36.41898
1179972500.0,-36.40764
1179972656.25,-36.40839
1179972812.5,-36.4126
1179972968.75,-36.40047
1179973125.0,-36.40921
1179973281.25,-36.42225
1179973437.5,-36.41227
1179973593.75,-36.40997
1179973750.0,-36.41298
1179973906.25,-36.41272
1179974062.5,-36.40851
1179974218.75,-36.4096
1179974375.0,-36.4087
1179974531.25,-36.41217
1179974687.5,-36.4065
1179974843.75,-36.40305
1179975000.0,-36.40664
1179975156.25,-36.38872
1179975312.5,-36.40045
1179975468.75,-36.39939
1179975625.0,-36.39271
1179975781.25,-36.40145
1179975937.5,-36.38775
1179976093.75,-36.39965
1179976250.0,-36.38612
1179976406.25,-36.38922
1179976562.5,-36.3886
1179976718.75,-36.40112
1179976875.0,-36.38665
1179977031.25,-36.38157
1179977187.5,-36.38994
1179977343.75,-36.38299
1179977500.0,-36.39153
1179977656.25,-36.39027
1179977812.5,-36.39239
1179977968.75,-36.37257
1179978125.0,-36.37751
1179978281.25,-36.38019
1179978437.5,-36.3844
1179978593.75,-36.3812
1179978750.0,-36.38725
1179978906.25,-36.37829
1179979062.5,-36.38313
1179979218.75,-36.3642
1179979375.0,-36.37417
1179979531.25,-36.36614
1179979687.5,-36.35918
1179979843.75,-36.36178
1179980000.0,-36.36537
1179980156.25,-36.36234
1179980312.5,-36.37912
1179980468.75,-36.37645
1179980625.0,-36.37646
1179980781.25,-36.37768
1179980937.5,-36.35416
1179981093.75,-36.36111
1179981250.0,-36.35645
1179981406.25,-36.35888
1179981562.5,-36.36557
1179981718.75,-36.36148
1179981875.0,-36.3658
1179982031.25,-36.3545
1179982187.5,-36.35749
1179982343.75,-36.34661
1179982500.0,-36.35184
1179982656.25,-36.3564
1179982812.5,-36.34229
1179982968.75,-36.35431
1179983125.0,-36.35858
1179983281.25,-36.34069
1179983437.5,-36.34607
1179983593.75,-36.34494
1179983750.0,-36.35706
1179983906.25,-36.34769
1179984062.5,-36.3362
1179984218.75,-36.33823
1179984375.0,-36.33325
1179984531.25,-36.32892
1179984687.5,-36.33369
1179984843.75,-36.34143
1179985000.0,-36.33384
1179985156.25,-36.33161
1179985312.5,-36.33391
1179985468.75,-36.34164
1179985625.0,-36.32715
1179985781.25,-36.34513
1179985937.5,-36.34061
1179986093.75,-36.33438
1179986250.0,-36.32948
1179986406.25,-36.33019
1179986562.5,-36.32904
1179986718.75,-36.32049
1179986875.0,-36.31673
1179987031.25,-36.31046
1179987187.5,-36.32071
1179987343.75,-36.32816
1179987500.0,-36.31769
1179987656.25,-36.31076
1179987812.5,-36.32113
1179987968.75,-36.3178
1179988125.0,-36.31659
1179988281.25,-36.30809
1179988437.5,-36.32543
1179988593.75,-36.32135
1179988750.0,-36.31838
1179988906.25,-36.30906
1179989062.5,-36.30075
1179989218.75,-36.30471
1179989375.0,-36.3117
1179989531.25,-36.31414
1179989687.5,-36.29583
1179989843.75,-36.29782
1179990000.0,-36.3047
1179990156.25,-36.30616
1179990312.5,-36.29783
1179990468.75,-36.3098
1179990625.0,-36.30571
1179990781.25,-36.29363
1179990937.5,-36.29761
1179991093.75,-36.29401
1179991250.0,-36.30782
1179991406.25,-36.2914
1179991562.5,-36.28934
1179991718.75,-36.28672
1179991875.0,-36.27997
1179992031.25,-36.29403
1179992187.5,-36.28623
1179992343.75,-36.29989
1179992500.0,-36.28433
1179992656.25,-36.2803
1179992812.5,-36.28282
1179992968.75,-36.28162
1179993125.0,-36.2845
1179993281.25,-36.27519
1179993437.5,-36.27777
1179993593.75,-36.27547
1179993750.0,-36.27797
1179993906.25,-36.27961
1179994062.5,-36.28338
1179994218.75,-36.27477
1179994375.0,-36.26919
1179994531.25,-36.26194
1179994687.5,-36.27407
1179994843.75,-36.27152
1179995000.0,-36.26365
1179995156.25,-36.26115
1179995312.5,-36.26913
1179995468.75,-36.27884
1179995625.0,-36.26697
1179995781.25,-36.27197
1179995937.5,-36.27066
1179996093.75,-36.2583
1179996250.0,-36.26644
1179996406.25,-36.26226
1179996562.5,-36.26578
1179996718.75,-36.26114
1179996875.0,-36.26488
1179997031.25,-36.26474
1179997187.5,-36.25018
1179997343.75,-36.24622
1179997500.0,-36.2569
1179997656.25,-36.25085
1179997812.5,-36.2577
1179997968.75,-36.26192
1179998125.0,-36.25463
1179998281.25,-36.25092
1179998437.5,-36.25008
1179998593.75,-36.25743
1179998750.0,-36.23822
1179998906.25,-36.24771
1179999062.5,-36.24115
1179999218.75,-36.25572
1179999375.0,-36.24517
1179999531.25,-36.24199
1179999687.5,-36.23121
1179999843.75,-36.24775
1180000000.0,-36.23308
1180000156.25,-36.2331
1180000312.5,-36.23866
1180000468.75,-36.22889
1180000625.0,-36.24423
1180000781.25,-36.2415
1180000937.5,-36.23691
1180001093.75,-36.2282
1180001250.0,-36.22543
1180001406.25,-36.23307
1180001562.5,-36.22742
1180001718.75,-36.22775
1180001875.0,-36.22271
1180002031.25,-36.22282
1180002187.5,-36.22837
1180002343.75,-36.2207
1180002500.0,-36.21617
1180002656.25,-36.20997
1180002812.5,-36.22934
1180002968.75,-36.21436
1180003125.0,-36.21203
1180003281.25,-36.21477
1180003437.5,-36.2168
1180003593.75,-36.21872
1180003750.0,-36.21167
1180003906.25,-36.22491
1180004062.5,-36.22125
1180004218.75,-36.2086
1180004375.0,-36.21196
1180004531.25,-36.20648
1180004687.5,-36.21989
1180004843.75,-36.19584
1180005000.0,-36.2016
1180005156.25,-36.19448
1180005312.5,-36.2021
1180005468.75,-36.20353
1180005625.0,-36.2033
1180005781.25,-36.20014
1180005937.5,-36.19542
1180006093.75,-36.19831
1180006250.0,-36.19497
1180006406.25,-36.19243
1180006562.5,-36.19746
1180006718.75,-36.19746
1180006875.0,-36.18956
1180007031.25,-36.20157
1180007187.5,-36.19365
1180007343.75,-36.18208
1180007500.0,-36.19025
1180007656.25,-36.18219
1180007812.5,-36.19001
1180007968.75,-36.19631
1180008125.0,-36.18053
1180008281.25,-36.18272
1180008437.5,-36.19315
1180008593.75,-36.17555
1180008750.0,-36.1881
1180008906.25,-36.18041
1180009062.5,-36.17019
1180009218.75,-36.17937
1180009375.0,-36.17442
1180009531.25,-36.17152
1180009687.5,-36.17434
1180009843.75,-36.16943
1180010000.0,-36.1729
1180010156.25,-36.1668
1180010312.5,-36.17607
1180010468.75,-36.16983
1180010625.0,-36.17762
1180010781.25,-36.16503
1180010937.5,-36.17869
1180011093.75,-36.15665
1180011250.0,-36.16658
1180011406.25,-36.15979
1180011562.5,-36.16612
1180011718.75,-36.15816
1180011875.0,-36.16221
1180012031.25,-36.16142
1180012187.5,-36.16774
1180012343.75,-36.16135
1180012500.0,-36.15297
1180012656.25,-36.16201
1180012812.5,-36.16128
1180012968.75,-36.14935
1180013125.0,-36.1483
1180013281.25,-36.15178
1180013437.5,-36.14096
1180013593.75,-36.13671
1180013750.0,-36.14761
1180013906.25,-36.14064
1180014062.5,-36.14064
1180014218.75,-36.14989
1180014375.0,-36.14741
1180014531.25,-36.14308
1180014687.5,-36.14149
1180014843.75,-36.1289
1180015000.0,-36.14534
1180015156.25,-36.14252
1180015312.5,-36.13723
1180015468.75,-36.12949
1180015625.0,-36.1286
1180015781.25,-36.13488
1180015937.5,-36.13723
1180016093.75,-36.13883
1180016250.0,-36.13398
1180016406.25,-36.13881
1180016562.5,-36.14333
1180016718.75,-36.12829
1180016875.0,-36.12178
1180017031.25,-36.13099
1180017187.5,-36.12458
1180017343.75,-36.12677
1180017500.0,-36.12084
1180017656.25,-36.12288
1180017812.5,-36.13015
1180017968.75,-36.11949
1180018125.0,-36.1194
1180018281.25,-36.11914
1180018437.5,-36.10609
1180018593.75,-36.11458
1180018750.0,-36.10769
1180018906.25,-36.12027
1180019062.5,-36.10699
1180019218.75,-36.11975
1180019375.0,-36.10719
1180019531.25,-36.10885
1180019687.5,-36.1062
1180019843.75,-36.11223
1180020000.0,-36.1076
1180020156.25,-36.10848
1180020312.5,-36.10122
1180020468.75,-36.11115
1180020625.0,-36.12089
1180020781.25,-36.10818
1180020937.5,-36.10818
1180021093.75,-36.09925
1180021250.0,-36.08385
1180021406.25,-36.08866
1180021562.5,-36.08815
1180021718.75,-36.09986
1180021875.0,-36.09317
1180022031.25,-36.09375
1180022187.5,-36.09435
1180022343.75,-36.08278
1180022500.0,-36.08337
1180022656.25,-36.08717
1180022812.5,-36.08835
1180022968.75,-36.08816
1180023125.0,-36.09048
1180023281.25,-36.08357
1180023437.5,-36.09142
1180023593.75,-36.07408
1180023750.0,-36.08918
1180023906.25,-36.07852
1180024062.5,-36.07429
1180024218.75,-36.07642
1180024375.0,-36.08115
1180024531.25,-36.07743
1180024687.5,-36.07585
1180024843.75,-36.06701
1180025000.0,-36.06541
1180025156.25,-36.06368
1180025312.5,-36.07062
1180025468.75,-36.06814
1180025625.0,-36.06465
1180025781.25,-36.06838
1180025937.5,-36.07478
1180026093.75,-36.07796
1180026250.0,-36.08058
1180026406.25,-36.0719
1180026562.5,-36.0583
1180026718.75,-36.06741
1180026875.0,-36.04964
1180027031.25,-36.06831
1180027187.5,-36.05646
1180027343.75,-36.06261
1180027500.0,-36.05824
1180027656.25,-36.05126
1180027812.5,-36.05779
1180027968.75,-36.05159
1180028125.0,-36.06064
1180028281.25,-36.05258
1180028437.5,-36.04801
1180028593.75,-36.04681
1180028750.0,-36.04541
1180028906.25,-36.0599
1180029062.5,-36.04702
1180029218.75,-36.03407
1180029375.0,-36.05703
1180029531.25,-36.04839
1180029687.5,-36.03708
1180029843.75,-36.03751
1180030000.0,-36.04175
1180030156.25,-36.0457
1180030312.5,-36.04396
1180030468.75,-36.03801
1180030625.0,-36.03151
1180030781.25,-36.03716
1180030937.5,-36.04229
1180031093.75,-36.02542
1180031250.0,-36.02381
1180031406.25,-36.02594
1180031562.5,-36.03426
1180031718.75,-36.03194
1180031875.0,-36.02367
1180032031.25,-36.02273
1180032187.5,-36.02283
1180032343.75,-36.02895
1180032500.0,-36.03249
1180032656.25,-36.01358
1180032812.5,-36.02684
1180032968.75,-36.01674
1180033125.0,-36.02644
1180033281.25,-36.02011
1180033437.5,-36.01612
1180033593.75,-36.01411
1180033750.0,-36.01896
1180033906.25,-36.0122
1180034062.5,-36.00772
1180034218.75,-36.00923
1180034375.0,-36.01099
1180034531.25,-36.01347
1180034687.5,-36.00645
1180034843.75,-36.0063
1180035000.0,-36.00659
1180035156.25,-36.00291
1180035312.5,-36.00736
1180035468.75,-36.00238
1180035625.0,-36.00701
1180035781.25,-35.98871
1180035937.5,-36.0039
1180036093.75,-36.00536
1180036250.0,-35.9953
1180036406.25,-35.99522
1180036562.5,-35.99929
1180036718.75,-35.99802
1180036875.0,-35.9999
1180037031.25,-35.98326
1180037187.5,-35.99997
1180037343.75,-35.98969
1180037500.0,-35.98055
1180037656.25,-35.98367
1180037812.5,-35.98354
1180037968.75,-35.98468
1180038125.0,-35.99229
1180038281.25,-35.99248
1180038437.5,-35.99175
1180038593.75,-35.98682
1180038750.0,-35.97896
1180038906.25,-35.98677
1180039062.5,-35.9896
1180039218.75,-35.9792
1180039375.0,-35.97668
1180039531.25,-35.966
1180039687.5,-35.97554
1180039843.75,-35.97336
1180040000.0,-35.97917
1180040156.25,-35.96889
1180040312.5,-35.9766
1180040468.75,-35.98108
1180040625.0,-35.97349
1180040781.25,-35.96058
1180040937.5,-35.97775
1180041093.75,-35.95818
1180041250.0,-35.97081
1180041406.25,-35.97299
1180041562.5,-35.98141
1180041718.75,-35.95874
1180041875.0,-35.96934
1180042031.25,-35.96482
1180042187.5,-35.94561
1180042343.75,-35.96972
1180042500.0,-35.95227
1180042656.25,-35.95483
1180042812.5,-35.95081
1180042968.75,-35.95385
1180043125.0,-35.9539
1180043281.25,-35.95188
1180043437.5,-35.95478
1180043593.75,-35.95383
1180043750.0,-35.94155
1180043906.25,-35.95324
1180044062.5,-35.92805
1180044218.75,-35.93586
1180044375.0,-35.94613
1180044531.25,-35.93041
1180044687.5,-35.95505
1180044843.75,-35.94453
1180045000.0,-35.93987
1180045156.25,-35.93685
1180045312.5,-35.93391
1180045468.75,-35.93823
1180045625.0,-35.93004
1180045781.25,-35.94884
1180045937.5,-35.93949
1180046093.75,-35.93357
1180046250.0,-35.92389
1180046406.25,-35.91864
1180046562.5,-35.92325
1180046718.75,-35.92768
1180046875.0,-35.92765
1180047031.25,-35.91277
1180047187.5,-35.93158
1180047343.75,-35.9274
1180047500.0,-35.91996
1180047656.25,-35.93063
1180047812.5,-35.92003
1180047968.75,-35.92061
1180048125.0,-35.911
1180048281.25,-35.9048
1180048437.5,-35.91491
1180048593.75,-35.92147
1180048750.0,-35.91658
1180048906.25,-35.91711
1180049062.5,-35.91887
1180049218.75,-35.91751
1180049375.0,-35.9126
1180049531.25,-35.90519
1180049687.5,-35.91655
1180049843.75,-35.90196
1180050000.0,-35.90606
1180050156.25,-35.90665
1180050312.5,-35.90774
1180050468.75,-35.9066
1180050625.0,-35.89971
1180050781.25,-35.89912
1180050937.5,-35.8916
1180051093.75,-35.91178
1180051250.0,-35.9034
1180051406.25,-35.89902
1180051562.5,-35.88885
1180051718.75,-35.89107
1180051875.0,-35.87807
1180052031.25,-35.89506
1180052187.5,-35.89128
1180052343.75,-35.89124
1180052500.0,-35.89895
1180052656.25,-35.89666
1180052812.5,-35.88512
1180052968.75,-35.88455
1180053125.0,-35.88723
1180053281.25,-35.87912
1180053437.5,-35.88074
1180053593.75,-35.87384
1180053750.0,-35.87791
1180053906.25,-35.88186
1180054062.5,-35.8833
1180054218.75,-35.88205
1180054375.0,-35.87173
1180054531.25,-35.88083
1180054687.5,-35.86266
1180054843.75,-35.87769
1180055000.0,-35.87139
1180055156.25,-35.87708
1180055312.5,-35.87148
1180055468.75,-35.87879
1180055625.0,-35.86741
1180055781.25,-35.86403
1180055937.5,-35.87071
1180056093.75,-35.85488
1180056250.0,-35.85331
1180056406.25,-35.85405
1180056562.5,-35.85933
1180056718.75,-35.8691
1180056875.0,-35.86066
1180057031.25,-35.85913
1180057187.5,-35.86028
1180057343.75,-35.84741
1180057500.0,-35.8538
1180057656.25,-35.86504
1180057812.5,-35.84493
1180057968.75,-35.84135
1180058125.0,-35.8526
1180058281.25,-35.84163
1180058437.5,-35.8468
1180058593.75,-35.85649
1180058750.0,-35.8445
1180058906.25,-35.85217
1180059062.5,-35.83627
1180059218.75,-35.84463
1180059375.0,-35.84335
1180059531.25,-35.84257
1180059687.5,-35.83921
1180059843.75,-35.83736
1180060000.0,-35.82846
1180060156.25,-35.8502
1180060312.5,-35.82563
1180060468.75,-35.82759
1180060625.0,-35.83719
1180060781.25,-35.82775
1180060937.5,-35.81755
1180061093.75,-35.83554
1180061250.0,-35.83036
1180061406.25,-35.83177
1180061562.5,-35.81913
1180061718.75,-35.82517
1180061875.0,-35.82951
1180062031.25,-35.81942
1180062187.5,-35.81253
1180062343.75,-35.82033
1180062500.0,-35.82184
1180062656.25,-35.81875
1180062812.5,-35.82153
1180062968.75,-35.82661
1180063125.0,-35.82135
1180063281.25,-35.82358
1180063437.5,-35.82224
1180063593.75,-35.81168
1180063750.0,-35.81792
1180063906.25,-35.80951
1180064062.5,-35.81055
1180064218.75,-35.8114
1180064375.0,-35.79552
1180064531.25,-35.80993
1180064687.5,-35.79826
1180064843.75,-35.80534
1180065000.0,-35.79531
1180065156.25,-35.805
1180065312.5,-35.80043
1180065468.75,-35.79951
1180065625.0,-35.79926
1180065781.25,-35.78666
1180065937.5,-35.81151
1180066093.75,-35.79294
1180066250.0,-35.79314
1180066406.25,-35.80051
1180066562.5,-35.79779
1180066718.75,-35.79702
1180066875.0,-35.79084
1180067031.25,-35.78671
1180067187.5,-35.79262
1180067343.75,-35.79142
1180067500.0,-35.78405
1180067656.25,-35.78391
1180067812.5,-35.7827
1180067968.75,-35.78352
1180068125.0,-35.78266
1180068281.25,-35.77289
1180068437.5,-35.78628
1180068593.75,-35.77806
1180068750.0,-35.78176
1180068906.25,-35.78794
1180069062.5,-35.78419
1180069218.75,-35.76934
1180069375.0,-35.76906
1180069531.25,-35.77274
1180069687.5,-35.78019
1180069843.75,-35.7696
1180070000.0,-35.77422
1180070156.25,-35.76716
1180070312.5,-35.78559
1180070468.75,-35.76608
1180070625.0,-35.75717
1180070781.25,-35.77085
1180070937.5,-35.77569
1180071093.75,-35.77957
1180071250.0,-35.76971
1180071406.25,-35.76181
1180071562.5,-35.76257
1180071718.75,-35.76041
1180071875.0,-35.75284
1180072031.25,-35.74769
1180072187.5,-35.76365
1180072343.75,-35.75117
1180072500.0,-35.75423
1180072656.25,-35.74238
1180072812.5,-35.75141
1180072968.75,-35.73782
1180073125.0,-35.74551
1180073281.25,-35.74755
1180073437.5,-35.75251
1180073593.75,-35.73664
1180073750.0,-35.74397
1180073906.25,-35.73597
1180074062.5,-35.75575
1180074218.75,-35.74397
1180074375.0,-35.73489
1180074531.25,-35.73671
1180074687.5,-35.73737
1180074843.75,-35.73676
1180075000.0,-35.73484
1180075156.25,-35.7369
1180075312.5,-35.73838
1180075468.75,-35.74113
1180075625.0,-35.739
1180075781.25,-35.7218
1180075937.5,-35.72307
1180076093.75,-35.74274
1180076250.0,-35.72927
1180076406.25,-35.72189
1180076562.5,-35.72906
1180076718.75,-35.72849
1180076875.0,-35.7298
1180077031.25,-35.71889
1180077187.5,-35.72649
1180077343.75,-35.71568
1180077500.0,-35.72194
1180077656.25,-35.70826
1180077812.5,-35.70558
1180077968.75,-35.71391
1180078125.0,-35.71072
1180078281.25,-35.70218
1180078437.5,-35.7061
1180078593.75,-35.70956
1180078750.0,-35.70872
1180078906.25,-35.69728
1180079062.5,-35.71557
1180079218.75,-35.71693
1180079375.0,-35.71334
1180079531.25,-35.71013
1180079687.5,-35.70216
1180079843.75,-35.70415
1180080000.0,-35.69546
1180080156.25,-35.70942
1180080312.5,-35.6948
1180080468.75,-35.69411
1180080625.0,-35.70747
1180080781.25,-35.69736
1180080937.5,-35.68874
1180081093.75,-35.68322
1180081250.0,-35.68755
1180081406.25,-35.69123
1180081562.5,-35.68495
1180081718.75,-35.68502
1180081875.0,-35.67918
1180082031.25,-35.68797
1180082187.5,-35.68956
1180082343.75,-35.67751
1180082500.0,-35.68662
1180082656.25,-35.67295
1180082812.5,-35.68093
1180082968.75,-35.68882
1180083125.0,-35.67602
1180083281.25,-35.67274
1180083437.5,-35.68181
1180083593.75,-35.66424
1180083750.0,-35.66426
1180083906.25,-35.67292
1180084062.5,-35.6795
1180084218.75,-35.663
1180084375.0,-35.67453
1180084531.25,-35.6799
1180084687.5,-35.66585
1180084843.75,-35.67356
1180085000.0,-35.6667
1180085156.25,-35.66671
1180085312.5,-35.66846
1180085468.75,-35.66531
1180085625.0,-35.64826
1180085781.25,-35.65804
1180085937.5,-35.65267
1180086093.75,-35.66296
1180086250.0,-35.64416
1180086406.25,-35.6623
1180086562.5,-35.6433
1180086718.75,-35.65462
1180086875.0,-35.65082
1180087031.25,-35.64989
1180087187.5,-35.64113
1180087343.75,-35.65162
1180087500.0,-35.66024
1180087656.25,-35.65543
1180087812.5,-35.64861
1180087968.75,-35.65188
1180088125.0,-35.65075
1180088281.25,-35.63995
1180088437.5,-35.65127
1180088593.75,-35.64102
1180088750.0,-35.63367
1180088906.25,-35.63728
1180089062.5,-35.61896
1180089218.75,-35.63381
1180089375.0,-35.63945
1180089531.25,-35.63313
1180089687.5,-35.63935
1180089843.75,-35.6424
1180090000.0,-35.62526
1180090156.25,-35.63482
1180090312.5,-35.62572
1180090468.75,-35.62031
1180090625.0,-35.62666
1180090781.25,-35.62542
1180090937.5,-35.62395
1180091093.75,-35.61934
1180091250.0,-35.62645
1180091406.25,-35.62494
1180091562.5,-35.61658
1180091718.75,-35.62737
1180091875.0,-35.61867
1180092031.25,-35.61952
1180092187.5,-35.61482
1180092343.75,-35.61946
1180092500.0,-35.60646
1180092656.25,-35.61448
1180092812.5,-35.61977
1180092968.75,-35.60744
1180093125.0,-35.60186
1180093281.25,-35.59636
1180093437.5,-35.59627
1180093593.75,-35.6157
1180093750.0,-35.60442
1180093906.25,-35.59566
1180094062.5,-35.5985
1180094218.75,-35.59491
1180094375.0,-35.60018
1180094531.25,-35.59883
1180094687.5,-35.59184
1180094843.75,-35.60647
1180095000.0,-35.59058
1180095156.25,-35.5878
1180095312.5,-35.59948
1180095468.75,-35.59677
1180095625.0,-35.59386
1180095781.25,-35.57516
1180095937.5,-35.58311
1180096093.75,-35.59104
1180096250.0,-35.58495
1180096406.25,-35.57368
1180096562.5,-35.5786
1180096718.75,-35.58569
1180096875.0,-35.58071
1180097031.25,-35.58867
1180097187.5,-35.58207
1180097343.75,-35.57991
1180097500.0,-35.56912
1180097656.25,-35.58246
1180097812.5,-35.57647
1180097968.75,-35.57616
1180098125.0,-35.5785
1180098281.25,-35.56598
1180098437.5,-35.56666
1180098593.75,-35.56717
1180098750.0,-35.56349
1180098906.25,-35.56625
1180099062.5,-35.56591
1180099218.75,-35.5587
1180099375.0,-35.55589
1180099531.25,-35.55521
1180099687.5,-35.55807
1180099843.75,-35.57246
1180100000.0,-35.55551
1180100156.25,-35.55641
1180100312.5,-35.55325
1180100468.75,-35.56168
1180100625.0,-35.54885
1180100781.25,-35.5566
1180100937.5,-35.54458
1180101093.75,-35.55138
1180101250.0,-35.54711
1180101406.25,-35.55012
1180101562.5,-35.54494
1180101718.75,-35.5475
1180101875.0,-35.54816
1180102031.25,-35.54409
1180102187.5,-35.54184
1180102343.75,-35.54493
1180102500.0,-35.55381
1180102656.25,-35.53593
1180102812.5,-35.54276
1180102968.75,-35.53004
1180103125.0,-35.54575
1180103281.25,-35.5275
1180103437.5,-35.53101
1180103593.75,-35.52548
1180103750.0,-35.53216
1180103906.25,-35.53093
1180104062.5,-35.53471
1180104218.75,-35.52652
1180104375.0,-35.53688
1180104531.25,-35.5341
1180104687.5,-35.52573
1180104843.75,-35.52397
1180105000.0,-35.52345
1180105156.25,-35.52169
1180105312.5,-35.52246
1180105468.75,-35.51019
1180105625.0,-35.51169
1180105781.25,-35.51095
1180105937.5,-35.50405
1180106093.75,-35.50828
1180106250.0,-35.51888
1180106406.25,-35.51199
1180106562.5,-35.50715
1180106718.75,-35.51074
1180106875.0,-35.51894
1180107031.25,-35.51784
1180107187.5,-35.50528
1180107343.75,-35.50432
1180107500.0,-35.49509
1180107656.25,-35.50264
1180107812.5,-35.51031
1180107968.75,-35.50378
1180108125.0,-35.51021
1180108281.25,-35.50145
1180108437.5,-35.49312
1180108593.75,-35.4928
1180108750.0,-35.49036
1180108906.25,-35.48842
1180109062.5,-35.47398
1180109218.75,-35.48945
1180109375.0,-35.49107
1180109531.25,-35.48069
1180109687.5,-35.49585
1180109843.75,-35.48974
1180110000.0,-35.48941
1180110156.25,-35.47671
1180110312.5,-35.49
1180110468.75,-35.48053
1180110625.0,-35.48523
1180110781.25,-35.49247
1180110937.5,-35.47858
1180111093.75,-35.48181
1180111250.0,-35.47723
1180111406.25,-35.48523
1180111562.5,-35.47136
1180111718.75,-35.47461
1180111875.0,-35.47101
1180112031.25,-35.46843
1180112187.5,-35.47883
1180112343.75,-35.47575
1180112500.0,-35.46524
1180112656.25,-35.47168
1180112812.5,-35.46306
1180112968.75,-35.46616
1180113125.0,-35.46611
1180113281.25,-35.46707
1180113437.5,-35.46594
1180113593.75,-35.46776
1180113750.0,-35.45956
1180113906.25,-35.46562
1180114062.5,-35.46598
1180114218.75,-35.45218
1180114375.0,-35.46242
1180114531.25,-35.4533
1180114687.5,-35.46452
1180114843.75,-35.45267
1180115000.0,-35.46248
1180115156.25,-35.45298
1180115312.5,-35.44654
1180115468.75,-35.44093
1180115625.0,-35.45644
1180115781.25,-35.44666
1180115937.5,-35.44428
1180116093.75,-35.44955
1180116250.0,-35.44821
1180116406.25,-35.44338
1180116562.5,-35.43662
1180116718.75,-35.44394
1180116875.0,-35.44502
1180117031.25,-35.43271
1180117187.5,-35.43445
1180117343.75,-35.43643
1180117500.0,-35.43684
1180117656.25,-35.42443
1180117812.5,-35.43407
1180117968.75,-35.43311
1180118125.0,-35.43395
1180118281.25,-35.43311
1180118437.5,-35.41848
1180118593.75,-35.42691
1180118750.0,-35.42541
1180118906.25,-35.41523
1180119062.5,-35.41465
1180119218.75,-35.41824
1180119375.0,-35.41502
1180119531.25,-35.4243
1180119687.5,-35.42665
1180119843.75,-35.42336
1180120000.0,-35.42495
1180120156.25,-35.41131
1180120312.5,-35.41484
1180120468.75,-35.41387
1180120625.0,-35.41765
1180120781.25,-35.41412
1180120937.5,-35.41673
1180121093.75,-35.40906
1180121250.0,-35.39608
1180121406.25,-35.40675
1180121562.5,-35.40797
1180121718.75,-35.41212
1180121875.0,-35.40865
1180122031.25,-35.40879
1180122187.5,-35.39928
1180122343.75,-35.41176
1180122500.0,-35.39504
1180122656.25,-35.38632
1180122812.5,-35.40133
1180122968.75,-35.39685
1180123125.0,-35.39425
1180123281.25,-35.40182
1180123437.5,-35.39426
1180123593.75,-35.38872
1180123750.0,-35.39521
1180123906.25,-35.39575
1180124062.5,-35.38389
1180124218.75,-35.38248
1180124375.0,-35.38681
1180124531.25,-35.37831
1180124687.5,-35.38681
1180124843.75,-35.38335
1180125000.0,-35.37334
1180125156.25,-35.3746
1180125312.5,-35.3795
1180125468.75,-35.37095
1180125625.0,-35.37546
1180125781.25,-35.37662
1180125937.5,-35.37557
1180126093.75,-35.37769
1180126250.0,-35.37161
1180126406.25,-35.38074
1180126562.5,-35.37796
1180126718.75,-35.37485
1180126875.0,-35.36189
1180127031.25,-35.36539
1180127187.5,-35.37783
1180127343.75,-35.35398
1180127500.0,-35.37754
1180127656.25,-35.35411
1180127812.5,-35.36331
1180127968.75,-35.34994
1180128125.0,-35.35922
1180128281.25,-35.35696
1180128437.5,-35.35362
1180128593.75,-35.3524
1180128750.0,-35.35489
1180128906.25,-35.35211
1180129062.5,-35.34577
1180129218.75,-35.34791
1180129375.0,-35.33873
1180129531.25,-35.34851
1180129687.5,-35.34087
1180129843.75,-35.34261
1180130000.0,-35.34078
1180130156.25,-35.34002
1180130312.5,-35.33695
1180130468.75,-35.3337
1180130625.0,-35.34491
1180130781.25,-35.3366
1180130937.5,-35.32669
1180131093.75,-35.3441
1180131250.0,-35.33406
1180131406.25,-35.33794
1180131562.5,-35.32325
1180131718.75,-35.32581
1180131875.0,-35.32484
1180132031.25,-35.32693
1180132187.5,-35.32584
1180132343.75,-35.3335
1180132500.0,-35.32538
1180132656.25,-35.33413
1180132812.5,-35.32885
1180132968.75,-35.31723
1180133125.0,-35.32136
1180133281.25,-35.32427
1180133437.5,-35.32468
1180133593.75,-35.31587
1180133750.0,-35.31178
1180133906.25,-35.3318
1180134062.5,-35.32603
1180134218.75,-35.31062
1180134375.0,-35.31408
1180134531.25,-35.31545
1180134687.5,-35.31592
1180134843.75,-35.30865
1180135000.0,-35.31486
1180135156.25,-35.30152
1180135312.5,-35.29675
1180135468.75,-35.30242
1180135625.0,-35.30048
1180135781.25,-35.30745
1180135937.5,-35.30211
1180136093.75,-35.3004
1180136250.0,-35.29717
1180136406.25,-35.30051
1180136562.5,-35.29735
1180136718.75,-35.29712
1180136875.0,-35.29206
1180137031.25,-35.28813
1180137187.5,-35.29832
1180137343.75,-35.29382
1180137500.0,-35.29564
1180137656.25,-35.29354
1180137812.5,-35.28814
1180137968.75,-35.28318
1180138125.0,-35.28527
1180138281.25,-35.2808
1180138437.5,-35.28382
1180138593.75,-35.28658
1180138750.0,-35.27806
1180138906.25,-35.27744
1180139062.5,-35.28315
1180139218.75,-35.26569
1180139375.0,-35.27781
1180139531.25,-35.27044
1180139687.5,-35.26975
1180139843.75,-35.26647
1180140000.0,-35.27546
1180140156.25,-35.27069
1180140312.5,-35.28028
1180140468.75,-35.26539
1180140625.0,-35.26262
1180140781.25,-35.2636
1180140937.5,-35.26729
1180141093.75,-35.25935
1180141250.0,-35.25976
1180141406.25,-35.26297
1180141562.5,-35.26995
1180141718.75,-35.2635
1180141875.0,-35.25325
1180142031.25,-35.25132
1180142187.5,-35.2494
1180142343.75,-35.25723
1180142500.0,-35.25722
1180142656.25,-35.26302
1180142812.5,-35.25442
1180142968.75,-35.25329
1180143125.0,-35.24465
1180143281.25,-35.25471
1180143437.5,-35.24476
1180143593.75,-35.24569
1180143750.0,-35.25076
1180143906.25,-35.24958
1180144062.5,-35.24321
1180144218.75,-35.24128
1180144375.0,-35.23658
1180144531.25,-35.24251
1180144687.5,-35.23777
1180144843.75,-35.23248
1180145000.0,-35.22662
1180145156.25,-35.22938
1180145312.5,-35.23433
1180145468.75,-35.2282
1180145625.0,-35.22802
1180145781.25,-35.23342
1180145937.5,-35.22798
1180146093.75,-35.21922
1180146250.0,-35.21478
1180146406.25,-35.23051
1180146562.5,-35.21326
1180146718.75,-35.22149
1180146875.0,-35.21552
1180147031.25,-35.21959
1180147187.5,-35.21409
1180147343.75,-35.22684
1180147500.0,-35.21604
1180147656.25,-35.21374
1180147812.5,-35.22178
1180147968.75,-35.21052
1180148125.0,-35.21046
1180148281.25,-35.21934
1180148437.5,-35.20611
1180148593.75,-35.20821
1180148750.0,-35.21521
1180148906.25,-35.22322
1180149062.5,-35.20481
1180149218.75,-35.19627
1180149375.0,-35.20369
1180149531.25,-35.1942
1180149687.5,-35.2031
1180149843.75,-35.19797
1180150000.0,-35.2095
1180150156.25,-35.19358
1180150312.5,-35.19107
1180150468.75,-35.19217
1180150625.0,-35.18716
1180150781.25,-35.1969
1180150937.5,-35.19477
1180151093.75,-35.19394
1180151250.0,-35.18593
1180151406.25,-35.17874
1180151562.5,-35.18653
1180151718.75,-35.17959
1180151875.0,-35.18866
1180152031.25,-35.18914
1180152187.5,-35.18323
1180152343.75,-35.1785
1180152500.0,-35.176
1180152656.25,-35.17669
1180152812.5,-35.18162
1180152968.75,-35.17658
1180153125.0,-35.16994
1180153281.25,-35.17091
1180153437.5,-35.15558
1180153593.75,-35.17196
1180153750.0,-35.17689
1180153906.25,-35.17925
1180154062.5,-35.17195
1180154218.75,-35.16519
1180154375.0,-35.1637
1180154531.25,-35.16873
1180154687.5,-35.16803
1180154843.75,-35.16182
1180155000.0,-35.16385
1180155156.25,-35.15351
1180155312.5,-35.16519
1180155468.75,-35.15128
1180155625.0,-35.15606
1180155781.25,-35.15671
1180155937.5,-35.1582
1180156093.75,-35.15947
1180156250.0,-35.15083
1180156406.25,-35.14243
1180156562.5,-35.15983
1180156718.75,-35.14421
1180156875.0,-35.15897
1180157031.25,-35.15208
1180157187.5,-35.15133
1180157343.75,-35.14789
1180157500.0,-35.14344
1180157656.25,-35.14147
1180157812.5,-35.13364
1180157968.75,-35.13913
1180158125.0,-35.12902
1180158281.25,-35.1347
1180158437.5,-35.1368
1180158593.75,-35.13395
1180158750.0,-35.11986
1180158906.25,-35.12953
1180159062.5,-35.12776
1180159218.75,-35.14231
1180159375.0,-35.12953
1180159531.25,-35.12127
1180159687.5,-35.12843
1180159843.75,-35.12953
1180160000.0,-35.12268
1180160156.25,-35.11407
1180160312.5,-35.12024
1180160468.75,-35.12136
1180160625.0,-35.12319
1180160781.25,-35.12106
1180160937.5,-35.12391
1180161093.75,-35.12706
1180161250.0,-35.11506
1180161406.25,-35.11063
1180161562.5,-35.11887
1180161718.75,-35.11588
1180161875.0,-35.10851
1180162031.25,-35.11228
1180162187.5,-35.12097
1180162343.75,-35.09266
1180162500.0,-35.09924
1180162656.25,-35.10742
1180162812.5,-35.10279
1180162968.75,-35.10616
1180163125.0,-35.11275
1180163281.25,-35.09254
1180163437.5,-35.0952
1180163593.75,-35.09606
1180163750.0,-35.09536
1180163906.25,-35.08389
1180164062.5,-35.09628
1180164218.75,-35.09407
1180164375.0,-35.09759
1180164531.25,-35.08579
1180164687.5,-35.08171
1180164843.75,-35.09414
1180165000.0,-35.09409
1180165156.25,-35.07826
1180165312.5,-35.07621
1180165468.75,-35.08983
1180165625.0,-35.08314
1180165781.25,-35.08907
1180165937.5,-35.0848
1180166093.75,-35.08523
1180166250.0,-35.06963
1180166406.25,-35.07762
1180166562.5,-35.07098
1180166718.75,-35.07287
1180166875.0,-35.0802
1180167031.25,-35.07138
1180167187.5,-35.06777
1180167343.75,-35.06767
1180167500.0,-35.0626
1180167656.25,-35.06339
1180167812.5,-35.07504
1180167968.75,-35.06538
1180168125.0,-35.06309
1180168281.25,-35.07148
1180168437.5,-35.05581
1180168593.75,-35.06062
1180168750.0,-35.06151
1180168906.25,-35.05856
1180169062.5,-35.06552
1180169218.75,-35.05614
1180169375.0,-35.05503
1180169531.25,-35.06083
1180169687.5,-35.04653
1180169843.75,-35.04341
1180170000.0,-35.04713
1180170156.25,-35.05553
1180170312.5,-35.05176
1180170468.75,-35.0547
1180170625.0,-35.04783
1180170781.25,-35.0452
1180170937.5,-35.03833
1180171093.75,-35.03926
1180171250.0,-35.0456
1180171406.25,-35.04173
1180171562.5,-35.04721
1180171718.75,-35.04008
1180171875.0,-35.03539
1180172031.25,-35.02665
1180172187.5,-35.03012
1180172343.75,-35.02721
1180172500.0,-35.02439
1180172656.25,-35.0299
1180172812.5,-35.02439
1180172968.75,-35.03309
1180173125.0,-35.02625
1180173281.25,-35.02855
1180173437.5,-35.02169
1180173593.75,-35.0204
1180173750.0,-35.02812
1180173906.25,-35.01311
1180174062.5,-35.01381
1180174218.75,-35.015
1180174375.0,-35.01516
1180174531.25,-35.00853
1180174687.5,-35.01062
1180174843.75,-35.01662
1180175000.0,-35.00641
1180175156.25,-35.00986
1180175312.5,-35.01115
1180175468.75,-35.00872
1180175625.0,-35.01502
1180175781.25,-35.0068
1180175937.5,-35.00242
1180176093.75,-35.01472
1180176250.0,-35.00214
1180176406.25,-35.00618
1180176562.5,-35.00441
1180176718.75,-34.99077
1180176875.0,-34.99899
1180177031.25,-34.9958
1180177187.5,-34.99974
1180177343.75,-34.99968
1180177500.0,-34.99165
1180177656.25,-34.99411
1180177812.5,-34.98373
1180177968.75,-34.99398
1180178125.0,-34.98634
1180178281.25,-34.99509
1180178437.5,-34.97663
1180178593.75,-34.98223
1180178750.0,-34.9908
1180178906.25,-34.97588
1180179062.5,-34.97851
1180179218.75,-34.9734
1180179375.0,-34.98131
1180179531.25,-34.97746
1180179687.5,-34.97873
1180179843.75,-34.97951
1180180000.0,-34.98381
1180180156.25,-34.97061
1180180312.5,-34.96619
1180180468.75,-34.98076
1180180625.0,-34.96606
1180180781.25,-34.96373
1180180937.5,-34.9616
1180181093.75,-34.97285
1180181250.0,-34.95667
1180181406.25,-34.95485
1180181562.5,-34.96741
1180181718.75,-34.97041
1180181875.0,-34.951
1180182031.25,-34.94918
1180182187.5,-34.95116
1180182343.75,-34.94937
1180182500.0,-34.94682
1180182656.25,-34.9573
1180182812.5,-34.95701
1180182968.75,-34.94782
1180183125.0,-34.94275
1180183281.25,-34.95443
1180183437.5,-34.94868
1180183593.75,-34.94159
1180183750.0,-34.94977
1180183906.25,-34.94254
1180184062.5,-34.9341
1180184218.75,-34.94576
1180184375.0,-34.93245
1180184531.25,-34.94674
1180184687.5,-34.93517
1180184843.75,-34.93823
1180185000.0,-34.93246
1180185156.25,-34.93203
1180185312.5,-34.93476
1180185468.75,-34.93589
1180185625.0,-34.93222
1180185781.25,-34.92229
1180185937.5,-34.92628
1180186093.75,-34.93594
1180186250.0,-34.92616
1180186406.25,-34.93316
1180186562.5,-34.91695
1180186718.75,-34.9181
1180186875.0,-34.91267
1180187031.25,-34.91445
1180187187.5,-34.91464
1180187343.75,-34.9077
1180187500.0,-34.92402
1180187656.25,-34.91563
1180187812.5,-34.9208
1180187968.75,-34.90958
1180188125.0,-34.9082
1180188281.25,-34.91169
1180188437.5,-34.90317
1180188593.75,-34.90689
1180188750.0,-34.90742
1180188906.25,-34.90255
1180189062.5,-34.89885
1180189218.75,-34.91244
1180189375.0,-34.90987
1180189531.25,-34.90383
1180189687.5,-34.90416
1180189843.75,-34.90218
1180190000.0,-34.89412
1180190156.25,-34.90031
1180190312.5,-34.89153
1180190468.75,-34.90137
1180190625.0,-34.89245
1180190781.25,-34.89438
1180190937.5,-34.88593
1180191093.75,-34.89597
1180191250.0,-34.88645
1180191406.25,-34.88264
1180191562.5,-34.89368
1180191718.75,-34.88884
1180191875.0,-34.88
1180192031.25,-34.89129
1180192187.5,-34.88165
1180192343.75,-34.88074
1180192500.0,-34.88163
1180192656.25,-34.86639
1180192812.5,-34.8686
1180192968.75,-34.87312
1180193125.0,-34.87852
1180193281.25,-34.88155
1180193437.5,-34.86153
1180193593.75,-34.86263
1180193750.0,-34.87595
1180193906.25,-34.87138
1180194062.5,-34.86266
1180194218.75,-34.87148
1180194375.0,-34.86393
1180194531.25,-34.86344
1180194687.5,-34.85487
1180194843.75,-34.85591
1180195000.0,-34.8534
1180195156.25,-34.85813
1180195312.5,-34.86908
1180195468.75,-34.84813
1180195625.0,-34.85629
1180195781.25,-34.84942
1180195937.5,-34.85527
1180196093.75,-34.8721
1180196250.0,-34.86383
1180196406.25,-34.84944
1180196562.5,-34.8501
1180196718.75,-34.84742
1180196875.0,-34.8463
1180197031.25,-34.85155
1180197187.5,-34.84982
1180197343.75,-34.84282
1180197500.0,-34.8378
1180197656.25,-34.84398
1180197812.5,-34.84081
1180197968.75,-34.8377
1180198125.0,-34.83373
1180198281.25,-34.83122
1180198437.5,-34.82736
1180198593.75,-34.83358
1180198750.0,-34.83235
1180198906.25,-34.82632
1180199062.5,-34.8251
1180199218.75,-34.82895
1180199375.0,-34.81386
1180199531.25,-34.82205
1180199687.5,-34.82446
1180199843.75,-34.82372
1180200000.0,-34.81419
1180200156.25,-34.8139
1180200312.5,-34.81458
1180200468.75,-34.8128
1180200625.0,-34.81489
1180200781.25,-34.82357
1180200937.5,-34.81293
1180201093.75,-34.82751
1180201250.0,-34.82029
1180201406.25,-34.80765
1180201562.5,-34.80409
1180201718.75,-34.8037
1180201875.0,-34.80518
1180202031.25,-34.80087
1180202187.5,-34.80362
1180202343.75,-34.80436
1180202500.0,-34.81135
1180202656.25,-34.79855
1180202812.5,-34.79716
1180202968.75,-34.79081
1180203125.0,-34.80033
1180203281.25,-34.79261
1180203437.5,-34.7887
1180203593.75,-34.80089
1180203750.0,-34.79107
1180203906.25,-34.79511
1180204062.5,-34.79512
1180204218.75,-34.78842
1180204375.0,-34.78631
1180204531.25,-34.7895
1180204687.5,-34.77807
1180204843.75,-34.79479
1180205000.0,-34.7846
1180205156.25,-34.78205
1180205312.5,-34.78277
1180205468.75,-34.77653
1180205625.0,-34.77311
1180205781.25,-34.77138
1180205937.5,-34.78342
1180206093.75,-34.77592
1180206250.0,-34.7695
1180206406.25,-34.77625
1180206562.5,-34.76712
1180206718.75,-34.77738
1180206875.0,-34.77182
1180207031.25,-34.77129
1180207187.5,-34.77309
1180207343.75,-34.75483
1180207500.0,-34.76194
1180207656.25,-34.75895
1180207812.5,-34.76242
1180207968.75,-34.75403
1180208125.0,-34.75455
1180208281.25,-34.75606
1180208437.5,-34.76215
1180208593.75,-34.74642
1180208750.0,-34.76321
1180208906.25,-34.75561
1180209062.5,-34.7534
1180209218.75,-34.75042
1180209375.0,-34.75927
1180209531.25,-34.73896
1180209687.5,-34.74829
1180209843.75,-34.73297
1180210000.0,-34.75087
1180210156.25,-34.74853
1180210312.5,-34.73441
1180210468.75,-34.73626
1180210625.0,-34.74199
1180210781.25,-34.73767
1180210937.5,-34.74623
1180211093.75,-34.73027
1180211250.0,-34.73735
1180211406.25,-34.73581
1180211562.5,-34.72672
1180211718.75,-34.72915
1180211875.0,-34.72679
1180212031.25,-34.73012
1180212187.5,-34.72779
1180212343.75,-34.72721
1180212500.0,-34.73376
1180212656.25,-34.72668
1180212812.5,-34.73289
1180212968.75,-34.72149
1180213125.0,-34.72103
1180213281.25,-34.71571
1180213437.5,-34.72995
1180213593.75,-34.71621
1180213750.0,-34.72398
1180213906.25,-34.71972
1180214062.5,-34.7091
1180214218.75,-34.70932
1180214375.0,-34.71274
1180214531.25,-34.71256
1180214687.5,-34.71102
1180214843.75,-34.70602
1180215000.0,-34.70589
1180215156.25,-34.70416
1180215312.5,-34.70536
1180215468.75,-34.71053
1180215625.0,-34.71448
1180215781.25,-34.69538
1180215937.5,-34.69339
1180216093.75,-34.69762
1180216250.0,-34.69781
1180216406.25,-34.68262
1180216562.5,-34.70321
1180216718.75,-34.69741
1180216875.0,-34.69091
1180217031.25,-34.6939
1180217187.5,-34.6932
1180217343.75,-34.6855
1180217500.0,-34.68803
1180217656.25,-34.68606
1180217812.5,-34.68403
1180217968.75,-34.67581
1180218125.0,-34.67493
1180218281.25,-34.66932
1180218437.5,-34.68509
1180218593.75,-34.68763
1180218750.0,-34.6839
1180218906.25,-34.6708
1180219062.5,-34.66737
1180219218.75,-34.67556
1180219375.0,-34.67965
1180219531.25,-34.66858
1180219687.5,-34.67526
1180219843.75,-34.66567
1180220000.0,-34.66197
1180220156.25,-34.66338
1180220312.5,-34.6624
1180220468.75,-34.66568
1180220625.0,-34.66232
1180220781.25,-34.65998
1180220937.5,-34.65459
1180221093.75,-34.65798
1180221250.0,-34.65559
1180221406.25,-34.6437
1180221562.5,-34.66877
1180221718.75,-34.646
1180221875.0,-34.65374
1180222031.25,-34.64886
1180222187.5,-34.64872
1180222343.75,-34.64583
1180222500.0,-34.66027
1180222656.25,-34.63971
1180222812.5,-34.645
1180222968.75,-34.63598
1180223125.0,-34.63219
1180223281.25,-34.64255
1180223437.5,-34.64663
1180223593.75,-34.6459
1180223750.0,-34.63123
1180223906.25,-34.63817
1180224062.5,-34.6399
1180224218.75,-34.63718
1180224375.0,-34.63415
1180224531.25,-34.63299
1180224687.5,-34.62822
1180224843.75,-34.62306
1180225000.0,-34.62718
1180225156.25,-34.62653
1180225312.5,-34.61832
1180225468.75,-34.62973
1180225625.0,-34.62391
1180225781.25,-34.62197
1180225937.5,-34.62354
1180226093.75,-34.62151
1180226250.0,-34.62477
1180226406.25,-34.60974
1180226562.5,-34.61435
1180226718.75,-34.61277
1180226875.0,-34.61535
1180227031.25,-34.60318
1180227187.5,-34.60867
1180227343.75,-34.61779
1180227500.0,-34.605
1180227656.25,-34.60434
1180227812.5,-34.60936
1180227968.75,-34.60921
1180228125.0,-34.59519
1180228281.25,-34.60493
1180228437.5,-34.60386
1180228593.75,-34.59998
1180228750.0,-34.59432
1180228906.25,-34.59068
1180229062.5,-34.60093
1180229218.75,-34.60121
1180229375.0,-34.59199
1180229531.25,-34.60097
1180229687.5,-34.58974
1180229843.75,-34.59154
1180230000.0,-34.58961
1180230156.25,-34.58955
1180230312.5,-34.57761
1180230468.75,-34.58605
1180230625.0,-34.57835
1180230781.25,-34.58608
1180230937.5,-34.57964
1180231093.75,-34.56796
1180231250.0,-34.57439
1180231406.25,-34.57559
1180231562.5,-34.58202
1180231718.75,-34.5749
1180231875.0,-34.57239
1180232031.25,-34.56582
1180232187.5,-34.5738
1180232343.75,-34.57416
1180232500.0,-34.56494
1180232656.25,-34.56531
1180232812.5,-34.56473
1180232968.75,-34.55677
1180233125.0,-34.56471
1180233281.25,-34.56219
1180233437.5,-34.5604
1180233593.75,-34.54647
1180233750.0,-34.56437
1180233906.25,-34.56074
1180234062.5,-34.55379
1180234218.75,-34.55579
1180234375.0,-34.55668
1180234531.25,-34.54968
1180234687.5,-34.54508
1180234843.75,-34.55489
1180235000.0,-34.54891
1180235156.25,-34.55309
1180235312.5,-34.54137
1180235468.75,-34.54732
1180235625.0,-34.53916
1180235781.25,-34.54352
1180235937.5,-34.53104
1180236093.75,-34.53917
1180236250.0,-34.53819
1180236406.25,-34.53553
1180236562.5,-34.53099
1180236718.75,-34.54432
1180236875.0,-34.5314
1180237031.25,-34.52696
1180237187.5,-34.54478
1180237343.75,-34.53216
1180237500.0,-34.52708
1180237656.25,-34.52435
1180237812.5,-34.52308
1180237968.75,-34.51669
1180238125.0,-34.51403
1180238281.25,-34.52005
1180238437.5,-34.52288
1180238593.75,-34.51253
1180238750.0,-34.51336
1180238906.25,-34.50797
1180239062.5,-34.51189
1180239218.75,-34.51709
1180239375.0,-34.51556
1180239531.25,-34.50931
1180239687.5,-34.50434
1180239843.75,-34.51321
1180240000.0,-34.50596
1180240156.25,-34.51017
1180240312.5,-34.50491
1180240468.75,-34.51102
1180240625.0,-34.50612
1180240781.25,-34.50104
1180240937.5,-34.49498
1180241093.75,-34.50046
1180241250.0,-34.49955
1180241406.25,-34.49759
1180241562.5,-34.48669
1180241718.75,-34.49598
1180241875.0,-34.49717
1180242031.25,-34.48152
1180242187.5,-34.48895
1180242343.75,-34.48586
1180242500.0,-34.49414
1180242656.25,-34.48211
1180242812.5,-34.48646
1180242968.75,-34.47989
1180243125.0,-34.48643
1180243281.25,-34.48436
1180243437.5,-34.47761
1180243593.75,-34.47217
1180243750.0,-34.47664
1180243906.25,-34.48054
1180244062.5,-34.4689
1180244218.75,-34.47266
1180244375.0,-34.47038
1180244531.25,-34.46771
1180244687.5,-34.46465
1180244843.75,-34.47038
1180245000.0,-34.46975
1180245156.25,-34.46627
1180245312.5,-34.47004
1180245468.75,-34.46151
1180245625.0,-34.46707
1180245781.25,-34.45705
1180245937.5,-34.4574
1180246093.75,-34.45804
1180246250.0,-34.45628
1180246406.25,-34.46222
1180246562.5,-34.45561
1180246718.75,-34.45792
1180246875.0,-34.45456
1180247031.25,-34.45353
1180247187.5,-34.43867
1180247343.75,-34.44542
1180247500.0,-34.45577
1180247656.25,-34.44533
1180247812.5,-34.4323
1180247968.75,-34.44924
1180248125.0,-34.44323
1180248281.25,-34.44422
1180248437.5,-34.44115
1180248593.75,-34.44026
1180248750.0,-34.43343
1180248906.25,-34.43657
1180249062.5,-34.42928
1180249218.75,-34.43212
1180249375.0,-34.42161
1180249531.25,-34.43317
1180249687.5,-34.43739
1180249843.75,-34.4199
1180250000.0,-34.42957
1180250156.25,-34.4207
1180250312.5,-34.42608
1180250468.75,-34.42466
1180250625.0,-34.42234
1180250781.25,-34.42362
1180250937.5,-34.41225
1180251093.75,-34.41826
1180251250.0,-34.41657
1180251406.25,-34.41381
1180251562.5,-34.41988
1180251718.75,-34.41221
1180251875.0,-34.40659
1180252031.25,-34.4157
1180252187.5,-34.40575
1180252343.75,-34.41259
1180252500.0,-34.40995
1180252656.25,-34.40727
1180252812.5,-34.40931
1180252968.75,-34.40726
1180253125.0,-34.41476
1180253281.25,-34.40424
1180253437.5,-34.39679
1180253593.75,-34.39248
1180253750.0,-34.40135
1180253906.25,-34.40441
1180254062.5,-34.39553
1180254218.75,-34.39145
1180254375.0,-34.39285
1180254531.25,-34.38593
1180254687.5,-34.39998
1180254843.75,-34.38145
1180255000.0,-34.39214
1180255156.25,-34.38179
1180255312.5,-34.38775
1180255468.75,-34.39518
1180255625.0,-34.38733
1180255781.25,-34.38027
1180255937.5,-34.37719
1180256093.75,-34.37458
1180256250.0,-34.36615
1180256406.25,-34.37243
1180256562.5,-34.37432
1180256718.75,-34.37777
1180256875.0,-34.37576
1180257031.25,-34.36776
1180257187.5,-34.369
1180257343.75,-34.35841
1180257500.0,-34.36837
1180257656.25,-34.36958
1180257812.5,-34.36599
1180257968.75,-34.37319
1180258125.0,-34.36733
1180258281.25,-34.35253
1180258437.5,-34.36258
1180258593.75,-34.35953
1180258750.0,-34.35402
1180258906.25,-34.34806
1180259062.5,-34.36452
1180259218.75,-34.34335
1180259375.0,-34.35555
1180259531.25,-34.35219
1180259687.5,-34.36462
1180259843.75,-34.34938
1180260000.0,-34.34925
1180260156.25,-34.33652
1180260312.5,-34.34682
1180260468.75,-34.3396
1180260625.0,-34.32597
1180260781.25,-34.34266
1180260937.5,-34.33979
1180261093.75,-34.33854
1180261250.0,-34.3379
1180261406.25,-34.32787
1180261562.5,-34.3351
1180261718.75,-34.33636
1180261875.0,-34.33452
1180262031.25,-34.33283
1180262187.5,-34.33117
1180262343.75,-34.33882
1180262500.0,-34.31985
1180262656.25,-34.32495
1180262812.5,-34.31588
1180262968.75,-34.33174
1180263125.0,-34.32336
1180263281.25,-34.32003
1180263437.5,-34.30816
1180263593.75,-34.32128
1180263750.0,-34.31438
1180263906.25,-34.31061
1180264062.5,-34.31663
1180264218.75,-34.3008
1180264375.0,-34.31139
1180264531.25,-34.31295
1180264687.5,-34.30155
1180264843.75,-34.31267
1180265000.0,-34.305
1180265156.25,-34.3019
1180265312.5,-34.3073
1180265468.75,-34.29428
1180265625.0,-34.30492
1180265781.25,-34.31284
1180265937.5,-34.29796
1180266093.75,-34.3061
1180266250.0,-34.29406
1180266406.25,-34.29268
1180266562.5,-34.30235
1180266718.75,-34.2964
1180266875.0,-34.29834
1180267031.25,-34.28022
1180267187.5,-34.28327
1180267343.75,-34.28861
1180267500.0,-34.27936
1180267656.25,-34.29163
1180267812.5,-34.27358
1180267968.75,-34.28191
1180268125.0,-34.28365
1180268281.25,-34.28436
1180268437.5,-34.2762
1180268593.75,-34.27437
1180268750.0,-34.28152
1180268906.25,-34.26657
1180269062.5,-34.27286
1180269218.75,-34.27656
1180269375.0,-34.27216
1180269531.25,-34.26717
1180269687.5,-34.26912
1180269843.75,-34.26827
1180270000.0,-34.27539
1180270156.25,-34.26681
1180270312.5,-34.26143
1180270468.75,-34.25429
1180270625.0,-34.26328
1180270781.25,-34.25941
1180270937.5,-34.25364
1180271093.75,-34.25671
1180271250.0,-34.2589
1180271406.25,-34.24382
1180271562.5,-34.25698
1180271718.75,-34.25544
1180271875.0,-34.25315
1180272031.25,-34.25422
1180272187.5,-34.24545
1180272343.75,-34.2397
1180272500.0,-34.24046
1180272656.25,-34.24058
1180272812.5,-34.24665
1180272968.75,-34.24282
1180273125.0,-34.2389
1180273281.25,-34.24171
1180273437.5,-34.22942
1180273593.75,-34.23758
1180273750.0,-34.23093
1180273906.25,-34.22833
1180274062.5,-34.23388
1180274218.75,-34.23267
1180274375.0,-34.22733
1180274531.25,-34.22745
1180274687.5,-34.22665
1180274843.75,-34.23587
1180275000.0,-34.2242
1180275156.25,-34.23388
1180275312.5,-34.22356
1180275468.75,-34.21814
1180275625.0,-34.22377
1180275781.25,-34.21597
1180275937.5,-34.20616
1180276093.75,-34.19838
1180276250.0,-34.21296
1180276406.25,-34.20904
1180276562.5,-34.21567
1180276718.75,-34.20939
1180276875.0,-34.19784
1180277031.25,-34.20869
1180277187.5,-34.20726
1180277343.75,-34.20672
1180277500.0,-34.20424
1180277656.25,-34.19678
1180277812.5,-34.19944
1180277968.75,-34.1964
1180278125.0,-34.19778
1180278281.25,-34.19674
1180278437.5,-34.2007
1180278593.75,-34.20371
1180278750.0,-34.20184
1180278906.25,-34.20225
1180279062.5,-34.19394
1180279218.75,-34.18832
1180279375.0,-34.19355
1180279531.25,-34.18499
1180279687.5,-34.18975
1180279843.75,-34.18878
1180280000.0,-34.18104
1180280156.25,-34.17862
1180280312.5,-34.18168
1180280468.75,-34.18008
1180280625.0,-34.1787
1180280781.25,-34.17665
1180280937.5,-34.17153
1180281093.75,-34.17188
1180281250.0,-34.17971
1180281406.25,-34.1694
1180281562.5,-34.17278
1180281718.75,-34.17086
1180281875.0,-34.16615
1180282031.25,-34.16251
1180282187.5,-34.17011
1180282343.75,-34.16163
1180282500.0,-34.16244
1180282656.25,-34.16544
1180282812.5,-34.1719
1180282968.75,-34.15147
1180283125.0,-34.16268
1180283281.25,-34.15962
1180283437.5,-34.15395
1180283593.75,-34.14915
1180283750.0,-34.15884
1180283906.25,-34.15446
1180284062.5,-34.14359
1180284218.75,-34.14455
1180284375.0,-34.14829
1180284531.25,-34.13596
1180284687.5,-34.14572
1180284843.75,-34.1479
1180285000.0,-34.14675
1180285156.25,-34.14168
1180285312.5,-34.1398
1180285468.75,-34.14101
1180285625.0,-34.13582
1180285781.25,-34.134
1180285937.5,-34.12846
1180286093.75,-34.13416
1180286250.0,-34.13003
1180286406.25,-34.13255
1180286562.5,-34.13418
1180286718.75,-34.12643
1180286875.0,-34.1223
1180287031.25,-34.12883
1180287187.5,-34.12598
1180287343.75,-34.11724
1180287500.0,-34.12483
1180287656.25,-34.11632
1180287812.5,-34.12148
1180287968.75,-34.11841
1180288125.0,-34.11398
1180288281.25,-34.11002
1180288437.5,-34.11418
1180288593.75,-34.10704
1180288750.0,-34.11095
1180288906.25,-34.11161
1180289062.5,-34.09956
1180289218.75,-34.10795
1180289375.0,-34.10758
1180289531.25,-34.10947
1180289687.5,-34.11047
1180289843.75,-34.09187
1180290000.0,-34.09484
1180290156.25,-34.08772
1180290312.5,-34.09894
1180290468.75,-34.09193
1180290625.0,-34.09087
1180290781.25,-34.10034
1180290937.5,-34.0893
1180291093.75,-34.08765
1180291250.0,-34.08821
1180291406.25,-34.08734
1180291562.5,-34.08768
1180291718.75,-34.09369
1180291875.0,-34.08371
1180292031.25,-34.08673
1180292187.5,-34.08581
1180292343.75,-34.0814
1180292500.0,-34.07005
1180292656.25,-34.07744
1180292812.5,-34.08368
1180292968.75,-34.0816
1180293125.0,-34.07607
1180293281.25,-34.07807
1180293437.5,-34.07312
1180293593.75,-34.07378
1180293750.0,-34.06771
1180293906.25,-34.07142
1180294062.5,-34.06796
1180294218.75,-34.05909
1180294375.0,-34.06691
1180294531.25,-34.0674
1180294687.5,-34.06073
1180294843.75,-34.06334
1180295000.0,-34.05819
1180295156.25,-34.05481
1180295312.5,-34.06367
1180295468.75,-34.05648
1180295625.0,-34.05066
1180295781.25,-34.04805
1180295937.5,-34.04764
1180296093.75,-34.04861
1180296250.0,-34.05558
1180296406.25,-34.05024
1180296562.5,-34.04338
1180296718.75,-34.04708
1180296875.0,-34.03625
1180297031.25,-34.03034
1180297187.5,-34.03336
1180297343.75,-34.04442
1180297500.0,-34.03806
1180297656.25,-34.03003
1180297812.5,-34.02729
1180297968.75,-34.04083
1180298125.0,-34.03989
1180298281.25,-34.02993
1180298437.5,-34.02771
1180298593.75,-34.03234
1180298750.0,-34.03077
1180298906.25,-34.03119
1180299062.5,-34.01902
1180299218.75,-34.02174
1180299375.0,-34.01875
1180299531.25,-34.02268
1180299687.5,-34.02129
1180299843.75,-34.01603
1180300000.0,-34.01464
1180300156.25,-34.02173
1180300312.5,-34.01238
1180300468.75,-34.01195
1180300625.0,-34.00821
1180300781.25,-34.00675
1180300937.5,-34.01243
1180301093.75,-34.0122
1180301250.0,-34.00194
1180301406.25,-33.99871
1180301562.5,-34.00507
1180301718.75,-34.00103
1180301875.0,-33.99757
1180302031.25,-33.99987
1180302187.5,-34.00241
1180302343.75,-33.99961
1180302500.0,-33.98483
1180302656.25,-34.00013
1180302812.5,-33.9917
1180302968.75,-33.99135
1180303125.0,-33.98993
1180303281.25,-33.99678
1180303437.5,-33.98468
1180303593.75,-33.98501
1180303750.0,-33.98958
1180303906.25,-33.9798
1180304062.5,-33.97911
1180304218.75,-33.96965
1180304375.0,-33.982
1180304531.25,-33.98338
1180304687.5,-33.97428
1180304843.75,-33.98
1180305000.0,-33.97916
1180305156.25,-33.97037
1180305312.5,-33.97473
1180305468.75,-33.97312
1180305625.0,-33.96207
1180305781.25,-33.96361
1180305937.5,-33.96358
1180306093.75,-33.97245
1180306250.0,-33.96383
1180306406.25,-33.96092
1180306562.5,-33.9668
1180306718.75,-33.96114
1180306875.0,-33.96028
1180307031.25,-33.95321
1180307187.5,-33.95531
1180307343.75,-33.95278
1180307500.0,-33.96226
1180307656.25,-33.94767
1180307812.5,-33.94869
1180307968.75,-33.94576
1180308125.0,-33.95129
1180308281.25,-33.94215
1180308437.5,-33.94351
1180308593.75,-33.94637
1180308750.0,-33.94247
1180308906.25,-33.93657
1180309062.5,-33.94162
1180309218.75,-33.93694
1180309375.0,-33.93714
1180309531.25,-33.94334
1180309687.5,-33.92886
1180309843.75,-33.92918
1180310000.0,-33.93156
1180310156.25,-33.93084
1180310312.5,-33.93105
1180310468.75,-33.92889
1180310625.0,-33.93093
1180310781.25,-33.92358
1180310937.5,-33.94048
1180311093.75,-33.92295
1180311250.0,-33.92182
1180311406.25,-33.91917
1180311562.5,-33.91302
1180311718.75,-33.91922
1180311875.0,-33.91113
1180312031.25,-33.90672
1180312187.5,-33.90422
1180312343.75,-33.90984
1180312500.0,-33.92026
1180312656.25,-33.89959
1180312812.5,-33.90837
1180312968.75,-33.9077
1180313125.0,-33.9081
1180313281.25,-33.90996
1180313437.5,-33.89328
1180313593.75,-33.89941
1180313750.0,-33.90567
1180313906.25,-33.9004
1180314062.5,-33.89793
1180314218.75,-33.89135
1180314375.0,-33.89009
1180314531.25,-33.89377
1180314687.5,-33.88803
1180314843.75,-33.88247
1180315000.0,-33.88621
1180315156.25,-33.88321
1180315312.5,-33.88515
1180315468.75,-33.88517
1180315625.0,-33.87909
1180315781.25,-33.88745
1180315937.5,-33.88409
1180316093.75,-33.87257
1180316250.0,-33.8746
1180316406.25,-33.86867
1180316562.5,-33.87444
1180316718.75,-33.8661
1180316875.0,-33.87144
1180317031.25,-33.86691
1180317187.5,-33.87592
1180317343.75,-33.85875
1180317500.0,-33.87206
1180317656.25,-33.86307
1180317812.5,-33.85561
1180317968.75,-33.87229
1180318125.0,-33.86697
1180318281.25,-33.85947
1180318437.5,-33.86019
1180318593.75,-33.86691
1180318750.0,-33.86221
1180318906.25,-33.85695
1180319062.5,-33.85048
1180319218.75,-33.84853
1180319375.0,-33.85253
1180319531.25,-33.85458
1180319687.5,-33.84895
1180319843.75,-33.84273
1180320000.0,-33.84115
1180320156.25,-33.84173
1180320312.5,-33.8438
1180320468.75,-33.84684
1180320625.0,-33.84126
1180320781.25,-33.83591
1180320937.5,-33.84079
1180321093.75,-33.83158
1180321250.0,-33.8395
1180321406.25,-33.83225
1180321562.5,-33.8351
1180321718.75,-33.83254
1180321875.0,-33.82955
1180322031.25,-33.83293
1180322187.5,-33.82463
1180322343.75,-33.82668
1180322500.0,-33.82273
1180322656.25,-33.82014
1180322812.5,-33.82016
1180322968.75,-33.81474
1180323125.0,-33.81577
1180323281.25,-33.81233
1180323437.5,-33.81146
1180323593.75,-33.81283
1180323750.0,-33.81615
1180323906.25,-33.81498
1180324062.5,-33.80839
1180324218.75,-33.80291
1180324375.0,-33.79305
1180324531.25,-33.80524
1180324687.5,-33.80415
1180324843.75,-33.80984
1180325000.0,-33.8068
1180325156.25,-33.79624
1180325312.5,-33.79919
1180325468.75,-33.8073
1180325625.0,-33.79044
1180325781.25,-33.79936
1180325937.5,-33.78946
1180326093.75,-33.79139
1180326250.0,-33.79607
1180326406.25,-33.78921
1180326562.5,-33.78471
1180326718.75,-33.7921
1180326875.0,-33.78714
1180327031.25,-33.7855
1180327187.5,-33.78418
1180327343.75,-33.77287
1180327500.0,-33.78116
1180327656.25,-33.77421
1180327812.5,-33.78325
1180327968.75,-33.76538
1180328125.0,-33.7745
1180328281.25,-33.78172
1180328437.5,-33.76793
1180328593.75,-33.76976
1180328750.0,-33.77232
1180328906.25,-33.76849
1180329062.5,-33.76535
1180329218.75,-33.76553
1180329375.0,-33.76796
1180329531.25,-33.76418
1180329687.5,-33.76461
1180329843.75,-33.76075
1180330000.0,-33.75725
1180330156.25,-33.7625
1180330312.5,-33.76126
1180330468.75,-33.75267
1180330625.0,-33.75999
1180330781.25,-33.74276
1180330937.5,-33.74833
1180331093.75,-33.75275
1180331250.0,-33.7431
1180331406.25,-33.74641
1180331562.5,-33.74247
1180331718.75,-33.73656
1180331875.0,-33.74506
1180332031.25,-33.74849
1180332187.5,-33.74167
1180332343.75,-33.74293
1180332500.0,-33.73737
1180332656.25,-33.73774
1180332812.5,-33.73848
1180332968.75,-33.73728
1180333125.0,-33.73281
1180333281.25,-33.72127
1180333437.5,-33.72105
1180333593.75,-33.7253
1180333750.0,-33.72177
1180333906.25,-33.72052
1180334062.5,-33.72736
1180334218.75,-33.71384
1180334375.0,-33.72136
1180334531.25,-33.71311
1180334687.5,-33.7211
1180334843.75,-33.70975
1180335000.0,-33.71846
1180335156.25,-33.7126
1180335312.5,-33.71563
1180335468.75,-33.70678
1180335625.0,-33.70488
1180335781.25,-33.70949
1180335937.5,-33.70014
1180336093.75,-33.71172
1180336250.0,-33.70856
1180336406.25,-33.70027
1180336562.5,-33.70691
1180336718.75,-33.6992
1180336875.0,-33.70118
1180337031.25,-33.68977
1180337187.5,-33.70636
1180337343.75,-33.69921
1180337500.0,-33.69738
1180337656.25,-33.6895
1180337812.5,-33.68743
1180337968.75,-33.69432
1180338125.0,-33.68529
1180338281.25,-33.67759
1180338437.5,-33.6874
1180338593.75,-33.68436
1180338750.0,-33.68522
1180338906.25,-33.67987
1180339062.5,-33.67938
1180339218.75,-33.67411
1180339375.0,-33.6814
1180339531.25,-33.67093
1180339687.5,-33.67566
1180339843.75,-33.67512
1180340000.0,-33.67319
1180340156.25,-33.66645
1180340312.5,-33.67014
1180340468.75,-33.66048
1180340625.0,-33.66746
1180340781.25,-33.66383
1180340937.5,-33.66923
1180341093.75,-33.65458
1180341250.0,-33.66088
1180341406.25,-33.66001
1180341562.5,-33.6558
1180341718.75,-33.65262
1180341875.0,-33.65516
1180342031.25,-33.65817
1180342187.5,-33.65538
1180342343.75,-33.65138
1180342500.0,-33.64981
1180342656.25,-33.64714
1180342812.5,-33.64351
1180342968.75,-33.64741
1180343125.0,-33.64195
1180343281.25,-33.64014
1180343437.5,-33.642
1180343593.75,-33.63802
1180343750.0,-33.6344
1180343906.25,-33.62518
1180344062.5,-33.63647
1180344218.75,-33.62789
1180344375.0,-33.63056
1180344531.25,-33.63102
1180344687.5,-33.62793
1180344843.75,-33.63505
1180345000.0,-33.62368
1180345156.25,-33.63245
1180345312.5,-33.62778
1180345468.75,-33.62689
1180345625.0,-33.61897
1180345781.25,-33.61362
1180345937.5,-33.62259
1180346093.75,-33.62196
1180346250.0,-33.61739
1180346406.25,-33.61554
1180346562.5,-33.60934
1180346718.75,-33.6194
1180346875.0,-33.61229
1180347031.25,-33.60595
1180347187.5,-33.60496
1180347343.75,-33.60933
1180347500.0,-33.60952
1180347656.25,-33.60059
1180347812.5,-33.60451
1180347968.75,-33.60602
1180348125.0,-33.6055
1180348281.25,-33.59712
1180348437.5,-33.59848
1180348593.75,-33.59272
1180348750.0,-33.60493
1180348906.25,-33.59835
1180349062.5,-33.59018
1180349218.75,-33.59052
1180349375.0,-33.5915
1180349531.25,-33.58703
1180349687.5,-33.58876
1180349843.75,-33.58432
1180350000.0,-33.58421
1180350156.25,-33.5788
1180350312.5,-33.59042
1180350468.75,-33.57285
1180350625.0,-33.57696
1180350781.25,-33.57061
1180350937.5,-33.57701
1180351093.75,-33.57164
1180351250.0,-33.56991
1180351406.25,-33.56518
1180351562.5,-33.57187
1180351718.75,-33.56824
1180351875.0,-33.56644
1180352031.25,-33.56477
1180352187.5,-33.56538
1180352343.75,-33.56452
1180352500.0,-33.55898
1180352656.25,-33.558
1180352812.5,-33.55282
1180352968.75,-33.56296
1180353125.0,-33.5512
1180353281.25,-33.54851
1180353437.5,-33.55394
1180353593.75,-33.55147
1180353750.0,-33.55953
1180353906.25,-33.55272
1180354062.5,-33.55311
1180354218.75,-33.55218
1180354375.0,-33.54433
1180354531.25,-33.53828
1180354687.5,-33.53828
1180354843.75,-33.53115
1180355000.0,-33.538
1180355156.25,-33.52597
1180355312.5,-33.54063
1180355468.75,-33.52765
1180355625.0,-33.52508
1180355781.25,-33.53849
1180355937.5,-33.53361
1180356093.75,-33.53291
1180356250.0,-33.52549
1180356406.25,-33.51645
1180356562.5,-33.51965
1180356718.75,-33.52652
1180356875.0,-33.52163
1180357031.25,-33.52137
1180357187.5,-33.51416
1180357343.75,-33.52149
1180357500.0,-33.5178
1180357656.25,-33.51846
1180357812.5,-33.51727
1180357968.75,-33.50871
1180358125.0,-33.51111
1180358281.25,-33.50933
1180358437.5,-33.51097
1180358593.75,-33.5092
1180358750.0,-33.5079
1180358906.25,-33.4906
1180359062.5,-33.50387
1180359218.75,-33.49916
1180359375.0,-33.5001
1180359531.25,-33.49477
1180359687.5,-33.50017
1180359843.75,-33.49208
1180360000.0,-33.49451
1180360156.25,-33.48903
1180360312.5,-33.48752
1180360468.75,-33.48479
1180360625.0,-33.48761
1180360781.25,-33.48473
1180360937.5,-33.48282
1180361093.75,-33.48351
1180361250.0,-33.47519
1180361406.25,-33.48422
1180361562.5,-33.48019
1180361718.75,-33.47968
1180361875.0,-33.47506
1180362031.25,-33.46307
1180362187.5,-33.47859
1180362343.75,-33.46888
1180362500.0,-33.47201
1180362656.25,-33.46587
1180362812.5,-33.47266
1180362968.75,-33.46225
1180363125.0,-33.47077
1180363281.25,-33.47036
1180363437.5,-33.4642
1180363593.75,-33.4533
1180363750.0,-33.46606
1180363906.25,-33.46535
1180364062.5,-33.45842
1180364218.75,-33.44799
1180364375.0,-33.44997
1180364531.25,-33.44934
1180364687.5,-33.44596
1180364843.75,-33.44807
1180365000.0,-33.44073
1180365156.25,-33.45325
1180365312.5,-33.44586
1180365468.75,-33.4366
1180365625.0,-33.44273
1180365781.25,-33.44143
1180365937.5,-33.4396
1180366093.75,-33.4364
1180366250.0,-33.44694
1180366406.25,-33.43285
1180366562.5,-33.42509
1180366718.75,-33.43549
1180366875.0,-33.43898
1180367031.25,-33.43098
1180367187.5,-33.43074
1180367343.75,-33.42842
1180367500.0,-33.42459
1180367656.25,-33.42775
1180367812.5,-33.41866
1180367968.75,-33.42774
1180368125.0,-33.42093
1180368281.25,-33.41693
1180368437.5,-33.41756
1180368593.75,-33.41623
1180368750.0,-33.41349
1180368906.25,-33.40468
1180369062.5,-33.41071
1180369218.75,-33.41663
1180369375.0,-33.41594
1180369531.25,-33.39867
1180369687.5,-33.40509
1180369843.75,-33.40795
1180370000.0,-33.4048
1180370156.25,-33.4044
1180370312.5,-33.3995
1180370468.75,-33.39211
1180370625.0,-33.4003
1180370781.25,-33.3966
1180370937.5,-33.39971
1180371093.75,-33.38331
1180371250.0,-33.38497
1180371406.25,-33.38857
1180371562.5,-33.39309
1180371718.75,-33.38364
1180371875.0,-33.37965
1180372031.25,-33.38043
1180372187.5,-33.38609
1180372343.75,-33.37928
1180372500.0,-33.39542
1180372656.25,-33.38264
1180372812.5,-33.37795
1180372968.75,-33.37903
1180373125.0,-33.37375
1180373281.25,-33.37486
1180373437.5,-33.36451
1180373593.75,-33.37294
1180373750.0,-33.37745
1180373906.25,-33.36378
1180374062.5,-33.37421
1180374218.75,-33.36875
1180374375.0,-33.3676
1180374531.25,-33.3651
1180374687.5,-33.36322
1180374843.75,-33.3611
1180375000.0,-33.36064
1180375156.25,-33.35356
1180375312.5,-33.35587
1180375468.75,-33.35376
1180375625.0,-33.34588
1180375781.25,-33.35795
1180375937.5,-33.34496
1180376093.75,-33.34624
1180376250.0,-33.34584
1180376406.25,-33.34664
1180376562.5,-33.34276
1180376718.75,-33.34634
1180376875.0,-33.34125
1180377031.25,-33.33833
1180377187.5,-33.33671
1180377343.75,-33.34081
1180377500.0,-33.33689
1180377656.25,-33.33541
1180377812.5,-33.33534
1180377968.75,-33.33702
1180378125.0,-33.3311
1180378281.25,-33.33484
1180378437.5,-33.33575
1180378593.75,-33.31725
1180378750.0,-33.3372
1180378906.25,-33.31939
1180379062.5,-33.32258
1180379218.75,-33.31507
1180379375.0,-33.31932
1180379531.25,-33.31687
1180379687.5,-33.31121
1180379843.75,-33.3046
1180380000.0,-33.31474
1180380156.25,-33.30737
1180380312.5,-33.31381
1180380468.75,-33.31155
1180380625.0,-33.31281
1180380781.25,-33.30167
1180380937.5,-33.29865
1180381093.75,-33.30599
1180381250.0,-33.29757
1180381406.25,-33.30262
1180381562.5,-33.29759
1180381718.75,-33.29602
1180381875.0,-33.29951
1180382031.25,-33.29032
1180382187.5,-33.28882
1180382343.75,-33.30093
1180382500.0,-33.2929
1180382656.25,-33.28141
1180382812.5,-33.29266
1180382968.75,-33.28173
1180383125.0,-33.28345
1180383281.25,-33.2897
1180383437.5,-33.27702
1180383593.75,-33.29158
1180383750.0,-33.27581
1180383906.25,-33.28101
1180384062.5,-33.27065
1180384218.75,-33.27617
1180384375.0,-33.27526
1180384531.25,-33.26972
1180384687.5,-33.27544
1180384843.75,-33.26805
1180385000.0,-33.2667
1180385156.25,-33.26634
1180385312.5,-33.26139
1180385468.75,-33.25806
1180385625.0,-33.26527
1180385781.25,-33.25498
1180385937.5,-33.25038
1180386093.75,-33.26326
1180386250.0,-33.26002
1180386406.25,-33.25377
1180386562.5,-33.24901
1180386718.75,-33.25272
1180386875.0,-33.25312
1180387031.25,-33.24765
1180387187.5,-33.25147
1180387343.75,-33.24873
1180387500.0,-33.25208
1180387656.25,-33.24147
1180387812.5,-33.23838
1180387968.75,-33.23619
1180388125.0,-33.23362
1180388281.25,-33.23217
1180388437.5,-33.23215
1180388593.75,-33.23576
1180388750.0,-33.23889
1180388906.25,-33.2332
1180389062.5,-33.22449
1180389218.75,-33.22847
1180389375.0,-33.22361
1180389531.25,-33.22335
1180389687.5,-33.2254
1180389843.75,-33.22501
1180390000.0,-33.21717
1180390156.25,-33.22057
1180390312.5,-33.22586
1180390468.75,-33.21798
1180390625.0,-33.22473
1180390781.25,-33.2186
1180390937.5,-33.21504
1180391093.75,-33.20634
1180391250.0,-33.20836
1180391406.25,-33.21142
1180391562.5,-33.20877
1180391718.75,-33.20287
1180391875.0,-33.19822
1180392031.25,-33.20308
1180392187.5,-33.1939
1180392343.75,-33.20758
1180392500.0,-33.19908
1180392656.25,-33.19569
1180392812.5,-33.19491
1180392968.75,-33.20107
1180393125.0,-33.20354
1180393281.25,-33.18427
1180393437.5,-33.19042
1180393593.75,-33.18169
1180393750.0,-33.18716
1180393906.25,-33.17865
1180394062.5,-33.18472
1180394218.75,-33.1817
1180394375.0,-33.18286
1180394531.25,-33.17912
1180394687.5,-33.17734
1180394843.75,-33.17488
1180395000.0,-33.17804
1180395156.25,-33.17971
1180395312.5,-33.17
1180395468.75,-33.17815
1180395625.0,-33.17602
1180395781.25,-33.16869
1180395937.5,-33.16487
1180396093.75,-33.16389
1180396250.0,-33.16355
1180396406.25,-33.15594
1180396562.5,-33.15909
1180396718.75,-33.16071
1180396875.0,-33.157
1180397031.25,-33.15307
1180397187.5,-33.15824
1180397343.75,-33.15416
1180397500.0,-33.15641
1180397656.25,-33.15607
1180397812.5,-33.14675
1180397968.75,-33.1504
1180398125.0,-33.14817
1180398281.25,-33.13815
1180398437.5,-33.1495
1180398593.75,-33.14475
1180398750.0,-33.13948
1180398906.25,-33.13567
1180399062.5,-33.13529
1180399218.75,-33.14029
1180399375.0,-33.13983
1180399531.25,-33.13372
1180399687.5,-33.13271
1180399843.75,-33.1294
1180400000.0,-33.13152
1180400156.25,-33.12994
1180400312.5,-33.12144
1180400468.75,-33.12041
1180400625.0,-33.11956
1180400781.25,-33.12356
1180400937.5,-33.12557
1180401093.75,-33.12301
1180401250.0,-33.11018
1180401406.25,-33.11443
1180401562.5,-33.11558
1180401718.75,-33.10194
1180401875.0,-33.10801
1180402031.25,-33.11158
1180402187.5,-33.109
1180402343.75,-33.10387
1180402500.0,-33.11281
1180402656.25,-33.1043
1180402812.5,-33.10756
1180402968.75,-33.10076
1180403125.0,-33.09117
1180403281.25,-33.0951
1180403437.5,-33.09166
1180403593.75,-33.09439
1180403750.0,-33.09638
1180403906.25,-33.08669
1180404062.5,-33.09433
1180404218.75,-33.09138
1180404375.0,-33.0915
1180404531.25,-33.08765
1180404687.5,-33.08287
1180404843.75,-33.08869
1180405000.0,-33.08374
1180405156.25,-33.07637
1180405312.5,-33.07575
1180405468.75,-33.07296
1180405625.0,-33.07702
1180405781.25,-33.07403
1180405937.5,-33.07513
1180406093.75,-33.07313
1180406250.0,-33.06821
1180406406.25,-33.06212
1180406562.5,-33.06329
1180406718.75,-33.05997
1180406875.0,-33.06668
1180407031.25,-33.06538
1180407187.5,-33.06139
1180407343.75,-33.06358
1180407500.0,-33.06335
1180407656.25,-33.05566
1180407812.5,-33.06643
1180407968.75,-33.05453
1180408125.0,-33.04585
1180408281.25,-33.04689
1180408437.5,-33.04462
1180408593.75,-33.05244
1180408750.0,-33.04874
1180408906.25,-33.03752
1180409062.5,-33.03661
1180409218.75,-33.0365
1180409375.0,-33.04371
1180409531.25,-33.04152
1180409687.5,-33.03048
1180409843.75,-33.02916
1180410000.0,-33.03922
1180410156.25,-33.03357
1180410312.5,-33.03281
1180410468.75,-33.03309
1180410625.0,-33.02921
1180410781.25,-33.02706
1180410937.5,-33.0271
1180411093.75,-33.02379
1180411250.0,-33.02518
1180411406.25,-33.01749
1180411562.5,-33.01565
1180411718.75,-33.02075
1180411875.0,-33.01796
1180412031.25,-33.01131
1180412187.5,-33.01592
1180412343.75,-33.01164
1180412500.0,-33.02224
1180412656.25,-33.00638
1180412812.5,-33.00847
1180412968.75,-33.01023
1180413125.0,-33.00455
1180413281.25,-32.9994
1180413437.5,-32.99519
1180413593.75,-33.00217
1180413750.0,-32.99449
1180413906.25,-32.9961
1180414062.5,-32.99781
1180414218.75,-32.99184
1180414375.0,-32.9957
1180414531.25,-32.99136
1180414687.5,-32.9936
1180414843.75,-32.97907
1180415000.0,-32.98653
1180415156.25,-32.986
1180415312.5,-32.98022
1180415468.75,-32.98316
1180415625.0,-32.98276
1180415781.25,-32.9845
1180415937.5,-32.97682
1180416093.75,-32.97986
1180416250.0,-32.97208
1180416406.25,-32.97414
1180416562.5,-32.96921
1180416718.75,-32.97449
1180416875.0,-32.96827
1180417031.25,-32.97212
1180417187.5,-32.95398
1180417343.75,-32.96463
1180417500.0,-32.96085
1180417656.25,-32.96389
1180417812.5,-32.96748
1180417968.75,-32.95625
1180418125.0,-32.95597
1180418281.25,-32.95401
1180418437.5,-32.95727
1180418593.75,-32.95168
1180418750.0,-32.95148
1180418906.25,-32.95086
1180419062.5,-32.95231
1180419218.75,-32.94806
1180419375.0,-32.94469
1180419531.25,-32.94432
1180419687.5,-32.94041
1180419843.75,-32.9399
1180420000.0,-32.94708
1180420156.25,-32.93784
1180420312.5,-32.93999
1180420468.75,-32.94021
1180420625.0,-32.92882
1180420781.25,-32.93816
1180420937.5,-32.93661
1180421093.75,-32.93099
1180421250.0,-32.92025
1180421406.25,-32.9334
1180421562.5,-32.9222
1180421718.75,-32.92385
1180421875.0,-32.91764
1180422031.25,-32.92365
1180422187.5,-32.9265
1180422343.75,-32.91801
1180422500.0,-32.9156
1180422656.25,-32.91874
1180422812.5,-32.91481
1180422968.75,-32.91064
1180423125.0,-32.91114
1180423281.25,-32.90352
1180423437.5,-32.90095
1180423593.75,-32.91026
1180423750.0,-32.91006
1180423906.25,-32.89464
1180424062.5,-32.89319
1180424218.75,-32.89957
1180424375.0,-32.89324
1180424531.25,-32.9008
1180424687.5,-32.8934
1180424843.75,-32.88665
1180425000.0,-32.89873
1180425156.25,-32.88856
1180425312.5,-32.89376
1180425468.75,-32.88261
1180425625.0,-32.88743
1180425781.25,-32.88187
1180425937.5,-32.87873
1180426093.75,-32.88594
1180426250.0,-32.88073
1180426406.25,-32.87824
1180426562.5,-32.8799
1180426718.75,-32.87229
1180426875.0,-32.87552
1180427031.25,-32.8775
1180427187.5,-32.86563
1180427343.75,-32.86889
1180427500.0,-32.8661
1180427656.25,-32.86145
1180427812.5,-32.86726
1180427968.75,-32.86414
1180428125.0,-32.86014
1180428281.25,-32.85431
1180428437.5,-32.85563
1180428593.75,-32.85724
1180428750.0,-32.8554
1180428906.25,-32.84974
1180429062.5,-32.8544
1180429218.75,-32.85641
1180429375.0,-32.84428
1180429531.25,-32.84623
1180429687.5,-32.84256
1180429843.75,-32.8479
1180430000.0,-32.84069
1180430156.25,-32.84248
1180430312.5,-32.83368
1180430468.75,-32.84178
1180430625.0,-32.83932
1180430781.25,-32.83421
1180430937.5,-32.84013
1180431093.75,-32.83344
1180431250.0,-32.82594
1180431406.25,-32.83213
1180431562.5,-32.83207
1180431718.75,-32.83236
1180431875.0,-32.8204
1180432031.25,-32.81575
1180432187.5,-32.82094
1180432343.75,-32.81519
1180432500.0,-32.82445
1180432656.25,-32.81599
1180432812.5,-32.81427
1180432968.75,-32.8141
1180433125.0,-32.81396
1180433281.25,-32.80807
1180433437.5,-32.80986
1180433593.75,-32.8033
1180433750.0,-32.80658
1180433906.25,-32.8029
1180434062.5,-32.80188
1180434218.75,-32.79525
1180434375.0,-32.79777
1180434531.25,-32.7871
1180434687.5,-32.79659
1180434843.75,-32.7976
1180435000.0,-32.79806
1180435156.25,-32.79479
1180435312.5,-32.79455
1180435468.75,-32.78753
1180435625.0,-32.79826
1180435781.25,-32.78979
1180435937.5,-32.78492
1180436093.75,-32.77701
1180436250.0,-32.77982
1180436406.25,-32.78696
1180436562.5,-32.7769
1180436718.75,-32.77805
1180436875.0,-32.77206
1180437031.25,-32.77124
1180437187.5,-32.77398
1180437343.75,-32.77543
1180437500.0,-32.77986
1180437656.25,-32.776
1180437812.5,-32.76702
1180437968.75,-32.76411
1180438125.0,-32.76674
1180438281.25,-32.757
1180438437.5,-32.76997
1180438593.75,-32.7615
1180438750.0,-32.76493
1180438906.25,-32.76081
1180439062.5,-32.75945
1180439218.75,-32.7486
1180439375.0,-32.75111
1180439531.25,-32.75425
1180439687.5,-32.75393
1180439843.75,-32.74704
1180440000.0,-32.74554
1180440156.25,-32.74212
1180440312.5,-32.73726
1180440468.75,-32.74359
1180440625.0,-32.73056
1180440781.25,-32.73491
1180440937.5,-32.72598
1180441093.75,-32.74722
1180441250.0,-32.72501
1180441406.25,-32.73063
1180441562.5,-32.73281
1180441718.75,-32.73286
1180441875.0,-32.72256
1180442031.25,-32.72509
1180442187.5,-32.71769
1180442343.75,-32.72255
1180442500.0,-32.72956
1180442656.25,-32.71323
1180442812.5,-32.71308
1180442968.75,-32.71849
1180443125.0,-32.71544
1180443281.25,-32.71242
1180443437.5,-32.71367
1180443593.75,-32.71255
1180443750.0,-32.71897
1180443906.25,-32.70301
1180444062.5,-32.71045
1180444218.75,-32.70092
1180444375.0,-32.70592
1180444531.25,-32.69934
1180444687.5,-32.69738
1180444843.75,-32.70148
1180445000.0,-32.6979
1180445156.25,-32.70181
1180445312.5,-32.6845
1180445468.75,-32.69784
1180445625.0,-32.68475
1180445781.25,-32.68018
1180445937.5,-32.68248
1180446093.75,-32.68993
1180446250.0,-32.68599
1180446406.25,-32.68293
1180446562.5,-32.68217
1180446718.75,-32.68852
1180446875.0,-32.67767
1180447031.25,-32.67281
1180447187.5,-32.68058
1180447343.75,-32.67212
1180447500.0,-32.67987
1180447656.25,-32.66828
1180447812.5,-32.66754
1180447968.75,-32.67371
1180448125.0,-32.67023
1180448281.25,-32.6632
1180448437.5,-32.66288
1180448593.75,-32.66166
1180448750.0,-32.65429
1180448906.25,-32.65763
1180449062.5,-32.66101
1180449218.75,-32.655
1180449375.0,-32.65701
1180449531.25,-32.65044
1180449687.5,-32.65517
1180449843.75,-32.65215
1180450000.0,-32.65178
1180450156.25,-32.6497
1180450312.5,-32.64049
1180450468.75,-32.642
1180450625.0,-32.64231
1180450781.25,-32.64232
1180450937.5,-32.63798
1180451093.75,-32.63802
1180451250.0,-32.6364
1180451406.25,-32.6394
1180451562.5,-32.6366
1180451718.75,-32.63551
1180451875.0,-32.62428
1180452031.25,-32.62772
1180452187.5,-32.61734
1180452343.75,-32.63504
1180452500.0,-32.62303
1180452656.25,-32.61353
1180452812.5,-32.61253
1180452968.75,-32.61341
1180453125.0,-32.62553
1180453281.25,-32.61601
1180453437.5,-32.619
1180453593.75,-32.61533
1180453750.0,-32.6147
1180453906.25,-32.61089
1180454062.5,-32.61068
1180454218.75,-32.61016
1180454375.0,-32.60562
1180454531.25,-32.60408
1180454687.5,-32.59479
1180454843.75,-32.60154
1180455000.0,-32.60287
1180455156.25,-32.59704
1180455312.5,-32.60091
1180455468.75,-32.59908
1180455625.0,-32.59693
1180455781.25,-32.58228
1180455937.5,-32.58724
1180456093.75,-32.58206
1180456250.0,-32.58523
1180456406.25,-32.5862
1180456562.5,-32.58467
1180456718.75,-32.57728
1180456875.0,-32.57944
1180457031.25,-32.58047
1180457187.5,-32.575
1180457343.75,-32.57681
1180457500.0,-32.57225
1180457656.25,-32.57161
1180457812.5,-32.5742
1180457968.75,-32.56663
1180458125.0,-32.56625
1180458281.25,-32.56803
1180458437.5,-32.56339
1180458593.75,-32.56218
1180458750.0,-32.56578
1180458906.25,-32.56491
1180459062.5,-32.55463
1180459218.75,-32.56246
1180459375.0,-32.55724
1180459531.25,-32.54795
1180459687.5,-32.55042
1180459843.75,-32.55264
1180460000.0,-32.55148
1180460156.25,-32.55241
1180460312.5,-32.54557
1180460468.75,-32.54482
1180460625.0,-32.54696
1180460781.25,-32.53759
1180460937.5,-32.54007
1180461093.75,-32.5432
1180461250.0,-32.53537
1180461406.25,-32.53412
1180461562.5,-32.53865
1180461718.75,-32.53849
1180461875.0,-32.5309
1180462031.25,-32.52263
1180462187.5,-32.52252
1180462343.75,-32.52479
1180462500.0,-32.52689
1180462656.25,-32.52332
1180462812.5,-32.5237
1180462968.75,-32.52169
1180463125.0,-32.52437
1180463281.25,-32.52282
1180463437.5,-32.51159
1180463593.75,-32.51618
1180463750.0,-32.50904
1180463906.25,-32.51384
1180464062.5,-32.50509
1180464218.75,-32.50129
1180464375.0,-32.50674
1180464531.25,-32.50118
1180464687.5,-32.50137
1180464843.75,-32.50816
1180465000.0,-32.50258
1180465156.25,-32.49315
1180465312.5,-32.49617
1180465468.75,-32.49338
1180465625.0,-32.49121
1180465781.25,-32.49095
1180465937.5,-32.49166
1180466093.75,-32.48765
1180466250.0,-32.49129
1180466406.25,-32.48733
1180466562.5,-32.48103
1180466718.75,-32.48398
1180466875.0,-32.47546
1180467031.25,-32.47882
1180467187.5,-32.46911
1180467343.75,-32.47106
1180467500.0,-32.47152
1180467656.25,-32.46755
1180467812.5,-32.46476
1180467968.75,-32.46657
1180468125.0,-32.46105
1180468281.25,-32.46455
1180468437.5,-32.46112
1180468593.75,-32.46774
1180468750.0,-32.46511
1180468906.25,-32.46281
1180469062.5,-32.45791
1180469218.75,-32.45434
1180469375.0,-32.45607
1180469531.25,-32.45708
1180469687.5,-32.45121
1180469843.75,-32.45108
1180470000.0,-32.44293
1180470156.25,-32.43873
1180470312.5,-32.44915
1180470468.75,-32.44295
1180470625.0,-32.43984
1180470781.25,-32.43899
1180470937.5,-32.44386
1180471093.75,-32.43085
1180471250.0,-32.42964
1180471406.25,-32.42939
1180471562.5,-32.43361
1180471718.75,-32.43387
1180471875.0,-32.43074
1180472031.25,-32.42206
1180472187.5,-32.4284
1180472343.75,-32.41884
1180472500.0,-32.42693
1180472656.25,-32.42268
1180472812.5,-32.41385
1180472968.75,-32.41896
1180473125.0,-32.41576
1180473281.25,-32.41329
1180473437.5,-32.41728
1180473593.75,-32.41893
1180473750.0,-32.41041
1180473906.25,-32.41576
1180474062.5,-32.40582
1180474218.75,-32.403
1180474375.0,-32.40076
1180474531.25,-32.39869
1180474687.5,-32.40547
1180474843.75,-32.39568
1180475000.0,-32.39572
1180475156.25,-32.3934
1180475312.5,-32.39578
1180475468.75,-32.39304
1180475625.0,-32.39889
1180475781.25,-32.38862
1180475937.5,-32.39354
1180476093.75,-32.37719
1180476250.0,-32.38391
1180476406.25,-32.38044
1180476562.5,-32.38063
1180476718.75,-32.38618
1180476875.0,-32.3764
1180477031.25,-32.37721
1180477187.5,-32.36677
1180477343.75,-32.37787
1180477500.0,-32.36997
1180477656.25,-32.36883
1180477812.5,-32.36998
1180477968.75,-32.36642
1180478125.0,-32.37365
1180478281.25,-32.36719
1180478437.5,-32.3622
1180478593.75,-32.35958
1180478750.0,-32.36629
1180478906.25,-32.36208
1180479062.5,-32.35826
1180479218.75,-32.35515
1180479375.0,-32.35198
1180479531.25,-32.3573
1180479687.5,-32.34624
1180479843.75,-32.35174
1180480000.0,-32.34334
1180480156.25,-32.34179
1180480312.5,-32.34254
1180480468.75,-32.34706
1180480625.0,-32.34491
1180480781.25,-32.34355
1180480937.5,-32.33358
1180481093.75,-32.33541
1180481250.0,-32.33338
1180481406.25,-32.33455
1180481562.5,-32.33398
1180481718.75,-32.33307
1180481875.0,-32.32847
1180482031.25,-32.32985
1180482187.5,-32.32978
1180482343.75,-32.32731
1180482500.0,-32.32174
1180482656.25,-32.31834
1180482812.5,-32.31772
1180482968.75,-32.32085
1180483125.0,-32.32149
1180483281.25,-32.30983
1180483437.5,-32.31309
1180483593.75,-32.31204
1180483750.0,-32.30877
1180483906.25,-32.30606
1180484062.5,-32.30402
1180484218.75,-32.29902
1180484375.0,-32.29767
1180484531.25,-32.29793
1180484687.5,-32.29551
1180484843.75,-32.30178
1180485000.0,-32.29419
1180485156.25,-32.30395
1180485312.5,-32.28603
1180485468.75,-32.28653
1180485625.0,-32.28687
1180485781.25,-32.29398
1180485937.5,-32.28685
1180486093.75,-32.28396
1180486250.0,-32.28653
1180486406.25,-32.27867
1180486562.5,-32.27888
1180486718.75,-32.28537
1180486875.0,-32.27223
1180487031.25,-32.27388
1180487187.5,-32.27027
1180487343.75,-32.27092
1180487500.0,-32.26391
1180487656.25,-32.2688
1180487812.5,-32.27031
1180487968.75,-32.26778
1180488125.0,-32.26127
1180488281.25,-32.25729
1180488437.5,-32.25907
1180488593.75,-32.25718
1180488750.0,-32.25452
1180488906.25,-32.2588
1180489062.5,-32.25624
1180489218.75,-32.24504
1180489375.0,-32.24274
1180489531.25,-32.24635
1180489687.5,-32.25822
1180489843.75,-32.24715
1180490000.0,-32.24819
1180490156.25,-32.23906
1180490312.5,-32.24729
1180490468.75,-32.24713
1180490625.0,-32.24128
1180490781.25,-32.23631
1180490937.5,-32.2392
1180491093.75,-32.23553
1180491250.0,-32.23253
1180491406.25,-32.22919
1180491562.5,-32.21959
1180491718.75,-32.22055
1180491875.0,-32.21878
1180492031.25,-32.22849
1180492187.5,-32.22123
1180492343.75,-32.22858
1180492500.0,-32.21587
1180492656.25,-32.2163
1180492812.5,-32.22344
1180492968.75,-32.21182
1180493125.0,-32.21421
1180493281.25,-32.21627
1180493437.5,-32.21227
1180493593.75,-32.20869
1180493750.0,-32.21087
1180493906.25,-32.20614
1180494062.5,-32.20303
1180494218.75,-32.20224
1180494375.0,-32.19912
1180494531.25,-32.19536
1180494687.5,-32.19838
1180494843.75,-32.19981
1180495000.0,-32.1904
1180495156.25,-32.19657
1180495312.5,-32.19207
1180495468.75,-32.19037
1180495625.0,-32.18212
1180495781.25,-32.1856
1180495937.5,-32.18375
1180496093.75,-32.1864
1180496250.0,-32.18236
1180496406.25,-32.17611
1180496562.5,-32.17964
1180496718.75,-32.17164
1180496875.0,-32.17325
1180497031.25,-32.16752
1180497187.5,-32.17369
1180497343.75,-32.17269
1180497500.0,-32.16526
1180497656.25,-32.16336
1180497812.5,-32.15992
1180497968.75,-32.15667
1180498125.0,-32.16637
1180498281.25,-32.15275
1180498437.5,-32.15384
1180498593.75,-32.14812
1180498750.0,-32.14486
1180498906.25,-32.15112
1180499062.5,-32.14481
1180499218.75,-32.15121
1180499375.0,-32.1412
1180499531.25,-32.14479
1180499687.5,-32.144
1180499843.75,-32.14137
1180500000.0,-32.13569
1180500156.25,-32.13821
1180500312.5,-32.13826
1180500468.75,-32.13858
1180500625.0,-32.1356
1180500781.25,-32.13113
1180500937.5,-32.12933
1180501093.75,-32.13199
1180501250.0,-32.12867
1180501406.25,-32.12111
1180501562.5,-32.12257
1180501718.75,-32.11975
1180501875.0,-32.11668
1180502031.25,-32.12244
1180502187.5,-32.12524
1180502343.75,-32.12067
1180502500.0,-32.12167
1180502656.25,-32.11113
1180502812.5,-32.11487
1180502968.75,-32.11566
1180503125.0,-32.10658
1180503281.25,-32.10087
1180503437.5,-32.10292
1180503593.75,-32.10418
1180503750.0,-32.0929
1180503906.25,-32.09909
1180504062.5,-32.09498
1180504218.75,-32.10061
1180504375.0,-32.09678
1180504531.25,-32.09433
1180504687.5,-32.08981
1180504843.75,-32.087
1180505000.0,-32.08981
1180505156.25,-32.08566
1180505312.5,-32.09206
1180505468.75,-32.07727
1180505625.0,-32.08207
1180505781.25,-32.08028
1180505937.5,-32.07952
1180506093.75,-32.07624
1180506250.0,-32.06632
1180506406.25,-32.07837
1180506562.5,-32.07539
1180506718.75,-32.06641
1180506875.0,-32.06317
1180507031.25,-32.06769
1180507187.5,-32.07142
1180507343.75,-32.06236
1180507500.0,-32.05706
1180507656.25,-32.05569
1180507812.5,-32.05775
1180507968.75,-32.0574
1180508125.0,-32.05758
1180508281.25,-32.06196
1180508437.5,-32.05296
1180508593.75,-32.04945
1180508750.0,-32.04816
1180508906.25,-32.05228
1180509062.5,-32.04555
1180509218.75,-32.04422
1180509375.0,-32.04394
1180509531.25,-32.03627
1180509687.5,-32.03718
1180509843.75,-32.03002
1180510000.0,-32.04344
1180510156.25,-32.03532
1180510312.5,-32.03923
1180510468.75,-32.0375
1180510625.0,-32.03436
1180510781.25,-32.02319
1180510937.5,-32.0268
1180511093.75,-32.02698
1180511250.0,-32.02795
1180511406.25,-32.02483
1180511562.5,-32.0202
1180511718.75,-32.02277
1180511875.0,-32.01239
1180512031.25,-32.01441
1180512187.5,-32.01913
1180512343.75,-32.00308
1180512500.0,-32.00985
1180512656.25,-32.0092
1180512812.5,-32.01041
1180512968.75,-32.00371
1180513125.0,-32.00289
1180513281.25,-32.01378
1180513437.5,-32.00576
1180513593.75,-32.0006
1180513750.0,-31.99386
1180513906.25,-31.99419
1180514062.5,-31.99048
1180514218.75,-31.9856
1180514375.0,-31.99425
1180514531.25,-31.9888
1180514687.5,-31.98943
1180514843.75,-31.9849
1180515000.0,-31.98042
1180515156.25,-31.98491
1180515312.5,-31.97991
1180515468.75,-31.98749
1180515625.0,-31.97266
1180515781.25,-31.97654
1180515937.5,-31.967
1180516093.75,-31.96795
1180516250.0,-31.96884
1180516406.25,-31.96983
1180516562.5,-31.96228
1180516718.75,-31.96531
1180516875.0,-31.96395
1180517031.25,-31.97218
1180517187.5,-31.95905
1180517343.75,-31.9561
1180517500.0,-31.95684
1180517656.25,-31.95107
1180517812.5,-31.95372
1180517968.75,-31.95868
1180518125.0,-31.94611
1180518281.25,-31.95673
1180518437.5,-31.94687
1180518593.75,-31.94253
1180518750.0,-31.94621
1180518906.25,-31.94517
1180519062.5,-31.93551
1180519218.75,-31.93397
1180519375.0,-31.9374
1180519531.25,-31.94061
1180519687.5,-31.93167
1180519843.75,-31.92771
1180520000.0,-31.93174
1180520156.25,-31.93485
1180520312.5,-31.92642
1180520468.75,-31.92564
1180520625.0,-31.91756
1180520781.25,-31.91848
1180520937.5,-31.91746
1180521093.75,-31.91518
1180521250.0,-31.91291
1180521406.25,-31.91162
1180521562.5,-31.92416
1180521718.75,-31.9178
1180521875.0,-31.90417
1180522031.25,-31.90837
1180522187.5,-31.90036
1180522343.75,-31.91054
1180522500.0,-31.90436
1180522656.25,-31.89997
1180522812.5,-31.90187
1180522968.75,-31.90128
1180523125.0,-31.89732
1180523281.25,-31.89755
1180523437.5,-31.89789
1180523593.75,-31.89419
1180523750.0,-31.89014
1180523906.25,-31.89165
1180524062.5,-31.885
1180524218.75,-31.87768
1180524375.0,-31.8814
1180524531.25,-31.87737
1180524687.5,-31.8773
1180524843.75,-31.88163
1180525000.0,-31.87015
1180525156.25,-31.87248
1180525312.5,-31.87622
1180525468.75,-31.86592
1180525625.0,-31.87409
1180525781.25,-31.86389
1180525937.5,-31.86033
1180526093.75,-31.86531
1180526250.0,-31.86103
1180526406.25,-31.86227
1180526562.5,-31.86146
1180526718.75,-31.85656
1180526875.0,-31.85567
1180527031.25,-31.85664
1180527187.5,-31.85693
1180527343.75,-31.84738
1180527500.0,-31.84576
1180527656.25,-31.84396
1180527812.5,-31.83996
1180527968.75,-31.84961
1180528125.0,-31.84507
1180528281.25,-31.84338
1180528437.5,-31.84501
1180528593.75,-31.83815
1180528750.0,-31.82979
1180528906.25,-31.83448
1180529062.5,-31.83047
1180529218.75,-31.82354
1180529375.0,-31.82756
1180529531.25,-31.82703
1180529687.5,-31.82247
1180529843.75,-31.81898
1180530000.0,-31.82493
1180530156.25,-31.8152
1180530312.5,-31.80987
1180530468.75,-31.81668
1180530625.0,-31.81275
1180530781.25,-31.81701
1180530937.5,-31.81738
1180531093.75,-31.80423
1180531250.0,-31.80445
1180531406.25,-31.80356
1180531562.5,-31.80443
1180531718.75,-31.80277
1180531875.0,-31.80433
1180532031.25,-31.80027
1180532187.5,-31.79757
1180532343.75,-31.80271
1180532500.0,-31.79188
1180532656.25,-31.79653
1180532812.5,-31.7906
1180532968.75,-31.79018
1180533125.0,-31.78522
1180533281.25,-31.78143
1180533437.5,-31.78492
1180533593.75,-31.77899
1180533750.0,-31.78172
1180533906.25,-31.78005
1180534062.5,-31.77533
1180534218.75,-31.77713
1180534375.0,-31.77715
1180534531.25,-31.7746
1180534687.5,-31.76857
1180534843.75,-31.77151
1180535000.0,-31.76695
1180535156.25,-31.76328
1180535312.5,-31.75838
1180535468.75,-31.76601
1180535625.0,-31.75524
1180535781.25,-31.75698
1180535937.5,-31.75974
1180536093.75,-31.76223
1180536250.0,-31.7513
1180536406.25,-31.74898
1180536562.5,-31.74669
1180536718.75,-31.74566
1180536875.0,-31.75142
1180537031.25,-31.74401
1180537187.5,-31.74064
1180537343.75,-31.73783
1180537500.0,-31.74212
1180537656.25,-31.73953
1180537812.5,-31.73192
1180537968.75,-31.7439
1180538125.0,-31.73112
1180538281.25,-31.73655
1180538437.5,-31.73026
1180538593.75,-31.72337
1180538750.0,-31.72338
1180538906.25,-31.727
1180539062.5,-31.72122
1180539218.75,-31.71921
1180539375.0,-31.71722
1180539531.25,-31.72306
1180539687.5,-31.71568
1180539843.75,-31.71652
1180540000.0,-31.71793
1180540156.25,-31.70825
1180540312.5,-31.70946
1180540468.75,-31.708
1180540625.0,-31.70453
1180540781.25,-31.70629
1180540937.5,-31.70632
1180541093.75,-31.70794
1180541250.0,-31.70228
1180541406.25,-31.69456
1180541562.5,-31.70293
1180541718.75,-31.69049
1180541875.0,-31.69777
1180542031.25,-31.68743
1180542187.5,-31.69461
1180542343.75,-31.68884
1180542500.0,-31.69188
1180542656.25,-31.68658
1180542812.5,-31.68229
1180542968.75,-31.68285
1180543125.0,-31.67796
1180543281.25,-31.67514
1180543437.5,-31.6746
1180543593.75,-31.67366
1180543750.0,-31.67584
1180543906.25,-31.66907
1180544062.5,-31.66558
1180544218.75,-31.66038
1180544375.0,-31.6621
1180544531.25,-31.66332
1180544687.5,-31.66735
1180544843.75,-31.65881
1180545000.0,-31.65653
1180545156.25,-31.6581
1180545312.5,-31.65662
1180545468.75,-31.65466
1180545625.0,-31.64417
1180545781.25,-31.64753
1180545937.5,-31.64203
1180546093.75,-31.63674
1180546250.0,-31.6462
1180546406.25,-31.64652
1180546562.5,-31.63485
1180546718.75,-31.64078
1180546875.0,-31.63066
1180547031.25,-31.63429
1180547187.5,-31.63086
1180547343.75,-31.62809
1180547500.0,-31.62486
1180547656.25,-31.62568
1180547812.5,-31.63296
1180547968.75,-31.63072
1180548125.0,-31.62164
1180548281.25,-31.62137
1180548437.5,-31.61336
1180548593.75,-31.62131
1180548750.0,-31.61835
1180548906.25,-31.62198
1180549062.5,-31.61104
1180549218.75,-31.61379
1180549375.0,-31.6098
1180549531.25,-31.60765
1180549687.5,-31.6055
1180549843.75,-31.60435
1180550000.0,-31.59923
1180550156.25,-31.59639
1180550312.5,-31.60488
1180550468.75,-31.5997
1180550625.0,-31.5904
1180550781.25,-31.59641
1180550937.5,-31.59587
1180551093.75,-31.59733
1180551250.0,-31.58704
1180551406.25,-31.58328
1180551562.5,-31.58456
1180551718.75,-31.58474
1180551875.0,-31.58367
1180552031.25,-31.57749
1180552187.5,-31.57826
1180552343.75,-31.57714
1180552500.0,-31.57299
1180552656.25,-31.5744
1180552812.5,-31.57009
1180552968.75,-31.56486
1180553125.0,-31.57372
1180553281.25,-31.56632
1180553437.5,-31.56504
1180553593.75,-31.55992
1180553750.0,-31.55561
1180553906.25,-31.55744
1180554062.5,-31.55827
1180554218.75,-31.5534
1180554375.0,-31.55446
1180554531.25,-31.55812
1180554687.5,-31.54917
1180554843.75,-31.55034
1180555000.0,-31.54293
1180555156.25,-31.53504
1180555312.5,-31.5462
1180555468.75,-31.54177
1180555625.0,-31.53773
1180555781.25,-31.53802
1180555937.5,-31.53909
1180556093.75,-31.53266
1180556250.0,-31.52704
1180556406.25,-31.53321
1180556562.5,-31.52141
1180556718.75,-31.52603
1180556875.0,-31.52596
1180557031.25,-31.52586
1180557187.5,-31.51951
1180557343.75,-31.52526
1180557500.0,-31.52538
1180557656.25,-31.52007
1180557812.5,-31.51346
1180557968.75,-31.51476
1180558125.0,-31.51393
1180558281.25,-31.50315
1180558437.5,-31.50887
1180558593.75,-31.50362
1180558750.0,-31.50518
1180558906.25,-31.50306
1180559062.5,-31.50098
1180559218.75,-31.50562
1180559375.0,-31.4996
1180559531.25,-31.50151
1180559687.5,-31.48613
1180559843.75,-31.49185
1180560000.0,-31.49162
1180560156.25,-31.48611
1180560312.5,-31.489
1180560468.75,-31.48622
1180560625.0,-31.48792
1180560781.25,-31.47433
1180560937.5,-31.48494
1180561093.75,-31.47539
1180561250.0,-31.48506
1180561406.25,-31.47198
1180561562.5,-31.47803
1180561718.75,-31.4737
1180561875.0,-31.46368
1180562031.25,-31.46937
1180562187.5,-31.46509
1180562343.75,-31.46353
1180562500.0,-31.45795
1180562656.25,-31.46246
1180562812.5,-31.46078
1180562968.75,-31.45822
1180563125.0,-31.45974
1180563281.25,-31.45426
1180563437.5,-31.45663
1180563593.75,-31.44826
1180563750.0,-31.4542
1180563906.25,-31.45018
1180564062.5,-31.44376
1180564218.75,-31.45153
1180564375.0,-31.44225
1180564531.25,-31.44205
1180564687.5,-31.43449
1180564843.75,-31.43357
1180565000.0,-31.43138
1180565156.25,-31.4338
1180565312.5,-31.42963
1180565468.75,-31.43257
1180565625.0,-31.42646
1180565781.25,-31.42018
1180565937.5,-31.42621
1180566093.75,-31.42203
1180566250.0,-31.4193
1180566406.25,-31.4139
1180566562.5,-31.42343
1180566718.75,-31.41321
1180566875.0,-31.41053
1180567031.25,-31.40826
1180567187.5,-31.40609
1180567343.75,-31.40262
1180567500.0,-31.40686
1180567656.25,-31.39979
1180567812.5,-31.40535
1180567968.75,-31.40176
1180568125.0,-31.40231
1180568281.25,-31.39361
1180568437.5,-31.39691
1180568593.75,-31.39454
1180568750.0,-31.39178
1180568906.25,-31.38902
1180569062.5,-31.38685
1180569218.75,-31.38497
1180569375.0,-31.38346
1180569531.25,-31.38164
1180569687.5,-31.38045
1180569843.75,-31.37438
1180570000.0,-31.37574
1180570156.25,-31.37538
1180570312.5,-31.37688
1180570468.75,-31.36832
1180570625.0,-31.36647
1180570781.25,-31.36598
1180570937.5,-31.36568
1180571093.75,-31.36449
1180571250.0,-31.36611
1180571406.25,-31.35736
1180571562.5,-31.35644
1180571718.75,-31.35177
1180571875.0,-31.35828
1180572031.25,-31.35594
1180572187.5,-31.35122
1180572343.75,-31.35455
1180572500.0,-31.3438
1180572656.25,-31.34842
1180572812.5,-31.33908
1180572968.75,-31.34466
1180573125.0,-31.33941
1180573281.25,-31.33823
1180573437.5,-31.3368
1180573593.75,-31.34047
1180573750.0,-31.32476
1180573906.25,-31.32347
1180574062.5,-31.33612
1180574218.75,-31.32638
1180574375.0,-31.32726
1180574531.25,-31.32197
1180574687.5,-31.32059
1180574843.75,-31.31985
1180575000.0,-31.31958
1180575156.25,-31.32037
1180575312.5,-31.31646
1180575468.75,-31.3119
1180575625.0,-31.31648
1180575781.25,-31.3089
1180575937.5,-31.30655
1180576093.75,-31.31379
1180576250.0,-31.30381
1180576406.25,-31.30239
1180576562.5,-31.30163
1180576718.75,-31.29435
1180576875.0,-31.29347
1180577031.25,-31.29727
1180577187.5,-31.29582
1180577343.75,-31.28756
1180577500.0,-31.29326
1180577656.25,-31.29156
1180577812.5,-31.28944
1180577968.75,-31.28102
1180578125.0,-31.28523
1180578281.25,-31.28028
1180578437.5,-31.28406
1180578593.75,-31.27994
1180578750.0,-31.2764
1180578906.25,-31.27523
1180579062.5,-31.27106
1180579218.75,-31.26396
1180579375.0,-31.27425
1180579531.25,-31.26498
1180579687.5,-31.26465
1180579843.75,-31.2656
1180580000.0,-31.2641
1180580156.25,-31.25908
1180580312.5,-31.25904
1180580468.75,-31.261
1180580625.0,-31.2585
1180580781.25,-31.25142
1180580937.5,-31.24605
1180581093.75,-31.24832
1180581250.0,-31.25009
1180581406.25,-31.24761
1180581562.5,-31.24098
1180581718.75,-31.25
1180581875.0,-31.23898
1180582031.25,-31.23726
1180582187.5,-31.24384
1180582343.75,-31.23397
1180582500.0,-31.23698
1180582656.25,-31.23538
1180582812.5,-31.23262
1180582968.75,-31.22823
1180583125.0,-31.22584
1180583281.25,-31.22261
1180583437.5,-31.2211
1180583593.75,-31.22326
1180583750.0,-31.21337
1180583906.25,-31.22014
1180584062.5,-31.21836
1180584218.75,-31.21549
1180584375.0,-31.21066
1180584531.25,-31.20972
1180584687.5,-31.20998
1180584843.75,-31.21572
1180585000.0,-31.20772
1180585156.25,-31.20904
1180585312.5,-31.20237
1180585468.75,-31.19674
1180585625.0,-31.20125
1180585781.25,-31.19772
1180585937.5,-31.19605
1180586093.75,-31.2026
1180586250.0,-31.18944
1180586406.25,-31.18892
1180586562.5,-31.18927
1180586718.75,-31.18651
1180586875.0,-31.18412
1180587031.25,-31.18664
1180587187.5,-31.1762
1180587343.75,-31.18328
1180587500.0,-31.17534
1180587656.25,-31.16891
1180587812.5,-31.16784
1180587968.75,-31.17219
1180588125.0,-31.16702
1180588281.25,-31.16807
1180588437.5,-31.16381
1180588593.75,-31.16886
1180588750.0,-31.16823
1180588906.25,-31.15335
1180589062.5,-31.16051
1180589218.75,-31.15412
1180589375.0,-31.15832
1180589531.25,-31.15165
1180589687.5,-31.14966
1180589843.75,-31.14523
1180590000.0,-31.14558
1180590156.25,-31.14339
1180590312.5,-31.14857
1180590468.75,-31.14029
1180590625.0,-31.13893
1180590781.25,-31.14018
1180590937.5,-31.12606
1180591093.75,-31.12805
1180591250.0,-31.13155
1180591406.25,-31.12644
1180591562.5,-31.13239
1180591718.75,-31.12963
1180591875.0,-31.124
1180592031.25,-31.11721
1180592187.5,-31.11555
1180592343.75,-31.12202
1180592500.0,-31.11313
1180592656.25,-31.11258
1180592812.5,-31.11044
1180592968.75,-31.11271
1180593125.0,-31.10583
1180593281.25,-31.11064
1180593437.5,-31.10464
1180593593.75,-31.1049
1180593750.0,-31.10459
1180593906.25,-31.10168
1180594062.5,-31.09897
1180594218.75,-31.10288
1180594375.0,-31.1002
1180594531.25,-31.08623
1180594687.5,-31.09205
1180594843.75,-31.08591
1180595000.0,-31.08772
1180595156.25,-31.09081
1180595312.5,-31.08314
1180595468.75,-31.07876
1180595625.0,-31.08618
1180595781.25,-31.07761
1180595937.5,-31.08232
1180596093.75,-31.07274
1180596250.0,-31.07518
1180596406.25,-31.07113
1180596562.5,-31.06543
1180596718.75,-31.07406
1180596875.0,-31.05957
1180597031.25,-31.06628
1180597187.5,-31.06107
1180597343.75,-31.05756
1180597500.0,-31.05366
1180597656.25,-31.06129
1180597812.5,-31.05597
1180597968.75,-31.05369
1180598125.0,-31.05487
1180598281.25,-31.0465
1180598437.5,-31.04605
1180598593.75,-31.04353
1180598750.0,-31.04083
1180598906.25,-31.04385
1180599062.5,-31.03663
1180599218.75,-31.04244
1180599375.0,-31.03659
1180599531.25,-31.03496
1180599687.5,-31.02916
1180599843.75,-31.02838
1180600000.0,-31.03245
1180600156.25,-31.0275
1180600312.5,-31.03062
1180600468.75,-31.02449
1180600625.0,-31.02044
1180600781.25,-31.0214
1180600937.5,-31.01646
1180601093.75,-31.02247
1180601250.0,-31.01467
1180601406.25,-31.01439
1180601562.5,-31.0096
1180601718.75,-31.01194
1180601875.0,-31.00412
1180602031.25,-31.00112
1180602187.5,-30.99979
1180602343.75,-31.00356
1180602500.0,-30.99788
1180602656.25,-30.9943
1180602812.5,-30.99243
1180602968.75,-30.9964
1180603125.0,-30.99485
1180603281.25,-30.99021
1180603437.5,-30.98853
1180603593.75,-30.98189
1180603750.0,-30.9824
1180603906.25,-30.98532
1180604062.5,-30.98166
1180604218.75,-30.98088
1180604375.0,-30.97965
1180604531.25,-30.97811
1180604687.5,-30.97135
1180604843.75,-30.97073
1180605000.0,-30.97654
1180605156.25,-30.97004
1180605312.5,-30.96163
1180605468.75,-30.96301
1180605625.0,-30.95984
1180605781.25,-30.96094
1180605937.5,-30.96355
1180606093.75,-30.95853
1180606250.0,-30.95179
1180606406.25,-30.95478
1180606562.5,-30.956
1180606718.75,-30.94954
1180606875.0,-30.94951
1180607031.25,-30.94158
1180607187.5,-30.9407
1180607343.75,-30.94201
1180607500.0,-30.94214
1180607656.25,-30.93813
1180607812.5,-30.93869
1180607968.75,-30.93451
1180608125.0,-30.93168
1180608281.25,-30.92569
1180608437.5,-30.92857
1180608593.75,-30.93322
1180608750.0,-30.92586
1180608906.25,-30.92776
1180609062.5,-30.92812
1180609218.75,-30.91499
1180609375.0,-30.92259
1180609531.25,-30.91532
1180609687.5,-30.91095
1180609843.75,-30.9157
1180610000.0,-30.90626
1180610156.25,-30.90194
1180610312.5,-30.9062
1180610468.75,-30.90568
1180610625.0,-30.89799
1180610781.25,-30.90219
1180610937.5,-30.90045
1180611093.75,-30.9001
1180611250.0,-30.89372
1180611406.25,-30.89558
1180611562.5,-30.88623
1180611718.75,-30.88864
1180611875.0,-30.891
1180612031.25,-30.88276
1180612187.5,-30.88181
1180612343.75,-30.88058
1180612500.0,-30.88359
1180612656.25,-30.87716
1180612812.5,-30.87487
1180612968.75,-30.87363
1180613125.0,-30.8674
1180613281.25,-30.86808
1180613437.5,-30.86621
1180613593.75,-30.86691
1180613750.0,-30.86365
1180613906.25,-30.86933
1180614062.5,-30.87054
1180614218.75,-30.85967
1180614375.0,-30.85712
1180614531.25,-30.85024
1180614687.5,-30.85817
1180614843.75,-30.84946
1180615000.0,-30.85388
1180615156.25,-30.84684
1180615312.5,-30.84455
1180615468.75,-30.84278
1180615625.0,-30.8396
1180615781.25,-30.84379
1180615937.5,-30.83649
1180616093.75,-30.83295
1180616250.0,-30.83639
1180616406.25,-30.83317
1180616562.5,-30.83232
1180616718.75,-30.82463
1180616875.0,-30.82794
1180617031.25,-30.82295
1180617187.5,-30.82418
1180617343.75,-30.81892
1180617500.0,-30.82163
1180617656.25,-30.81763
1180617812.5,-30.8187
1180617968.75,-30.81171
1180618125.0,-30.8159
1180618281.25,-30.80739
1180618437.5,-30.80382
1180618593.75,-30.81225
1180618750.0,-30.8089
1180618906.25,-30.79503
1180619062.5,-30.79811
1180619218.75,-30.79638
1180619375.0,-30.79962
1180619531.25,-30.79024
1180619687.5,-30.79372
1180619843.75,-30.78829
1180620000.0,-30.78738
1180620156.25,-30.78705
1180620312.5,-30.78896
1180620468.75,-30.7832
1180620625.0,-30.77972
1180620781.25,-30.78073
1180620937.5,-30.77549
1180621093.75,-30.77848
1180621250.0,-30.77803
1180621406.25,-30.77345
1180621562.5,-30.77331
1180621718.75,-30.76826
1180621875.0,-30.76329
1180622031.25,-30.76426
1180622187.5,-30.75876
1180622343.75,-30.7644
1180622500.0,-30.75913
1180622656.25,-30.75782
1180622812.5,-30.75318
1180622968.75,-30.755
1180623125.0,-30.75493
1180623281.25,-30.75327
1180623437.5,-30.74603
1180623593.75,-30.74702
1180623750.0,-30.74378
1180623906.25,-30.73975
1180624062.5,-30.73935
1180624218.75,-30.74051
1180624375.0,-30.73574
1180624531.25,-30.7393
1180624687.5,-30.73087
1180624843.75,-30.72723
1180625000.0,-30.72998
1180625156.25,-30.72797
1180625312.5,-30.71756
1180625468.75,-30.72084
1180625625.0,-30.7218
1180625781.25,-30.72311
1180625937.5,-30.7144
1180626093.75,-30.71384
1180626250.0,-30.71051
1180626406.25,-30.71152
1180626562.5,-30.7084
1180626718.75,-30.70724
1180626875.0,-30.70243
1180627031.25,-30.69934
1180627187.5,-30.70277
1180627343.75,-30.6953
1180627500.0,-30.69673
1180627656.25,-30.69258
1180627812.5,-30.69522
1180627968.75,-30.69234
1180628125.0,-30.68508
1180628281.25,-30.68755
1180628437.5,-30.68418
1180628593.75,-30.68355
1180628750.0,-30.68371
1180628906.25,-30.68249
1180629062.5,-30.67476
1180629218.75,-30.66816
1180629375.0,-30.67747
1180629531.25,-30.67327
1180629687.5,-30.66698
1180629843.75,-30.66636
1180630000.0,-30.66043
1180630156.25,-30.66609
1180630312.5,-30.66556
1180630468.75,-30.65827
1180630625.0,-30.6584
1180630781.25,-30.65217
1180630937.5,-30.65315
1180631093.75,-30.65043
1180631250.0,-30.65268
1180631406.25,-30.64177
1180631562.5,-30.65151
1180631718.75,-30.64952
1180631875.0,-30.64023
1180632031.25,-30.6357
1180632187.5,-30.64223
1180632343.75,-30.63103
1180632500.0,-30.6396
1180632656.25,-30.63021
1180632812.5,-30.62837
1180632968.75,-30.62463
1180633125.0,-30.62207
1180633281.25,-30.62523
1180633437.5,-30.62321
1180633593.75,-30.62418
1180633750.0,-30.6197
1180633906.25,-30.62491
1180634062.5,-30.62066
1180634218.75,-30.6102
1180634375.0,-30.61673
1180634531.25,-30.60824
1180634687.5,-30.60419
1180634843.75,-30.60621
1180635000.0,-30.60696
1180635156.25,-30.60288
1180635312.5,-30.59892
1180635468.75,-30.59649
1180635625.0,-30.58867
1180635781.25,-30.60229
1180635937.5,-30.59111
1180636093.75,-30.58921
1180636250.0,-30.59032
1180636406.25,-30.58662
1180636562.5,-30.58419
1180636718.75,-30.59222
1180636875.0,-30.58022
1180637031.25,-30.57648
1180637187.5,-30.57656
1180637343.75,-30.57311
1180637500.0,-30.58205
1180637656.25,-30.57561
1180637812.5,-30.57114
1180637968.75,-30.57077
1180638125.0,-30.55914
1180638281.25,-30.5599
1180638437.5,-30.55648
1180638593.75,-30.55757
1180638750.0,-30.55508
1180638906.25,-30.55283
1180639062.5,-30.54996
1180639218.75,-30.54925
1180639375.0,-30.54695
1180639531.25,-30.54876
1180639687.5,-30.55157
1180639843.75,-30.54461
1180640000.0,-30.54803
1180640156.25,-30.54259
1180640312.5,-30.5393
1180640468.75,-30.54019
1180640625.0,-30.53185
1180640781.25,-30.53158
1180640937.5,-30.53377
1180641093.75,-30.52812
1180641250.0,-30.53192
1180641406.25,-30.52583
1180641562.5,-30.52087
1180641718.75,-30.51902
1180641875.0,-30.51428
1180642031.25,-30.51732
1180642187.5,-30.51267
1180642343.75,-30.50456
1180642500.0,-30.50799
1180642656.25,-30.503
1180642812.5,-30.50306
1180642968.75,-30.5089
1180643125.0,-30.50275
1180643281.25,-30.50544
1180643437.5,-30.50164
1180643593.75,-30.49819
1180643750.0,-30.49915
1180643906.25,-30.4963
1180644062.5,-30.49014
1180644218.75,-30.48515
1180644375.0,-30.48757
1180644531.25,-30.49275
1180644687.5,-30.49025
1180644843.75,-30.48445
1180645000.0,-30.4724
1180645156.25,-30.47915
1180645312.5,-30.47012
1180645468.75,-30.47371
1180645625.0,-30.47197
1180645781.25,-30.47118
1180645937.5,-30.46651
1180646093.75,-30.46101
1180646250.0,-30.46498
1180646406.25,-30.45928
1180646562.5,-30.46252
1180646718.75,-30.45947
1180646875.0,-30.45351
1180647031.25,-30.45203
1180647187.5,-30.44917
1180647343.75,-30.44992
1180647500.0,-30.45409
1180647656.25,-30.45417
1180647812.5,-30.43984
1180647968.75,-30.44022
1180648125.0,-30.44181
1180648281.25,-30.43862
1180648437.5,-30.43536
1180648593.75,-30.44028
1180648750.0,-30.4317
1180648906.25,-30.42862
1180649062.5,-30.4254
1180649218.75,-30.42606
1180649375.0,-30.42515
1180649531.25,-30.41748
1180649687.5,-30.42196
1180649843.75,-30.41961
1180650000.0,-30.41829
1180650156.25,-30.41529
1180650312.5,-30.41317
1180650468.75,-30.40622
1180650625.0,-30.40374
1180650781.25,-30.4045
1180650937.5,-30.39814
1180651093.75,-30.3996
1180651250.0,-30.40204
1180651406.25,-30.39923
1180651562.5,-30.39484
1180651718.75,-30.39867
1180651875.0,-30.39418
1180652031.25,-30.39287
1180652187.5,-30.38627
1180652343.75,-30.38495
1180652500.0,-30.3842
1180652656.25,-30.38225
1180652812.5,-30.38135
1180652968.75,-30.37901
1180653125.0,-30.37723
1180653281.25,-30.37483
1180653437.5,-30.37477
1180653593.75,-30.36314
1180653750.0,-30.37067
1180653906.25,-30.36827
1180654062.5,-30.36637
1180654218.75,-30.36034
1180654375.0,-30.36085
1180654531.25,-30.35992
1180654687.5,-30.35479
1180654843.75,-30.35398
1180655000.0,-30.35303
1180655156.25,-30.3503
1180655312.5,-30.35014
1180655468.75,-30.34689
1180655625.0,-30.34327
1180655781.25,-30.34589
1180655937.5,-30.34336
1180656093.75,-30.33219
1180656250.0,-30.33469
1180656406.25,-30.33091
1180656562.5,-30.32745
1180656718.75,-30.32452
1180656875.0,-30.33272
1180657031.25,-30.32006
1180657187.5,-30.3213
1180657343.75,-30.3253
1180657500.0,-30.32724
1180657656.25,-30.31473
1180657812.5,-30.3146
1180657968.75,-30.31684
1180658125.0,-30.31022
1180658281.25,-30.31587
1180658437.5,-30.31219
1180658593.75,-30.30786
1180658750.0,-30.29798
1180658906.25,-30.30128
1180659062.5,-30.29804
1180659218.75,-30.29694
1180659375.0,-30.30241
1180659531.25,-30.29398
1180659687.5,-30.29197
1180659843.75,-30.29011
1180660000.0,-30.28354
1180660156.25,-30.28882
1180660312.5,-30.2837
1180660468.75,-30.29061
1180660625.0,-30.27807
1180660781.25,-30.2799
1180660937.5,-30.27587
1180661093.75,-30.27055
1180661250.0,-30.26503
1180661406.25,-30.26366
1180661562.5,-30.27029
1180661718.75,-30.26074
1180661875.0,-30.26691
1180662031.25,-30.26325
1180662187.5,-30.25899
1180662343.75,-30.25458
1180662500.0,-30.26146
1180662656.25,-30.25298
1180662812.5,-30.25654
1180662968.75,-30.24805
1180663125.0,-30.24943
1180663281.25,-30.24362
1180663437.5,-30.24483
1180663593.75,-30.24379
1180663750.0,-30.24411
1180663906.25,-30.2377
1180664062.5,-30.23844
1180664218.75,-30.233
1180664375.0,-30.23385
1180664531.25,-30.22756
1180664687.5,-30.22617
1180664843.75,-30.22569
1180665000.0,-30.22337
1180665156.25,-30.22269
1180665312.5,-30.20997
1180665468.75,-30.21673
1180665625.0,-30.21813
1180665781.25,-30.21903
1180665937.5,-30.21547
1180666093.75,-30.21224
1180666250.0,-30.20728
1180666406.25,-30.20506
1180666562.5,-30.19782
1180666718.75,-30.20383
1180666875.0,-30.19804
1180667031.25,-30.19748
1180667187.5,-30.20081
1180667343.75,-30.19166
1180667500.0,-30.1944
1180667656.25,-30.18735
1180667812.5,-30.18655
1180667968.75,-30.18674
1180668125.0,-30.18777
1180668281.25,-30.18441
1180668437.5,-30.18505
1180668593.75,-30.17573
1180668750.0,-30.17817
1180668906.25,-30.17827
1180669062.5,-30.17413
1180669218.75,-30.17012
1180669375.0,-30.16508
1180669531.25,-30.16725
1180669687.5,-30.16512
1180669843.75,-30.1612
1180670000.0,-30.15344
1180670156.25,-30.15873
1180670312.5,-30.15003
1180670468.75,-30.14933
1180670625.0,-30.15239
1180670781.25,-30.15162
1180670937.5,-30.1451
1180671093.75,-30.14356
1180671250.0,-30.14579
1180671406.25,-30.1344
1180671562.5,-30.14249
1180671718.75,-30.14033
1180671875.0,-30.1338
1180672031.25,-30.13422
1180672187.5,-30.12296
1180672343.75,-30.12868
1180672500.0,-30.12327
1180672656.25,-30.12368
1180672812.5,-30.11392
1180672968.75,-30.12359
1180673125.0,-30.11874
1180673281.25,-30.12045
1180673437.5,-30.10923
1180673593.75,-30.11168
1180673750.0,-30.10314
1180673906.25,-30.10749
1180674062.5,-30.10738
1180674218.75,-30.10417
1180674375.0,-30.10199
1180674531.25,-30.10287
1180674687.5,-30.09585
1180674843.75,-30.09859
1180675000.0,-30.0953
1180675156.25,-30.09308
1180675312.5,-30.08623
1180675468.75,-30.08242
1180675625.0,-30.08766
1180675781.25,-30.08047
1180675937.5,-30.08227
1180676093.75,-30.08021
1180676250.0,-30.07432
1180676406.25,-30.07514
1180676562.5,-30.07138
1180676718.75,-30.07233
1180676875.0,-30.07265
1180677031.25,-30.06994
1180677187.5,-30.0651
1180677343.75,-30.06074
1180677500.0,-30.0615
1180677656.25,-30.06293
1180677812.5,-30.0566
1180677968.75,-30.05418
1180678125.0,-30.05594
1180678281.25,-30.0537
1180678437.5,-30.04761
1180678593.75,-30.04804
1180678750.0,-30.04042
1180678906.25,-30.04334
1180679062.5,-30.03394
1180679218.75,-30.03475
1180679375.0,-30.02998
1180679531.25,-30.03362
1180679687.5,-30.03053
1180679843.75,-30.02602
1180680000.0,-30.02381
1180680156.25,-30.0325
1180680312.5,-30.02583
1180680468.75,-30.02511
1180680625.0,-30.02093
1180680781.25,-30.0179
1180680937.5,-30.01661
1180681093.75,-30.01143
1180681250.0,-30.01177
1180681406.25,-30.00829
1180681562.5,-29.99994
1180681718.75,-30.00296
1180681875.0,-30.0037
1180682031.25,-30.00308
1180682187.5,-29.99749
1180682343.75,-29.9947
1180682500.0,-29.99603
1180682656.25,-29.98759
1180682812.5,-29.98488
1180682968.75,-29.98744
1180683125.0,-29.98835
1180683281.25,-29.9822
1180683437.5,-29.98555
1180683593.75,-29.98194
1180683750.0,-29.97408
1180683906.25,-29.97714
1180684062.5,-29.97395
1180684218.75,-29.97433
1180684375.0,-29.96767
1180684531.25,-29.96951
1180684687.5,-29.96739
1180684843.75,-29.95973
1180685000.0,-29.9545
1180685156.25,-29.95499
1180685312.5,-29.9517
1180685468.75,-29.95617
1180685625.0,-29.94954
1180685781.25,-29.95053
1180685937.5,-29.95112
1180686093.75,-29.94634
1180686250.0,-29.94384
1180686406.25,-29.94422
1180686562.5,-29.93303
1180686718.75,-29.94009
1180686875.0,-29.93951
1180687031.25,-29.93667
1180687187.5,-29.92518
1180687343.75,-29.92552
1180687500.0,-29.93095
1180687656.25,-29.92567
1180687812.5,-29.92404
1180687968.75,-29.92319
1180688125.0,-29.92352
1180688281.25,-29.91483
1180688437.5,-29.9104
1180688593.75,-29.9145
1180688750.0,-29.913
1180688906.25,-29.90605
1180689062.5,-29.90233
1180689218.75,-29.90129
1180689375.0,-29.90033
1180689531.25,-29.89692
1180689687.5,-29.89769
1180689843.75,-29.8936
1180690000.0,-29.89747
1180690156.25,-29.8904
1180690312.5,-29.89212
1180690468.75,-29.88849
1180690625.0,-29.88916
1180690781.25,-29.88214
1180690937.5,-29.88143
1180691093.75,-29.88174
1180691250.0,-29.87773
1180691406.25,-29.87493
1180691562.5,-29.86738
1180691718.75,-29.87384
1180691875.0,-29.86924
1180692031.25,-29.8716
1180692187.5,-29.86492
1180692343.75,-29.85863
1180692500.0,-29.86096
1180692656.25,-29.85639
1180692812.5,-29.85481
1180692968.75,-29.8535
1180693125.0,-29.85056
1180693281.25,-29.85516
1180693437.5,-29.8496
1180693593.75,-29.84156
1180693750.0,-29.84259
1180693906.25,-29.84057
1180694062.5,-29.83996
1180694218.75,-29.83595
1180694375.0,-29.83427
1180694531.25,-29.83465
1180694687.5,-29.82807
1180694843.75,-29.8298
1180695000.0,-29.82716
1180695156.25,-29.82371
1180695312.5,-29.82779
1180695468.75,-29.81996
1180695625.0,-29.81963
1180695781.25,-29.81802
1180695937.5,-29.81473
1180696093.75,-29.81079
1180696250.0,-29.81349
1180696406.25,-29.80923
1180696562.5,-29.80635
1180696718.75,-29.80551
1180696875.0,-29.79833
1180697031.25,-29.79902
1180697187.5,-29.79434
1180697343.75,-29.79419
1180697500.0,-29.79283
1180697656.25,-29.78588
1180697812.5,-29.78801
1180697968.75,-29.79031
1180698125.0,-29.78587
1180698281.25,-29.7838
1180698437.5,-29.78304
1180698593.75,-29.77195
1180698750.0,-29.77774
1180698906.25,-29.77162
1180699062.5,-29.76902
1180699218.75,-29.76796
1180699375.0,-29.76505
1180699531.25,-29.76599
1180699687.5,-29.76145
1180699843.75,-29.7601
1180700000.0,-29.75642
1180700156.25,-29.75258
1180700312.5,-29.75074
1180700468.75,-29.7516
1180700625.0,-29.75119
1180700781.25,-29.74669
1180700937.5,-29.74588
1180701093.75,-29.7433
1180701250.0,-29.74503
1180701406.25,-29.74073
1180701562.5,-29.74215
1180701718.75,-29.73254
1180701875.0,-29.72989
1180702031.25,-29.72809
1180702187.5,-29.72591
1180702343.75,-29.72871
1180702500.0,-29.72107
1180702656.25,-29.72307
1180702812.5,-29.72123
1180702968.75,-29.71749
1180703125.0,-29.71584
1180703281.25,-29.71297
1180703437.5,-29.71092
1180703593.75,-29.70387
1180703750.0,-29.70771
1180703906.25,-29.70416
1180704062.5,-29.70153
1180704218.75,-29.69583
1180704375.0,-29.69791
1180704531.25,-29.69665
1180704687.5,-29.69611
1180704843.75,-29.69258
1180705000.0,-29.69273
1180705156.25,-29.68793
1180705312.5,-29.68019
1180705468.75,-29.67935
1180705625.0,-29.68267
1180705781.25,-29.67942
1180705937.5,-29.67492
1180706093.75,-29.66995
1180706250.0,-29.67522
1180706406.25,-29.67038
1180706562.5,-29.66887
1180706718.75,-29.66139
1180706875.0,-29.66656
1180707031.25,-29.66234
1180707187.5,-29.65694
1180707343.75,-29.65951
1180707500.0,-29.65643
1180707656.25,-29.6528
1180707812.5,-29.65202
1180707968.75,-29.65324
1180708125.0,-29.64749
1180708281.25,-29.64556
1180708437.5,-29.64343
1180708593.75,-29.64635
1180708750.0,-29.64584
1180708906.25,-29.64037
1180709062.5,-29.63768
1180709218.75,-29.63118
1180709375.0,-29.62909
1180709531.25,-29.63101
1180709687.5,-29.62828
1180709843.75,-29.62155
1180710000.0,-29.61862
1180710156.25,-29.61806
1180710312.5,-29.61471
1180710468.75,-29.61725
1180710625.0,-29.61603
1180710781.25,-29.60969
1180710937.5,-29.60746
1180711093.75,-29.60348
1180711250.0,-29.60374
1180711406.25,-29.59789
1180711562.5,-29.59767
1180711718.75,-29.59356
1180711875.0,-29.59297
1180712031.25,-29.5931
1180712187.5,-29.59677
1180712343.75,-29.58654
1180712500.0,-29.58264
1180712656.25,-29.58112
1180712812.5,-29.58321
1180712968.75,-29.58047
1180713125.0,-29.58037
1180713281.25,-29.58026
1180713437.5,-29.5727
1180713593.75,-29.56911
1180713750.0,-29.56608
1180713906.25,-29.56123
1180714062.5,-29.55907
1180714218.75,-29.55938
1180714375.0,-29.56306
1180714531.25,-29.56112
1180714687.5,-29.55713
1180714843.75,-29.5571
1180715000.0,-29.54912
1180715156.25,-29.54607
1180715312.5,-29.5505
1180715468.75,-29.55358
1180715625.0,-29.54114
1180715781.25,-29.5436
1180715937.5,-29.53495
1180716093.75,-29.53926
1180716250.0,-29.53335
1180716406.25,-29.54176
1180716562.5,-29.52894
1180716718.75,-29.52856
1180716875.0,-29.52289
1180717031.25,-29.52294
1180717187.5,-29.52253
1180717343.75,-29.51965
1180717500.0,-29.51643
1180717656.25,-29.51787
1180717812.5,-29.51127
1180717968.75,-29.50793
1180718125.0,-29.50897
1180718281.25,-29.50483
1180718437.5,-29.50223
1180718593.75,-29.49767
1180718750.0,-29.49451
1180718906.25,-29.49574
1180719062.5,-29.49884
1180719218.75,-29.49622
1180719375.0,-29.491
1180719531.25,-29.49116
1180719687.5,-29.48322
1180719843.75,-29.48447
1180720000.0,-29.47901
1180720156.25,-29.48234
1180720312.5,-29.4788
1180720468.75,-29.47212
1180720625.0,-29.4762
1180720781.25,-29.46989
1180720937.5,-29.46827
1180721093.75,-29.464
1180721250.0,-29.4599
1180721406.25,-29.46159
1180721562.5,-29.45784
1180721718.75,-29.45893
1180721875.0,-29.45538
1180722031.25,-29.44769
1180722187.5,-29.44673
1180722343.75,-29.44317
1180722500.0,-29.44007
1180722656.25,-29.4424
1180722812.5,-29.44315
1180722968.75,-29.44508
1180723125.0,-29.43637
1180723281.25,-29.43462
1180723437.5,-29.4285
1180723593.75,-29.42795
1180723750.0,-29.42902
1180723906.25,-29.42829
1180724062.5,-29.41847
1180724218.75,-29.42029
1180724375.0,-29.4197
1180724531.25,-29.41854
1180724687.5,-29.41418
1180724843.75,-29.41729
1180725000.0,-29.40981
1180725156.25,-29.40918
1180725312.5,-29.40457
1180725468.75,-29.40525
1180725625.0,-29.4018
1180725781.25,-29.39462
1180725937.5,-29.40308
1180726093.75,-29.39697
1180726250.0,-29.39945
1180726406.25,-29.38844
1180726562.5,-29.389
1180726718.75,-29.38916
1180726875.0,-29.38674
1180727031.25,-29.37946
1180727187.5,-29.38219
1180727343.75,-29.38228
1180727500.0,-29.37715
1180727656.25,-29.37331
1180727812.5,-29.37057
1180727968.75,-29.36918
1180728125.0,-29.36419
1180728281.25,-29.36911
1180728437.5,-29.35683
1180728593.75,-29.35826
1180728750.0,-29.35844
1180728906.25,-29.35512
1180729062.5,-29.35413
1180729218.75,-29.34989
1180729375.0,-29.35
1180729531.25,-29.34983
1180729687.5,-29.34828
1180729843.75,-29.34156
1180730000.0,-29.33797
1180730156.25,-29.33633
1180730312.5,-29.33213
1180730468.75,-29.3349
1180730625.0,-29.33079
1180730781.25,-29.32463
1180730937.5,-29.32269
1180731093.75,-29.32215
1180731250.0,-29.32096
1180731406.25,-29.32143
1180731562.5,-29.31276
1180731718.75,-29.32213
1180731875.0,-29.31388
1180732031.25,-29.3102
1180732187.5,-29.3069
1180732343.75,-29.30639
1180732500.0,-29.30077
1180732656.25,-29.30856
1180732812.5,-29.29934
1180732968.75,-29.29693
1180733125.0,-29.29346
1180733281.25,-29.29321
1180733437.5,-29.28398
1180733593.75,-29.28895
1180733750.0,-29.28671
1180733906.25,-29.2835
1180734062.5,-29.27976
1180734218.75,-29.27846
1180734375.0,-29.27454
1180734531.25,-29.26971
1180734687.5,-29.26644
1180734843.75,-29.27316
1180735000.0,-29.26893
1180735156.25,-29.26802
1180735312.5,-29.26146
1180735468.75,-29.26301
1180735625.0,-29.25946
1180735781.25,-29.25213
1180735937.5,-29.25106
1180736093.75,-29.24729
1180736250.0,-29.24594
1180736406.25,-29.24683
1180736562.5,-29.24051
1180736718.75,-29.24201
1180736875.0,-29.24113
1180737031.25,-29.23736
1180737187.5,-29.23565
1180737343.75,-29.23728
1180737500.0,-29.23219
1180737656.25,-29.2256
1180737812.5,-29.23219
1180737968.75,-29.22289
1180738125.0,-29.22518
1180738281.25,-29.21793
1180738437.5,-29.21389
1180738593.75,-29.21287
1180738750.0,-29.21165
1180738906.25,-29.21003
1180739062.5,-29.20654
1180739218.75,-29.20742
1180739375.0,-29.20138
1180739531.25,-29.20331
1180739687.5,-29.19836
1180739843.75,-29.19772
1180740000.0,-29.19601
1180740156.25,-29.19215
1180740312.5,-29.19288
1180740468.75,-29.1884
1180740625.0,-29.18571
1180740781.25,-29.18283
1180740937.5,-29.18336
1180741093.75,-29.17886
1180741250.0,-29.17745
1180741406.25,-29.17611
1180741562.5,-29.17259
1180741718.75,-29.1744
1180741875.0,-29.16782
1180742031.25,-29.16661
1180742187.5,-29.16273
1180742343.75,-29.16121
1180742500.0,-29.15912
1180742656.25,-29.15565
1180742812.5,-29.1569
1180742968.75,-29.14906
1180743125.0,-29.146
1180743281.25,-29.14417
1180743437.5,-29.14932
1180743593.75,-29.1433
1180743750.0,-29.14186
1180743906.25,-29.13504
1180744062.5,-29.13778
1180744218.75,-29.13065
1180744375.0,-29.12993
1180744531.25,-29.13143
1180744687.5,-29.12788
1180744843.75,-29.12675
1180745000.0,-29.11636
1180745156.25,-29.11816
1180745312.5,-29.11763
1180745468.75,-29.1162
1180745625.0,-29.11378
1180745781.25,-29.11057
1180745937.5,-29.10658
1180746093.75,-29.1051
1180746250.0,-29.10098
1180746406.25,-29.10143
1180746562.5,-29.10127
1180746718.75,-29.09274
1180746875.0,-29.0937
1180747031.25,-29.08943
1180747187.5,-29.09161
1180747343.75,-29.09164
1180747500.0,-29.08722
1180747656.25,-29.08518
1180747812.5,-29.08035
1180747968.75,-29.07648
1180748125.0,-29.07848
1180748281.25,-29.07077
1180748437.5,-29.07226
1180748593.75,-29.07035
1180748750.0,-29.06205
1180748906.25,-29.06555
1180749062.5,-29.06298
1180749218.75,-29.06008
1180749375.0,-29.05767
1180749531.25,-29.05659
1180749687.5,-29.05288
1180749843.75,-29.05074
1180750000.0,-29.04805
1180750156.25,-29.04467
1180750312.5,-29.04147
1180750468.75,-29.04217
1180750625.0,-29.04085
1180750781.25,-29.03607
1180750937.5,-29.03838
1180751093.75,-29.03056
1180751250.0,-29.03118
1180751406.25,-29.02551
1180751562.5,-29.02364
1180751718.75,-29.02044
1180751875.0,-29.02645
1180752031.25,-29.01952
1180752187.5,-29.01472
1180752343.75,-29.01625
1180752500.0,-29.01323
1180752656.25,-29.0074
1180752812.5,-29.01203
1180752968.75,-29.00817
1180753125.0,-28.9983
1180753281.25,-29.01062
1180753437.5,-29.00021
1180753593.75,-28.99483
1180753750.0,-28.99198
1180753906.25,-28.99031
1180754062.5,-28.98613
1180754218.75,-28.98912
1180754375.0,-28.98607
1180754531.25,-28.98157
1180754687.5,-28.98013
1180754843.75,-28.97445
1180755000.0,-28.97356
1180755156.25,-28.96898
1180755312.5,-28.97265
1180755468.75,-28.96448
1180755625.0,-28.96279
1180755781.25,-28.9685
1180755937.5,-28.96166
1180756093.75,-28.95636
1180756250.0,-28.95599
1180756406.25,-28.95171
1180756562.5,-28.95092
1180756718.75,-28.94629
1180756875.0,-28.94126
1180757031.25,-28.94328
1180757187.5,-28.9428
1180757343.75,-28.93677
1180757500.0,-28.93424
1180757656.25,-28.93168
1180757812.5,-28.93277
1180757968.75,-28.92908
1180758125.0,-28.92569
1180758281.25,-28.92772
1180758437.5,-28.92441
1180758593.75,-28.91413
1180758750.0,-28.92238
1180758906.25,-28.91317
1180759062.5,-28.90739
1180759218.75,-28.90829
1180759375.0,-28.90672
1180759531.25,-28.90945
1180759687.5,-28.90277
1180759843.75,-28.90008
1180760000.0,-28.90032
1180760156.25,-28.90102
1180760312.5,-28.89467
1180760468.75,-28.8904
1180760625.0,-28.89153
1180760781.25,-28.88786
1180760937.5,-28.8857
1180761093.75,-28.88125
1180761250.0,-28.88496
1180761406.25,-28.87577
1180761562.5,-28.87958
1180761718.75,-28.87323
1180761875.0,-28.87059
1180762031.25,-28.8656
1180762187.5,-28.8633
1180762343.75,-28.86493
1180762500.0,-28.85978
1180762656.25,-28.85955
1180762812.5,-28.85389
1180762968.75,-28.85817
1180763125.0,-28.84878
1180763281.25,-28.84715
1180763437.5,-28.83994
1180763593.75,-28.85251
1180763750.0,-28.84326
1180763906.25,-28.8407
1180764062.5,-28.83343
1180764218.75,-28.83654
1180764375.0,-28.8381
1180764531.25,-28.83588
1180764687.5,-28.83287
1180764843.75,-28.82462
1180765000.0,-28.82564
1180765156.25,-28.82698
1180765312.5,-28.8187
1180765468.75,-28.8202
1180765625.0,-28.81157
1180765781.25,-28.81134
1180765937.5,-28.81174
1180766093.75,-28.80209
1180766250.0,-28.80819
1180766406.25,-28.80367
1180766562.5,-28.80362
1180766718.75,-28.79569
1180766875.0,-28.79758
1180767031.25,-28.79111
1180767187.5,-28.79215
1180767343.75,-28.78462
1180767500.0,-28.78059
1180767656.25,-28.78333
1180767812.5,-28.77963
1180767968.75,-28.78451
1180768125.0,-28.78101
1180768281.25,-28.77832
1180768437.5,-28.77464
1180768593.75,-28.77206
1180768750.0,-28.76653
1180768906.25,-28.76561
1180769062.5,-28.75785
1180769218.75,-28.76171
1180769375.0,-28.75611
1180769531.25,-28.75598
1180769687.5,-28.75117
1180769843.75,-28.7509
1180770000.0,-28.7524
1180770156.25,-28.7425
1180770312.5,-28.74517
1180770468.75,-28.74432
1180770625.0,-28.73969
1180770781.25,-28.73063
1180770937.5,-28.73014
1180771093.75,-28.7294
1180771250.0,-28.72952
1180771406.25,-28.72945
1180771562.5,-28.71648
1180771718.75,-28.72054
1180771875.0,-28.72039
1180772031.25,-28.71776
1180772187.5,-28.7141
1180772343.75,-28.71605
1180772500.0,-28.71123
1180772656.25,-28.71103
1180772812.5,-28.70859
1180772968.75,-28.70459
1180773125.0,-28.70382
1180773281.25,-28.69925
1180773437.5,-28.69278
1180773593.75,-28.68796
1180773750.0,-28.69411
1180773906.25,-28.69276
1180774062.5,-28.68827
1180774218.75,-28.68184
1180774375.0,-28.68674
1180774531.25,-28.67904
1180774687.5,-28.67917
1180774843.75,-28.67238
1180775000.0,-28.67169
1180775156.25,-28.66722
1180775312.5,-28.66395
1180775468.75,-28.66385
1180775625.0,-28.66425
1180775781.25,-28.66031
1180775937.5,-28.65869
1180776093.75,-28.65421
1180776250.0,-28.64916
1180776406.25,-28.65339
1180776562.5,-28.64496
1180776718.75,-28.64558
1180776875.0,-28.6417
1180777031.25,-28.6413
1180777187.5,-28.63388
1180777343.75,-28.63309
1180777500.0,-28.63185
1180777656.25,-28.62986
1180777812.5,-28.63327
1180777968.75,-28.62783
1180778125.0,-28.62227
1180778281.25,-28.61807
1180778437.5,-28.61825
1180778593.75,-28.61977
1180778750.0,-28.61066
1180778906.25,-28.61752
1180779062.5,-28.61491
1180779218.75,-28.60629
1180779375.0,-28.60379
1180779531.25,-28.6016
1180779687.5,-28.5991
1180779843.75,-28.59361
1180780000.0,-28.59375
1180780156.25,-28.58952
1180780312.5,-28.58851
1180780468.75,-28.58831
1180780625.0,-28.58426
1180780781.25,-28.58224
1180780937.5,-28.5778
1180781093.75,-28.58133
1180781250.0,-28.57443
1180781406.25,-28.56883
1180781562.5,-28.56764
1180781718.75,-28.5731
1180781875.0,-28.56558
1180782031.25,-28.56601
1180782187.5,-28.55904
1180782343.75,-28.56128
1180782500.0,-28.5554
1180782656.25,-28.55072
1180782812.5,-28.5497
1180782968.75,-28.54714
1180783125.0,-28.54603
1180783281.25,-28.54569
1180783437.5,-28.54231
1180783593.75,-28.54246
1180783750.0,-28.53877
1180783906.25,-28.53043
1180784062.5,-28.53064
1180784218.75,-28.52598
1180784375.0,-28.52005
1180784531.25,-28.52199
1180784687.5,-28.52273
1180784843.75,-28.5217
1180785000.0,-28.51608
1180785156.25,-28.51399
1180785312.5,-28.50883
1180785468.75,-28.50747
1180785625.0,-28.50933
1180785781.25,-28.50565
1180785937.5,-28.49688
1180786093.75,-28.50049
1180786250.0,-28.49363
1180786406.25,-28.49877
1180786562.5,-28.49199
1180786718.75,-28.48993
1180786875.0,-28.48607
1180787031.25,-28.48292
1180787187.5,-28.48084
1180787343.75,-28.47838
1180787500.0,-28.47923
1180787656.25,-28.47323
1180787812.5,-28.47552
1180787968.75,-28.46932
1180788125.0,-28.46515
1180788281.25,-28.46681
1180788437.5,-28.46185
1180788593.75,-28.45828
1180788750.0,-28.45934
1180788906.25,-28.45517
1180789062.5,-28.45411
1180789218.75,-28.44884
1180789375.0,-28.45011
1180789531.25,-28.4393
1180789687.5,-28.44115
1180789843.75,-28.43679
1180790000.0,-28.44046
1180790156.25,-28.43632
1180790312.5,-28.43099
1180790468.75,-28.43419
1180790625.0,-28.42922
1180790781.25,-28.429
1180790937.5,-28.42272
1180791093.75,-28.4192
1180791250.0,-28.41407
1180791406.25,-28.4135
1180791562.5,-28.41372
1180791718.75,-28.40864
1180791875.0,-28.40642
1180792031.25,-28.40722
1180792187.5,-28.39899
1180792343.75,-28.40034
1180792500.0,-28.39478
1180792656.25,-28.3961
1180792812.5,-28.39415
1180792968.75,-28.39173
1180793125.0,-28.38478
1180793281.25,-28.38511
1180793437.5,-28.3833
1180793593.75,-28.38197
1180793750.0,-28.37857
1180793906.25,-28.37581
1180794062.5,-28.37771
1180794218.75,-28.36908
1180794375.0,-28.37086
1180794531.25,-28.36654
1180794687.5,-28.36496
1180794843.75,-28.35932
1180795000.0,-28.35921
1180795156.25,-28.35148
1180795312.5,-28.35365
1180795468.75,-28.34952
1180795625.0,-28.3502
1180795781.25,-28.34227
1180795937.5,-28.33926
1180796093.75,-28.34319
1180796250.0,-28.33972
1180796406.25,-28.34087
1180796562.5,-28.3339
1180796718.75,-28.32999
1180796875.0,-28.32782
1180797031.25,-28.31959
1180797187.5,-28.32731
1180797343.75,-28.31995
1180797500.0,-28.31456
1180797656.25,-28.31669
1180797812.5,-28.31679
1180797968.75,-28.306
1180798125.0,-28.30259
1180798281.25,-28.30829
1180798437.5,-28.30385
1180798593.75,-28.30499
1180798750.0,-28.30263
1180798906.25,-28.29922
1180799062.5,-28.29457
1180799218.75,-28.28976
1180799375.0,-28.29038
1180799531.25,-28.28741
1180799687.5,-28.28252
1180799843.75,-28.27954
1180800000.0,-28.27816
1180800156.25,-28.27584
1180800312.5,-28.27459
1180800468.75,-28.26549
1180800625.0,-28.27079
1180800781.25,-28.26581
1180800937.5,-28.262
1180801093.75,-28.26415
1180801250.0,-28.25852
1180801406.25,-28.25663
1180801562.5,-28.25085
1180801718.75,-28.25113
1180801875.0,-28.25008
1180802031.25,-28.24664
1180802187.5,-28.24024
1180802343.75,-28.23867
1180802500.0,-28.23742
1180802656.25,-28.23424
1180802812.5,-28.23233
1180802968.75,-28.2291
1180803125.0,-28.22755
1180803281.25,-28.22719
1180803437.5,-28.22461
1180803593.75,-28.22237
1180803750.0,-28.22095
1180803906.25,-28.21856
1180804062.5,-28.21268
1180804218.75,-28.20995
1180804375.0,-28.20922
1180804531.25,-28.20314
1180804687.5,-28.20767
1180804843.75,-28.1968
1180805000.0,-28.20173
1180805156.25,-28.19799
1180805312.5,-28.19179
1180805468.75,-28.19341
1180805625.0,-28.18911
1180805781.25,-28.18354
1180805937.5,-28.18606
1180806093.75,-28.18388
1180806250.0,-28.17707
1180806406.25,-28.1729
1180806562.5,-28.17304
1180806718.75,-28.17207
1180806875.0,-28.16429
1180807031.25,-28.16286
1180807187.5,-28.16514
1180807343.75,-28.15552
1180807500.0,-28.15462
1180807656.25,-28.15705
1180807812.5,-28.14976
1180807968.75,-28.14462
1180808125.0,-28.15134
1180808281.25,-28.14658
1180808437.5,-28.1441
1180808593.75,-28.13238
1180808750.0,-28.13468
1180808906.25,-28.1333
1180809062.5,-28.12856
1180809218.75,-28.13133
1180809375.0,-28.12366
1180809531.25,-28.12683
1180809687.5,-28.12228
1180809843.75,-28.1201
1180810000.0,-28.11209
1180810156.25,-28.11396
1180810312.5,-28.11143
1180810468.75,-28.10073
1180810625.0,-28.10677
1180810781.25,-28.10264
1180810937.5,-28.1008
1180811093.75,-28.09629
1180811250.0,-28.09235
1180811406.25,-28.09559
1180811562.5,-28.09442
1180811718.75,-28.08673
1180811875.0,-28.08191
1180812031.25,-28.07646
1180812187.5,-28.08152
1180812343.75,-28.0733
1180812500.0,-28.07566
1180812656.25,-28.07263
1180812812.5,-28.07176
1180812968.75,-28.06924
1180813125.0,-28.06394
1180813281.25,-28.06673
1180813437.5,-28.06169
1180813593.75,-28.05773
1180813750.0,-28.05077
1180813906.25,-28.05108
1180814062.5,-28.05228
1180814218.75,-28.04675
1180814375.0,-28.04479
1180814531.25,-28.03843
1180814687.5,-28.03893
1180814843.75,-28.03585
1180815000.0,-28.03046
1180815156.25,-28.03426
1180815312.5,-28.02822
1180815468.75,-28.02415
1180815625.0,-28.02494
1180815781.25,-28.02296
1180815937.5,-28.02123
1180816093.75,-28.01358
1180816250.0,-28.01447
1180816406.25,-28.01021
1180816562.5,-28.00698
1180816718.75,-28.00945
1180816875.0,-28.00205
1180817031.25,-27.99749
1180817187.5,-27.99592
1180817343.75,-27.99058
1180817500.0,-27.98819
1180817656.25,-27.99273
1180817812.5,-27.98963
1180817968.75,-27.98296
1180818125.0,-27.98228
1180818281.25,-27.97627
1180818437.5,-27.9735
1180818593.75,-27.97409
1180818750.0,-27.9708
1180818906.25,-27.96901
1180819062.5,-27.96692
1180819218.75,-27.96458
1180819375.0,-27.96244
1180819531.25,-27.95707
1180819687.5,-27.9583
1180819843.75,-27.95344
1180820000.0,-27.9491
1180820156.25,-27.94907
1180820312.5,-27.94622
1180820468.75,-27.94531
1180820625.0,-27.94133
1180820781.25,-27.93889
1180820937.5,-27.93254
1180821093.75,-27.93595
1180821250.0,-27.92968
1180821406.25,-27.92726
1180821562.5,-27.92286
1180821718.75,-27.91932
1180821875.0,-27.92211
1180822031.25,-27.91788
1180822187.5,-27.91628
1180822343.75,-27.91334
1180822500.0,-27.90843
1180822656.25,-27.90712
1180822812.5,-27.9032
1180822968.75,-27.90048
1180823125.0,-27.90107
1180823281.25,-27.89204
1180823437.5,-27.89518
1180823593.75,-27.89136
1180823750.0,-27.88544
1180823906.25,-27.88247
1180824062.5,-27.88006
1180824218.75,-27.88206
1180824375.0,-27.88059
1180824531.25,-27.87553
1180824687.5,-27.873
1180824843.75,-27.86939
1180825000.0,-27.86773
1180825156.25,-27.86455
1180825312.5,-27.85963
1180825468.75,-27.86487
1180825625.0,-27.85414
1180825781.25,-27.85357
1180825937.5,-27.85046
1180826093.75,-27.84433
1180826250.0,-27.84868
1180826406.25,-27.84315
1180826562.5,-27.84041
1180826718.75,-27.84145
1180826875.0,-27.84002
1180827031.25,-27.83297
1180827187.5,-27.82617
1180827343.75,-27.82754
1180827500.0,-27.82986
1180827656.25,-27.82227
1180827812.5,-27.81858
1180827968.75,-27.81328
1180828125.0,-27.81588
1180828281.25,-27.81433
1180828437.5,-27.81018
1180828593.75,-27.8041
1180828750.0,-27.80291
1180828906.25,-27.80269
1180829062.5,-27.79795
1180829218.75,-27.79434
1180829375.0,-27.79167
1180829531.25,-27.79138
1180829687.5,-27.7906
1180829843.75,-27.79073
1180830000.0,-27.784
1180830156.25,-27.77756
1180830312.5,-27.77432
1180830468.75,-27.77471
1180830625.0,-27.77258
1180830781.25,-27.77033
1180830937.5,-27.76729
1180831093.75,-27.76292
1180831250.0,-27.75585
1180831406.25,-27.76338
1180831562.5,-27.75611
1180831718.75,-27.75304
1180831875.0,-27.75187
1180832031.25,-27.75132
1180832187.5,-27.74364
1180832343.75,-27.74342
1180832500.0,-27.74251
1180832656.25,-27.74182
1180832812.5,-27.733
1180832968.75,-27.735
1180833125.0,-27.73024
1180833281.25,-27.72499
1180833437.5,-27.7248
1180833593.75,-27.72384
1180833750.0,-27.71857
1180833906.25,-27.71642
1180834062.5,-27.71612
1180834218.75,-27.71355
1180834375.0,-27.71044
1180834531.25,-27.70571
1180834687.5,-27.69602
1180834843.75,-27.70872
1180835000.0,-27.69755
1180835156.25,-27.69588
1180835312.5,-27.69592
1180835468.75,-27.69318
1180835625.0,-27.68976
1180835781.25,-27.68181
1180835937.5,-27.68525
1180836093.75,-27.67965
1180836250.0,-27.67725
1180836406.25,-27.66917
1180836562.5,-27.67163
1180836718.75,-27.66963
1180836875.0,-27.66513
1180837031.25,-27.65873
1180837187.5,-27.66063
1180837343.75,-27.66026
1180837500.0,-27.65302
1180837656.25,-27.6519
1180837812.5,-27.6516
1180837968.75,-27.6442
1180838125.0,-27.64546
1180838281.25,-27.63715
1180838437.5,-27.63839
1180838593.75,-27.6292
1180838750.0,-27.636
1180838906.25,-27.63249
1180839062.5,-27.62999
1180839218.75,-27.62567
1180839375.0,-27.61924
1180839531.25,-27.62075
1180839687.5,-27.61598
1180839843.75,-27.61275
1180840000.0,-27.60751
1180840156.25,-27.60939
1180840312.5,-27.60778
1180840468.75,-27.60508
1180840625.0,-27.60364
1180840781.25,-27.59868
1180840937.5,-27.59443
1180841093.75,-27.59721
1180841250.0,-27.59122
1180841406.25,-27.58956
1180841562.5,-27.58497
1180841718.75,-27.58504
1180841875.0,-27.58179
1180842031.25,-27.58129
1180842187.5,-27.57454
1180842343.75,-27.56984
1180842500.0,-27.56861
1180842656.25,-27.56406
1180842812.5,-27.56099
1180842968.75,-27.56049
1180843125.0,-27.56054
1180843281.25,-27.55552
1180843437.5,-27.54774
1180843593.75,-27.55235
1180843750.0,-27.54775
1180843906.25,-27.54671
1180844062.5,-27.54316
1180844218.75,-27.53736
1180844375.0,-27.5362
1180844531.25,-27.53534
1180844687.5,-27.53279
1180844843.75,-27.52506
1180845000.0,-27.52708
1180845156.25,-27.52131
1180845312.5,-27.52038
1180845468.75,-27.51577
1180845625.0,-27.51628
1180845781.25,-27.51272
1180845937.5,-27.49988
1180846093.75,-27.50746
1180846250.0,-27.50867
1180846406.25,-27.4986
1180846562.5,-27.49696
1180846718.75,-27.49224
1180846875.0,-27.49352
1180847031.25,-27.48581
1180847187.5,-27.49321
1180847343.75,-27.48897
1180847500.0,-27.4803
1180847656.25,-27.47556
1180847812.5,-27.47756
1180847968.75,-27.47255
1180848125.0,-27.47208
1180848281.25,-27.47042
1180848437.5,-27.46816
1180848593.75,-27.46581
1180848750.0,-27.45914
1180848906.25,-27.45905
1180849062.5,-27.45539
1180849218.75,-27.44895
1180849375.0,-27.44276
1180849531.25,-27.44983
1180849687.5,-27.44544
1180849843.75,-27.43713
1180850000.0,-27.43652
1180850156.25,-27.43289
1180850312.5,-27.43439
1180850468.75,-27.42946
1180850625.0,-27.42628
1180850781.25,-27.42011
1180850937.5,-27.41898
1180851093.75,-27.41878
1180851250.0,-27.416
1180851406.25,-27.41394
1180851562.5,-27.40554
1180851718.75,-27.40472
1180851875.0,-27.4055
1180852031.25,-27.40139
1180852187.5,-27.40101
1180852343.75,-27.39372
1180852500.0,-27.39626
1180852656.25,-27.39183
1180852812.5,-27.38617
1180852968.75,-27.38525
1180853125.0,-27.38165
1180853281.25,-27.37926
1180853437.5,-27.37448
1180853593.75,-27.37545
1180853750.0,-27.3721
1180853906.25,-27.36892
1180854062.5,-27.36804
1180854218.75,-27.36326
1180854375.0,-27.35883
1180854531.25,-27.35662
1180854687.5,-27.35496
1180854843.75,-27.35131
1180855000.0,-27.34607
1180855156.25,-27.34562
1180855312.5,-27.34346
1180855468.75,-27.34103
1180855625.0,-27.33506
1180855781.25,-27.33162
1180855937.5,-27.33163
1180856093.75,-27.33333
1180856250.0,-27.32516
1180856406.25,-27.32173
1180856562.5,-27.31984
1180856718.75,-27.3196
1180856875.0,-27.31543
1180857031.25,-27.31691
1180857187.5,-27.30747
1180857343.75,-27.30127
1180857500.0,-27.30245
1180857656.25,-27.30372
1180857812.5,-27.29554
1180857968.75,-27.2958
1180858125.0,-27.2942
1180858281.25,-27.29214
1180858437.5,-27.28568
1180858593.75,-27.28752
1180858750.0,-27.28013
1180858906.25,-27.27783
1180859062.5,-27.27662
1180859218.75,-27.27605
1180859375.0,-27.26848
1180859531.25,-27.2679
1180859687.5,-27.25957
1180859843.75,-27.25547
1180860000.0,-27.26238
1180860156.25,-27.25561
1180860312.5,-27.25658
1180860468.75,-27.24895
1180860625.0,-27.24911
1180860781.25,-27.24395
1180860937.5,-27.2459
1180861093.75,-27.2433
1180861250.0,-27.23537
1180861406.25,-27.23433
1180861562.5,-27.2325
1180861718.75,-27.22863
1180861875.0,-27.22606
1180862031.25,-27.22667
1180862187.5,-27.21449
1180862343.75,-27.21378
1180862500.0,-27.21782
1180862656.25,-27.21409
1180862812.5,-27.20557
1180862968.75,-27.20334
1180863125.0,-27.20537
1180863281.25,-27.19622
1180863437.5,-27.19547
1180863593.75,-27.19496
1180863750.0,-27.18808
1180863906.25,-27.18748
1180864062.5,-27.18101
1180864218.75,-27.18318
1180864375.0,-27.17652
1180864531.25,-27.17702
1180864687.5,-27.17831
1180864843.75,-27.16938
1180865000.0,-27.17023
1180865156.25,-27.16067
1180865312.5,-27.165
1180865468.75,-27.16351
1180865625.0,-27.15632
1180865781.25,-27.15284
1180865937.5,-27.15035
1180866093.75,-27.15397
1180866250.0,-27.14585
1180866406.25,-27.14383
1180866562.5,-27.14247
1180866718.75,-27.13796
1180866875.0,-27.13665
1180867031.25,-27.13435
1180867187.5,-27.13008
1180867343.75,-27.12879
1180867500.0,-27.12943
1180867656.25,-27.12227
1180867812.5,-27.11304
1180867968.75,-27.11603
1180868125.0,-27.11037
1180868281.25,-27.10659
1180868437.5,-27.10613
1180868593.75,-27.10503
1180868750.0,-27.10171
1180868906.25,-27.10152
1180869062.5,-27.09564
1180869218.75,-27.0941
1180869375.0,-27.09266
1180869531.25,-27.08487
1180869687.5,-27.08457
1180869843.75,-27.08308
1180870000.0,-27.07428
1180870156.25,-27.07276
1180870312.5,-27.06901
1180870468.75,-27.0688
1180870625.0,-27.06729
1180870781.25,-27.06539
1180870937.5,-27.05817
1180871093.75,-27.0571
1180871250.0,-27.05592
1180871406.25,-27.05289
1180871562.5,-27.05114
1180871718.75,-27.042
1180871875.0,-27.04708
1180872031.25,-27.04218
1180872187.5,-27.03823
1180872343.75,-27.03377
1180872500.0,-27.029
1180872656.25,-27.02953
1180872812.5,-27.02484
1180872968.75,-27.02413
1180873125.0,-27.02076
1180873281.25,-27.01897
1180873437.5,-27.00951
1180873593.75,-27.01638
1180873750.0,-27.01
1180873906.25,-27.00476
1180874062.5,-27.0036
1180874218.75,-27.00048
1180874375.0,-26.99345
1180874531.25,-26.9939
1180874687.5,-26.99212
1180874843.75,-26.98846
1180875000.0,-26.98758
1180875156.25,-26.98273
1180875312.5,-26.98321
1180875468.75,-26.97747
1180875625.0,-26.97168
1180875781.25,-26.97083
1180875937.5,-26.96904
1180876093.75,-26.96621
1180876250.0,-26.96498
1180876406.25,-26.96302
1180876562.5,-26.95871
1180876718.75,-26.95823
1180876875.0,-26.94871
1180877031.25,-26.95048
1180877187.5,-26.9469
1180877343.75,-26.94204
1180877500.0,-26.94005
1180877656.25,-26.93749
1180877812.5,-26.93181
1180877968.75,-26.93109
1180878125.0,-26.92795
1180878281.25,-26.92637
1180878437.5,-26.92321
1180878593.75,-26.9159
1180878750.0,-26.91707
1180878906.25,-26.91396
1180879062.5,-26.91169
1180879218.75,-26.90498
1180879375.0,-26.9039
1180879531.25,-26.90469
1180879687.5,-26.8994
1180879843.75,-26.89969
1180880000.0,-26.89286
1180880156.25,-26.88774
1180880312.5,-26.8877
1180880468.75,-26.88339
1180880625.0,-26.88649
1180880781.25,-26.88009
1180880937.5,-26.8725
1180881093.75,-26.87761
1180881250.0,-26.8656
1180881406.25,-26.86789
1180881562.5,-26.86629
1180881718.75,-26.85946
1180881875.0,-26.85554
1180882031.25,-26.85532
1180882187.5,-26.85152
1180882343.75,-26.84766
1180882500.0,-26.84477
1180882656.25,-26.8451
1180882812.5,-26.83873
1180882968.75,-26.83993
1180883125.0,-26.83513
1180883281.25,-26.83441
1180883437.5,-26.82847
1180883593.75,-26.82448
1180883750.0,-26.82378
1180883906.25,-26.8152
1180884062.5,-26.8171
1180884218.75,-26.8119
1180884375.0,-26.81153
1180884531.25,-26.8062
1180884687.5,-26.80382
1180884843.75,-26.80085
1180885000.0,-26.79939
1180885156.25,-26.79589
1180885312.5,-26.79373
1180885468.75,-26.78755
1180885625.0,-26.78368
1180885781.25,-26.78409
1180885937.5,-26.77706
1180886093.75,-26.78186
1180886250.0,-26.77965
1180886406.25,-26.77783
1180886562.5,-26.76554
1180886718.75,-26.76394
1180886875.0,-26.7593
1180887031.25,-26.7637
1180887187.5,-26.75944
1180887343.75,-26.76059
1180887500.0,-26.75269
1180887656.25,-26.7578
1180887812.5,-26.74682
1180887968.75,-26.74734
1180888125.0,-26.73613
1180888281.25,-26.73753
1180888437.5,-26.73481
1180888593.75,-26.72944
1180888750.0,-26.73133
1180888906.25,-26.72486
1180889062.5,-26.72329
1180889218.75,-26.71916
1180889375.0,-26.7134
1180889531.25,-26.71161
1180889687.5,-26.7115
1180889843.75,-26.70905
1180890000.0,-26.70609
1180890156.25,-26.70508
1180890312.5,-26.70097
1180890468.75,-26.69972
1180890625.0,-26.6909
1180890781.25,-26.69407
1180890937.5,-26.6878
1180891093.75,-26.68469
1180891250.0,-26.68
1180891406.25,-26.67824
1180891562.5,-26.67503
1180891718.75,-26.67282
1180891875.0,-26.67353
1180892031.25,-26.66484
1180892187.5,-26.66722
1180892343.75,-26.66384
1180892500.0,-26.65787
1180892656.25,-26.65478
1180892812.5,-26.65138
1180892968.75,-26.64703
1180893125.0,-26.6469
1180893281.25,-26.64198
1180893437.5,-26.6378
1180893593.75,-26.63608
1180893750.0,-26.63239
1180893906.25,-26.63318
1180894062.5,-26.6311
1180894218.75,-26.62166
1180894375.0,-26.62699
1180894531.25,-26.61732
1180894687.5,-26.61181
1180894843.75,-26.61339
1180895000.0,-26.60901
1180895156.25,-26.60521
1180895312.5,-26.60233
1180895468.75,-26.59731
1180895625.0,-26.59703
1180895781.25,-26.59387
1180895937.5,-26.59092
1180896093.75,-26.58644
1180896250.0,-26.58481
1180896406.25,-26.57906
1180896562.5,-26.58196
1180896718.75,-26.5763
1180896875.0,-26.57231
1180897031.25,-26.57068
1180897187.5,-26.56892
1180897343.75,-26.56116
1180897500.0,-26.56056
1180897656.25,-26.5587
1180897812.5,-26.55552
1180897968.75,-26.55408
1180898125.0,-26.54712
1180898281.25,-26.54849
1180898437.5,-26.54341
1180898593.75,-26.54025
1180898750.0,-26.53595
1180898906.25,-26.53179
1180899062.5,-26.53182
1180899218.75,-26.52676
1180899375.0,-26.52679
1180899531.25,-26.52169
1180899687.5,-26.51709
1180899843.75,-26.51195
1180900000.0,-26.51247
1180900156.25,-26.51159
1180900312.5,-26.5043
1180900468.75,-26.50159
1180900625.0,-26.5025
1180900781.25,-26.49876
1180900937.5,-26.49588
1180901093.75,-26.49326
1180901250.0,-26.4925
1180901406.25,-26.48545
1180901562.5,-26.47984
1180901718.75,-26.47762
1180901875.0,-26.48152
1180902031.25,-26.4729
1180902187.5,-26.47197
1180902343.75,-26.46394
1180902500.0,-26.46516
1180902656.25,-26.4621
1180902812.5,-26.45736
1180902968.75,-26.45311
1180903125.0,-26.45228
1180903281.25,-26.44858
1180903437.5,-26.44761
1180903593.75,-26.44514
1180903750.0,-26.43727
1180903906.25,-26.43951
1180904062.5,-26.43765
1180904218.75,-26.43036
1180904375.0,-26.42651
1180904531.25,-26.42393
1180904687.5,-26.42298
1180904843.75,-26.41809
1180905000.0,-26.41395
1180905156.25,-26.41356
1180905312.5,-26.41122
1180905468.75,-26.40153
1180905625.0,-26.39851
1180905781.25,-26.39561
1180905937.5,-26.40087
1180906093.75,-26.39377
1180906250.0,-26.39129
1180906406.25,-26.39024
1180906562.5,-26.38534
1180906718.75,-26.38118
1180906875.0,-26.38033
1180907031.25,-26.37159
1180907187.5,-26.36963
1180907343.75,-26.36735
1180907500.0,-26.36273
1180907656.25,-26.36153
1180907812.5,-26.35965
1180907968.75,-26.35358
1180908125.0,-26.34972
1180908281.25,-26.35027
1180908437.5,-26.35115
1180908593.75,-26.34248
1180908750.0,-26.33989
1180908906.25,-26.33793
1180909062.5,-26.33636
1180909218.75,-26.32886
1180909375.0,-26.32486
1180909531.25,-26.32876
1180909687.5,-26.32228
1180909843.75,-26.31411
1180910000.0,-26.31615
1180910156.25,-26.3125
1180910312.5,-26.30831
1180910468.75,-26.30951
1180910625.0,-26.3024
1180910781.25,-26.3037
1180910937.5,-26.29994
1180911093.75,-26.2959
1180911250.0,-26.29016
1180911406.25,-26.28821
1180911562.5,-26.2855
1180911718.75,-26.28138
1180911875.0,-26.27818
1180912031.25,-26.27555
1180912187.5,-26.27493
1180912343.75,-26.26585
1180912500.0,-26.26639
1180912656.25,-26.26364
1180912812.5,-26.26041
1180912968.75,-26.25782
1180913125.0,-26.25503
1180913281.25,-26.24934
1180913437.5,-26.24626
1180913593.75,-26.24625
1180913750.0,-26.24025
1180913906.25,-26.24049
1180914062.5,-26.23437
1180914218.75,-26.22724
1180914375.0,-26.22779
1180914531.25,-26.22374
1180914687.5,-26.22328
1180914843.75,-26.21844
1180915000.0,-26.2197
1180915156.25,-26.21291
1180915312.5,-26.20819
1180915468.75,-26.20756
1180915625.0,-26.20288
1180915781.25,-26.20262
1180915937.5,-26.19938
1180916093.75,-26.19535
1180916250.0,-26.19001
1180916406.25,-26.18825
1180916562.5,-26.1857
1180916718.75,-26.18451
1180916875.0,-26.17457
1180917031.25,-26.17361
1180917187.5,-26.17425
1180917343.75,-26.16933
1180917500.0,-26.16701
1180917656.25,-26.16483
1180917812.5,-26.15923
1180917968.75,-26.15679
1180918125.0,-26.15241
1180918281.25,-26.15264
1180918437.5,-26.14598
1180918593.75,-26.14157
1180918750.0,-26.14254
1180918906.25,-26.13813
1180919062.5,-26.13695
1180919218.75,-26.13095
1180919375.0,-26.12455
1180919531.25,-26.12644
1180919687.5,-26.12151
1180919843.75,-26.11908
1180920000.0,-26.11317
1180920156.25,-26.1091
1180920312.5,-26.11102
1180920468.75,-26.10566
1180920625.0,-26.10175
1180920781.25,-26.09982
1180920937.5,-26.09681
1180921093.75,-26.09207
1180921250.0,-26.08965
1180921406.25,-26.08543
1180921562.5,-26.08037
1180921718.75,-26.08088
1180921875.0,-26.07705
1180922031.25,-26.07474
1180922187.5,-26.07075
1180922343.75,-26.06624
1180922500.0,-26.06754
1180922656.25,-26.06176
1180922812.5,-26.06043
1180922968.75,-26.05599
1180923125.0,-26.05349
1180923281.25,-26.04985
1180923437.5,-26.04642
1180923593.75,-26.04286
1180923750.0,-26.03806
1180923906.25,-26.03596
1180924062.5,-26.02762
1180924218.75,-26.03087
1180924375.0,-26.02865
1180924531.25,-26.02455
1180924687.5,-26.01912
1180924843.75,-26.01083
1180925000.0,-26.01499
1180925156.25,-26.01097
1180925312.5,-26.00735
1180925468.75,-26.00778
1180925625.0,-26.00282
1180925781.25,-25.99981
1180925937.5,-25.99315
1180926093.75,-25.9924
1180926250.0,-25.98685
1180926406.25,-25.98417
1180926562.5,-25.98019
1180926718.75,-25.97943
1180926875.0,-25.9753
1180927031.25,-25.96882
1180927187.5,-25.96866
1180927343.75,-25.96711
1180927500.0,-25.9636
1180927656.25,-25.95922
1180927812.5,-25.95201
1180927968.75,-25.95068
1180928125.0,-25.9535
1180928281.25,-25.94945
1180928437.5,-25.94488
1180928593.75,-25.94361
1180928750.0,-25.93633
1180928906.25,-25.93502
1180929062.5,-25.92864
1180929218.75,-25.92972
1180929375.0,-25.92246
1180929531.25,-25.92288
1180929687.5,-25.91393
1180929843.75,-25.91268
1180930000.0,-25.91504
1180930156.25,-25.90998
1180930312.5,-25.90274
1180930468.75,-25.89995
1180930625.0,-25.89616
1180930781.25,-25.89668
1180930937.5,-25.89174
1180931093.75,-25.88572
1180931250.0,-25.88344
1180931406.25,-25.88565
1180931562.5,-25.87873
1180931718.75,-25.87584
1180931875.0,-25.87375
1180932031.25,-25.87053
1180932187.5,-25.86445
1180932343.75,-25.85789
1180932500.0,-25.85915
1180932656.25,-25.85411
1180932812.5,-25.85163
1180932968.75,-25.85211
1180933125.0,-25.84708
1180933281.25,-25.84108
1180933437.5,-25.83908
1180933593.75,-25.83382
1180933750.0,-25.83064
1180933906.25,-25.82873
1180934062.5,-25.82622
1180934218.75,-25.82291
1180934375.0,-25.81925
1180934531.25,-25.81271
1180934687.5,-25.81439
1180934843.75,-25.80783
1180935000.0,-25.81028
1180935156.25,-25.80444
1180935312.5,-25.80101
1180935468.75,-25.79585
1180935625.0,-25.7942
1180935781.25,-25.78951
1180935937.5,-25.79005
1180936093.75,-25.78468
1180936250.0,-25.77942
1180936406.25,-25.77482
1180936562.5,-25.77458
1180936718.75,-25.77238
1180936875.0,-25.76696
1180937031.25,-25.76333
1180937187.5,-25.75821
1180937343.75,-25.75492
1180937500.0,-25.75279
1180937656.25,-25.75122
1180937812.5,-25.74931
1180937968.75,-25.7451
1180938125.0,-25.74184
1180938281.25,-25.73708
1180938437.5,-25.73382
1180938593.75,-25.7336
1180938750.0,-25.72852
1180938906.25,-25.72734
1180939062.5,-25.71974
1180939218.75,-25.72016
1180939375.0,-25.7125
1180939531.25,-25.71149
1180939687.5,-25.70994
1180939843.75,-25.70343
1180940000.0,-25.70148
1180940156.25,-25.70036
1180940312.5,-25.69683
1180940468.75,-25.69069
1180940625.0,-25.69166
1180940781.25,-25.68827
1180940937.5,-25.68228
1180941093.75,-25.67874
1180941250.0,-25.6743
1180941406.25,-25.6734
1180941562.5,-25.67038
1180941718.75,-25.66776
1180941875.0,-25.66397
1180942031.25,-25.65442
1180942187.5,-25.65391
1180942343.75,-25.65466
1180942500.0,-25.64932
1180942656.25,-25.64536
1180942812.5,-25.64226
1180942968.75,-25.63738
1180943125.0,-25.63502
1180943281.25,-25.63436
1180943437.5,-25.63028
1180943593.75,-25.62574
1180943750.0,-25.62203
1180943906.25,-25.61826
1180944062.5,-25.6175
1180944218.75,-25.61185
1180944375.0,-25.60835
1180944531.25,-25.60497
1180944687.5,-25.60229
1180944843.75,-25.59813
1180945000.0,-25.59619
1180945156.25,-25.59179
1180945312.5,-25.59196
1180945468.75,-25.5842
1180945625.0,-25.57871
1180945781.25,-25.5775
1180945937.5,-25.57322
1180946093.75,-25.57176
1180946250.0,-25.56643
1180946406.25,-25.56562
1180946562.5,-25.56338
1180946718.75,-25.5587
1180946875.0,-25.55184
1180947031.25,-25.55337
1180947187.5,-25.54467
1180947343.75,-25.54731
1180947500.0,-25.54256
1180947656.25,-25.53802
1180947812.5,-25.5366
1180947968.75,-25.53049
1180948125.0,-25.52604
1180948281.25,-25.52648
1180948437.5,-25.52015
1180948593.75,-25.52247
1180948750.0,-25.51689
1180948906.25,-25.51189
1180949062.5,-25.50852
1180949218.75,-25.5031
1180949375.0,-25.50537
1180949531.25,-25.49486
1180949687.5,-25.49329
1180949843.75,-25.49036
1180950000.0,-25.48777
1180950156.25,-25.48764
1180950312.5,-25.48126
1180950468.75,-25.47838
1180950625.0,-25.47765
1180950781.25,-25.47145
1180950937.5,-25.46704
1180951093.75,-25.46279
1180951250.0,-25.46023
1180951406.25,-25.45867
1180951562.5,-25.45685
1180951718.75,-25.45207
1180951875.0,-25.45076
1180952031.25,-25.44353
1180952187.5,-25.44063
1180952343.75,-25.43682
1180952500.0,-25.43369
1180952656.25,-25.43034
1180952812.5,-25.42486
1180952968.75,-25.42243
1180953125.0,-25.42107
1180953281.25,-25.41596
1180953437.5,-25.4127
1180953593.75,-25.40961
1180953750.0,-25.40527
1180953906.25,-25.40378
1180954062.5,-25.40131
1180954218.75,-25.39822
1180954375.0,-25.39278
1180954531.25,-25.38678
1180954687.5,-25.38435
1180954843.75,-25.38257
1180955000.0,-25.37997
1180955156.25,-25.37434
1180955312.5,-25.37236
1180955468.75,-25.36719
1180955625.0,-25.36353
1180955781.25,-25.36064
1180955937.5,-25.35713
1180956093.75,-25.35349
1180956250.0,-25.35269
1180956406.25,-25.34768
1180956562.5,-25.34018
1180956718.75,-25.34346
1180956875.0,-25.34301
1180957031.25,-25.33509
1180957187.5,-25.32966
1180957343.75,-25.32701
1180957500.0,-25.32369
1180957656.25,-25.32282
1180957812.5,-25.31479
1180957968.75,-25.30918
1180958125.0,-25.30962
1180958281.25,-25.3067
1180958437.5,-25.3048
1180958593.75,-25.30136
1180958750.0,-25.29486
1180958906.25,-25.29195
1180959062.5,-25.28903
1180959218.75,-25.28556
1180959375.0,-25.28133
1180959531.25,-25.27922
1180959687.5,-25.27093
1180959843.75,-25.27215
1180960000.0,-25.26892
1180960156.25,-25.26846
1180960312.5,-25.26295
1180960468.75,-25.25831
1180960625.0,-25.25468
1180960781.25,-25.25175
1180960937.5,-25.24684
1180961093.75,-25.24429
1180961250.0,-25.24094
1180961406.25,-25.23802
1180961562.5,-25.2346
1180961718.75,-25.23058
1180961875.0,-25.2251
1180962031.25,-25.21893
1180962187.5,-25.22096
1180962343.75,-25.21441
1180962500.0,-25.21882
1180962656.25,-25.2113
1180962812.5,-25.20421
1180962968.75,-25.20574
1180963125.0,-25.19602
1180963281.25,-25.19486
1180963437.5,-25.19403
1180963593.75,-25.19167
1180963750.0,-25.18626
1180963906.25,-25.18453
1180964062.5,-25.17515
1180964218.75,-25.17357
1180964375.0,-25.17173
1180964531.25,-25.16751
1180964687.5,-25.16511
1180964843.75,-25.15679
1180965000.0,-25.15466
1180965156.25,-25.15515
1180965312.5,-25.14539
1180965468.75,-25.14851
1180965625.0,-25.14261
1180965781.25,-25.14069
1180965937.5,-25.13874
1180966093.75,-25.1332
1180966250.0,-25.12978
1180966406.25,-25.13092
1180966562.5,-25.12474
1180966718.75,-25.12135
1180966875.0,-25.11329
1180967031.25,-25.11196
1180967187.5,-25.10573
1180967343.75,-25.10352
1180967500.0,-25.09879
1180967656.25,-25.09601
1180967812.5,-25.09471
1180967968.75,-25.09579
1180968125.0,-25.08886
1180968281.25,-25.08286
1180968437.5,-25.08158
1180968593.75,-25.07563
1180968750.0,-25.07352
1180968906.25,-25.06994
1180969062.5,-25.06618
1180969218.75,-25.0615
1180969375.0,-25.0587
1180969531.25,-25.05425
1180969687.5,-25.05273
1180969843.75,-25.04563
1180970000.0,-25.04498
1180970156.25,-25.04165
1180970312.5,-25.04216
1180970468.75,-25.03467
1180970625.0,-25.03097
1180970781.25,-25.03007
1180970937.5,-25.0238
1180971093.75,-25.0206
1180971250.0,-25.01445
1180971406.25,-25.01299
1180971562.5,-25.008
1180971718.75,-25.00546
1180971875.0,-25.00088
1180972031.25,-24.99754
1180972187.5,-24.99377
1180972343.75,-24.98974
1180972500.0,-24.98746
1180972656.25,-24.98295
1180972812.5,-24.98213
1180972968.75,-24.97702
1180973125.0,-24.97504
1180973281.25,-24.96936
1180973437.5,-24.96648
1180973593.75,-24.96207
1180973750.0,-24.96392
1180973906.25,-24.95747
1180974062.5,-24.95129
1180974218.75,-24.94767
1180974375.0,-24.94559
1180974531.25,-24.94295
1180974687.5,-24.9372
1180974843.75,-24.93761
1180975000.0,-24.93205
1180975156.25,-24.92742
1180975312.5,-24.92711
1180975468.75,-24.92027
1180975625.0,-24.9156
1180975781.25,-24.91557
1180975937.5,-24.90876
1180976093.75,-24.90841
1180976250.0,-24.90208
1180976406.25,-24.89585
1180976562.5,-24.89632
1180976718.75,-24.89327
1180976875.0,-24.8875
1180977031.25,-24.88413
1180977187.5,-24.87606
1180977343.75,-24.87832
1180977500.0,-24.87212
1180977656.25,-24.8704
1180977812.5,-24.86764
1180977968.75,-24.86284
1180978125.0,-24.86087
1180978281.25,-24.855
1180978437.5,-24.85241
1180978593.75,-24.84595
1180978750.0,-24.84352
1180978906.25,-24.83936
1180979062.5,-24.83707
1180979218.75,-24.83157
1180979375.0,-24.82844
1180979531.25,-24.82971
1180979687.5,-24.82096
1180979843.75,-24.81818
1180980000.0,-24.8182
1180980156.25,-24.81403
1180980312.5,-24.8042
1180980468.75,-24.80496
1180980625.0,-24.80437
1180980781.25,-24.79916
1180980937.5,-24.79485
1180981093.75,-24.78924
1180981250.0,-24.7875
1180981406.25,-24.78254
1180981562.5,-24.77594
1180981718.75,-24.7778
1180981875.0,-24.77206
1180982031.25,-24.76902
1180982187.5,-24.7669
1180982343.75,-24.75994
1180982500.0,-24.7585
1180982656.25,-24.75216
1180982812.5,-24.75548
1180982968.75,-24.74583
1180983125.0,-24.74491
1180983281.25,-24.73608
1180983437.5,-24.73952
1180983593.75,-24.73144
1180983750.0,-24.72758
1180983906.25,-24.72425
1180984062.5,-24.72056
1180984218.75,-24.71715
1180984375.0,-24.71143
1180984531.25,-24.70858
1180984687.5,-24.70706
1180984843.75,-24.70435
1180985000.0,-24.7008
1180985156.25,-24.69563
1180985312.5,-24.69222
1180985468.75,-24.6862
1180985625.0,-24.68209
1180985781.25,-24.68062
1180985937.5,-24.67974
1180986093.75,-24.67393
1180986250.0,-24.67055
1180986406.25,-24.66644
1180986562.5,-24.66179
1180986718.75,-24.65882
1180986875.0,-24.65601
1180987031.25,-24.65311
1180987187.5,-24.64738
1180987343.75,-24.64509
1180987500.0,-24.63821
1180987656.25,-24.63443
1180987812.5,-24.63501
1180987968.75,-24.62963
1180988125.0,-24.62446
1180988281.25,-24.62283
1180988437.5,-24.61938
1180988593.75,-24.61428
1180988750.0,-24.60858
1180988906.25,-24.60886
1180989062.5,-24.60122
1180989218.75,-24.60033
1180989375.0,-24.59921
1180989531.25,-24.59444
1180989687.5,-24.58881
1180989843.75,-24.58786
1180990000.0,-24.58111
1180990156.25,-24.57696
1180990312.5,-24.57681
1180990468.75,-24.57104
1180990625.0,-24.5701
1180990781.25,-24.56083
1180990937.5,-24.56079
1180991093.75,-24.55895
1180991250.0,-24.55174
1180991406.25,-24.54742
1180991562.5,-24.54479
1180991718.75,-24.53806
1180991875.0,-24.53413
1180992031.25,-24.53365
1180992187.5,-24.53179
1180992343.75,-24.52508
1180992500.0,-24.52359
1180992656.25,-24.51687
1180992812.5,-24.51535
1180992968.75,-24.51154
1180993125.0,-24.50624
1180993281.25,-24.50392
1180993437.5,-24.49888
1180993593.75,-24.49864
1180993750.0,-24.49034
1180993906.25,-24.48868
1180994062.5,-24.48383
1180994218.75,-24.48454
1180994375.0,-24.47624
1180994531.25,-24.47391
1180994687.5,-24.46992
1180994843.75,-24.46354
1180995000.0,-24.46272
1180995156.25,-24.45685
1180995312.5,-24.45367
1180995468.75,-24.45145
1180995625.0,-24.44855
1180995781.25,-24.4415
1180995937.5,-24.43854
1180996093.75,-24.43827
1180996250.0,-24.4341
1180996406.25,-24.42897
1180996562.5,-24.42376
1180996718.75,-24.42021
1180996875.0,-24.4185
1180997031.25,-24.41563
1180997187.5,-24.41122
1180997343.75,-24.40543
1180997500.0,-24.40297
1180997656.25,-24.39827
1180997812.5,-24.3954
1180997968.75,-24.3928
1180998125.0,-24.38916
1180998281.25,-24.38243
1180998437.5,-24.38083
1180998593.75,-24.37649
1180998750.0,-24.37276
1180998906.25,-24.3673
1180999062.5,-24.36527
1180999218.75,-24.36168
1180999375.0,-24.35379
1180999531.25,-24.35373
1180999687.5,-24.34872
1180999843.75,-24.34758
1181000000.0,-24.33955
1181000156.25,-24.34011
1181000312.5,-24.3367
1181000468.75,-24.33389
1181000625.0,-24.32828
1181000781.25,-24.32072
1181000937.5,-24.31973
1181001093.75,-24.31412
1181001250.0,-24.31036
1181001406.25,-24.30767
1181001562.5,-24.30521
1181001718.75,-24.29908
1181001875.0,-24.29802
1181002031.25,-24.29543
1181002187.5,-24.28965
1181002343.75,-24.28606
1181002500.0,-24.28261
1181002656.25,-24.2772
1181002812.5,-24.27154
1181002968.75,-24.26868
1181003125.0,-24.26542
1181003281.25,-24.25905
1181003437.5,-24.26183
1181003593.75,-24.2537
1181003750.0,-24.25122
1181003906.25,-24.24867
1181004062.5,-24.24051
1181004218.75,-24.23804
1181004375.0,-24.23483
1181004531.25,-24.23308
1181004687.5,-24.2287
1181004843.75,-24.22387
1181005000.0,-24.22115
1181005156.25,-24.21538
1181005312.5,-24.21076
1181005468.75,-24.20786
1181005625.0,-24.20453
1181005781.25,-24.20101
1181005937.5,-24.19442
1181006093.75,-24.19356
1181006250.0,-24.18881
1181006406.25,-24.18267
1181006562.5,-24.17934
1181006718.75,-24.18112
1181006875.0,-24.17358
1181007031.25,-24.16782
1181007187.5,-24.16844
1181007343.75,-24.16213
1181007500.0,-24.15771
1181007656.25,-24.15143
1181007812.5,-24.15251
1181007968.75,-24.14721
1181008125.0,-24.14218
1181008281.25,-24.13723
1181008437.5,-24.13516
1181008593.75,-24.12929
1181008750.0,-24.1271
1181008906.25,-24.12407
1181009062.5,-24.11867
1181009218.75,-24.11876
1181009375.0,-24.1159
1181009531.25,-24.1104
1181009687.5,-24.10426
1181009843.75,-24.09955
1181010000.0,-24.09483
1181010156.25,-24.09066
1181010312.5,-24.0883
1181010468.75,-24.08475
1181010625.0,-24.0819
1181010781.25,-24.07652
1181010937.5,-24.07261
1181011093.75,-24.0683
1181011250.0,-24.06659
1181011406.25,-24.05872
1181011562.5,-24.05705
1181011718.75,-24.05037
1181011875.0,-24.04885
1181012031.25,-24.04519
1181012187.5,-24.04012
1181012343.75,-24.03593
1181012500.0,-24.03544
1181012656.25,-24.03117
1181012812.5,-24.02765
1181012968.75,-24.02173
1181013125.0,-24.01943
1181013281.25,-24.01412
1181013437.5,-24.01203
1181013593.75,-24.00879
1181013750.0,-24.00519
1181013906.25,-24.00042
1181014062.5,-23.99413
1181014218.75,-23.992
1181014375.0,-23.98662
1181014531.25,-23.98317
1181014687.5,-23.97666
1181014843.75,-23.97511
1181015000.0,-23.96835
1181015156.25,-23.96841
1181015312.5,-23.96318
1181015468.75,-23.95842
1181015625.0,-23.95629
1181015781.25,-23.95174
1181015937.5,-23.9485
1181016093.75,-23.94374
1181016250.0,-23.93828
1181016406.25,-23.93354
1181016562.5,-23.93579
1181016718.75,-23.92911
1181016875.0,-23.92457
1181017031.25,-23.92142
1181017187.5,-23.91389
1181017343.75,-23.91216
1181017500.0,-23.90623
1181017656.25,-23.9066
1181017812.5,-23.89985
1181017968.75,-23.89427
1181018125.0,-23.89216
1181018281.25,-23.89048
1181018437.5,-23.88558
1181018593.75,-23.88059
1181018750.0,-23.87603
1181018906.25,-23.87371
1181019062.5,-23.86812
1181019218.75,-23.86676
1181019375.0,-23.85908
1181019531.25,-23.85427
1181019687.5,-23.85085
1181019843.75,-23.84541
1181020000.0,-23.84419
1181020156.25,-23.84069
1181020312.5,-23.8373
1181020468.75,-23.8334
1181020625.0,-23.8301
1181020781.25,-23.82349
1181020937.5,-23.82229
1181021093.75,-23.81695
1181021250.0,-23.81054
1181021406.25,-23.809
1181021562.5,-23.80279
1181021718.75,-23.80216
1181021875.0,-23.7986
1181022031.25,-23.79597
1181022187.5,-23.78802
1181022343.75,-23.78506
1181022500.0,-23.78166
1181022656.25,-23.77855
1181022812.5,-23.77169
1181022968.75,-23.76834
1181023125.0,-23.76444
1181023281.25,-23.75791
1181023437.5,-23.75688
1181023593.75,-23.7528
1181023750.0,-23.7485
1181023906.25,-23.74284
1181024062.5,-23.74064
1181024218.75,-23.73443
1181024375.0,-23.73126
1181024531.25,-23.72621
1181024687.5,-23.72268
1181024843.75,-23.72429
1181025000.0,-23.71458
1181025156.25,-23.71539
1181025312.5,-23.70749
1181025468.75,-23.70652
1181025625.0,-23.70091
1181025781.25,-23.69944
1181025937.5,-23.69453
1181026093.75,-23.6864
1181026250.0,-23.68593
1181026406.25,-23.67927
1181026562.5,-23.67887
1181026718.75,-23.67257
1181026875.0,-23.66892
1181027031.25,-23.66282
1181027187.5,-23.66024
1181027343.75,-23.65537
1181027500.0,-23.65156
1181027656.25,-23.64819
1181027812.5,-23.64218
1181027968.75,-23.63849
1181028125.0,-23.63468
1181028281.25,-23.63197
1181028437.5,-23.62463
1181028593.75,-23.62067
1181028750.0,-23.62023
1181028906.25,-23.61347
1181029062.5,-23.61062
1181029218.75,-23.60642
1181029375.0,-23.60484
1181029531.25,-23.59838
1181029687.5,-23.59585
1181029843.75,-23.59194
1181030000.0,-23.58619
1181030156.25,-23.58272
1181030312.5,-23.57601
1181030468.75,-23.57431
1181030625.0,-23.56907
1181030781.25,-23.56941
1181030937.5,-23.56288
1181031093.75,-23.55724
1181031250.0,-23.55268
1181031406.25,-23.54975
1181031562.5,-23.54668
1181031718.75,-23.54204
1181031875.0,-23.53682
1181032031.25,-23.53401
1181032187.5,-23.52929
1181032343.75,-23.52539
1181032500.0,-23.51941
1181032656.25,-23.51668
1181032812.5,-23.51417
1181032968.75,-23.50933
1181033125.0,-23.50341
1181033281.25,-23.49941
1181033437.5,-23.49622
1181033593.75,-23.49109
1181033750.0,-23.48946
1181033906.25,-23.48373
1181034062.5,-23.47938
1181034218.75,-23.47569
1181034375.0,-23.47078
1181034531.25,-23.46854
1181034687.5,-23.4626
1181034843.75,-23.4589
1181035000.0,-23.45372
1181035156.25,-23.44931
1181035312.5,-23.44383
1181035468.75,-23.44383
1181035625.0,-23.43682
1181035781.25,-23.43644
1181035937.5,-23.42947
1181036093.75,-23.42875
1181036250.0,-23.42049
1181036406.25,-23.41923
1181036562.5,-23.41242
1181036718.75,-23.41208
1181036875.0,-23.40642
1181037031.25,-23.40261
1181037187.5,-23.39772
1181037343.75,-23.39223
1181037500.0,-23.39002
1181037656.25,-23.3854
1181037812.5,-23.3829
1181037968.75,-23.3796
1181038125.0,-23.37153
1181038281.25,-23.36901
1181038437.5,-23.36165
1181038593.75,-23.36063
1181038750.0,-23.35336
1181038906.25,-23.35105
1181039062.5,-23.34515
1181039218.75,-23.34269
1181039375.0,-23.33941
1181039531.25,-23.33415
1181039687.5,-23.3285
1181039843.75,-23.32665
1181040000.0,-23.32173
1181040156.25,-23.31813
1181040312.5,-23.31345
1181040468.75,-23.31169
1181040625.0,-23.30432
1181040781.25,-23.30365
1181040937.5,-23.29886
1181041093.75,-23.29376
1181041250.0,-23.28804
1181041406.25,-23.28342
1181041562.5,-23.28078
1181041718.75,-23.27719
1181041875.0,-23.27009
1181042031.25,-23.26603
1181042187.5,-23.26446
1181042343.75,-23.26027
1181042500.0,-23.25599
1181042656.25,-23.25093
1181042812.5,-23.2474
1181042968.75,-23.24236
1181043125.0,-23.23779
1181043281.25,-23.23477
1181043437.5,-23.22897
1181043593.75,-23.22486
1181043750.0,-23.2206
1181043906.25,-23.22038
1181044062.5,-23.21355
1181044218.75,-23.20752
1181044375.0,-23.2037
1181044531.25,-23.20041
1181044687.5,-23.19466
1181044843.75,-23.19345
1181045000.0,-23.18944
1181045156.25,-23.18544
1181045312.5,-23.17778
1181045468.75,-23.17386
1181045625.0,-23.17274
1181045781.25,-23.16582
1181045937.5,-23.16288
1181046093.75,-23.1584
1181046250.0,-23.15678
1181046406.25,-23.14943
1181046562.5,-23.14325
1181046718.75,-23.14191
1181046875.0,-23.13514
1181047031.25,-23.12956
1181047187.5,-23.12699
1181047343.75,-23.12275
1181047500.0,-23.12337
1181047656.25,-23.11494
1181047812.5,-23.11105
1181047968.75,-23.10791
1181048125.0,-23.10146
1181048281.25,-23.09823
1181048437.5,-23.09602
1181048593.75,-23.09023
1181048750.0,-23.08436
1181048906.25,-23.07952
1181049062.5,-23.07617
1181049218.75,-23.07262
1181049375.0,-23.06854
1181049531.25,-23.06523
1181049687.5,-23.05923
1181049843.75,-23.05604
1181050000.0,-23.05298
1181050156.25,-23.04791
1181050312.5,-23.04185
1181050468.75,-23.03971
1181050625.0,-23.03313
1181050781.25,-23.03131
1181050937.5,-23.02473
1181051093.75,-23.01964
1181051250.0,-23.01634
1181051406.25,-23.0118
1181051562.5,-23.00941
1181051718.75,-23.00458
1181051875.0,-22.99993
1181052031.25,-22.99689
1181052187.5,-22.99068
1181052343.75,-22.98837
1181052500.0,-22.98564
1181052656.25,-22.98021
1181052812.5,-22.97224
1181052968.75,-22.97301
1181053125.0,-22.96581
1181053281.25,-22.96148
1181053437.5,-22.95539
1181053593.75,-22.95283
1181053750.0,-22.94835
1181053906.25,-22.94147
1181054062.5,-22.93763
1181054218.75,-22.93354
1181054375.0,-22.93038
1181054531.25,-22.92431
1181054687.5,-22.92314
1181054843.75,-22.91749
1181055000.0,-22.91091
1181055156.25,-22.90994
1181055312.5,-22.9032
1181055468.75,-22.89945
1181055625.0,-22.89505
1181055781.25,-22.88856
1181055937.5,-22.88779
1181056093.75,-22.88412
1181056250.0,-22.87635
1181056406.25,-22.8725
1181056562.5,-22.87171
1181056718.75,-22.86487
1181056875.0,-22.86024
1181057031.25,-22.85568
1181057187.5,-22.85202
1181057343.75,-22.84712
1181057500.0,-22.84313
1181057656.25,-22.83847
1181057812.5,-22.8359
1181057968.75,-22.83131
1181058125.0,-22.8269
1181058281.25,-22.82169
1181058437.5,-22.81607
1181058593.75,-22.81254
1181058750.0,-22.81046
1181058906.25,-22.80272
1181059062.5,-22.79984
1181059218.75,-22.79434
1181059375.0,-22.78994
1181059531.25,-22.78574
1181059687.5,-22.78181
1181059843.75,-22.77883
1181060000.0,-22.77392
1181060156.25,-22.76786
1181060312.5,-22.76344
1181060468.75,-22.76103
1181060625.0,-22.75595
1181060781.25,-22.75128
1181060937.5,-22.74699
1181061093.75,-22.74288
1181061250.0,-22.73799
1181061406.25,-22.73399
1181061562.5,-22.72844
1181061718.75,-22.72388
1181061875.0,-22.72104
1181062031.25,-22.71677
1181062187.5,-22.71065
1181062343.75,-22.70662
1181062500.0,-22.70089
1181062656.25,-22.69949
1181062812.5,-22.6949
1181062968.75,-22.6908
1181063125.0,-22.68558
1181063281.25,-22.68081
1181063437.5,-22.67583
1181063593.75,-22.67298
1181063750.0,-22.66596
1181063906.25,-22.66193
1181064062.5,-22.65782
1181064218.75,-22.65676
1181064375.0,-22.65026
1181064531.25,-22.64751
1181064687.5,-22.64072
1181064843.75,-22.63488
1181065000.0,-22.63296
1181065156.25,-22.62737
1181065312.5,-22.62239
1181065468.75,-22.61657
1181065625.0,-22.61561
1181065781.25,-22.60858
1181065937.5,-22.60374
1181066093.75,-22.60082
1181066250.0,-22.59746
1181066406.25,-22.58874
1181066562.5,-22.58594
1181066718.75,-22.58094
1181066875.0,-22.57802
1181067031.25,-22.5731
1181067187.5,-22.56924
1181067343.75,-22.56504
1181067500.0,-22.55996
1181067656.25,-22.55633
1181067812.5,-22.55082
1181067968.75,-22.54716
1181068125.0,-22.54247
1181068281.25,-22.53724
1181068437.5,-22.53254
1181068593.75,-22.52782
1181068750.0,-22.52469
1181068906.25,-22.51863
1181069062.5,-22.51648
1181069218.75,-22.51029
1181069375.0,-22.50543
1181069531.25,-22.50261
1181069687.5,-22.49704
1181069843.75,-22.49462
1181070000.0,-22.48745
1181070156.25,-22.4843
1181070312.5,-22.47772
1181070468.75,-22.4749
1181070625.0,-22.47187
1181070781.25,-22.46529
1181070937.5,-22.4627
1181071093.75,-22.45641
1181071250.0,-22.45314
1181071406.25,-22.44913
1181071562.5,-22.44031
1181071718.75,-22.44028
1181071875.0,-22.43417
1181072031.25,-22.42909
1181072187.5,-22.42475
1181072343.75,-22.4217
1181072500.0,-22.41322
1181072656.25,-22.41235
1181072812.5,-22.40855
1181072968.75,-22.40145
1181073125.0,-22.39741
1181073281.25,-22.39272
1181073437.5,-22.39042
1181073593.75,-22.38341
1181073750.0,-22.38012
1181073906.25,-22.37586
1181074062.5,-22.37017
1181074218.75,-22.36722
1181074375.0,-22.36181
1181074531.25,-22.358
1181074687.5,-22.3531
1181074843.75,-22.34945
1181075000.0,-22.34202
1181075156.25,-22.33797
1181075312.5,-22.33369
1181075468.75,-22.329
1181075625.0,-22.32358
1181075781.25,-22.31968
1181075937.5,-22.31623
1181076093.75,-22.31038
1181076250.0,-22.30788
1181076406.25,-22.30322
1181076562.5,-22.29844
1181076718.75,-22.29184
1181076875.0,-22.28816
1181077031.25,-22.28193
1181077187.5,-22.27942
1181077343.75,-22.27625
1181077500.0,-22.26915
1181077656.25,-22.26472
1181077812.5,-22.2598
1181077968.75,-22.2567
1181078125.0,-22.25213
1181078281.25,-22.24754
1181078437.5,-22.24206
1181078593.75,-22.23829
1181078750.0,-22.23148
1181078906.25,-22.22949
1181079062.5,-22.22437
1181079218.75,-22.22072
1181079375.0,-22.21418
1181079531.25,-22.20883
1181079687.5,-22.20657
1181079843.75,-22.19944
1181080000.0,-22.19682
1181080156.25,-22.19427
1181080312.5,-22.18668
1181080468.75,-22.18225
1181080625.0,-22.1799
1181080781.25,-22.16988
1181080937.5,-22.17141
1181081093.75,-22.16538
1181081250.0,-22.15852
1181081406.25,-22.15472
1181081562.5,-22.14937
1181081718.75,-22.14691
1181081875.0,-22.13987
1181082031.25,-22.13598
1181082187.5,-22.13157
1181082343.75,-22.12765
1181082500.0,-22.12151
1181082656.25,-22.11858
1181082812.5,-22.11491
1181082968.75,-22.1109
1181083125.0,-22.10417
1181083281.25,-22.09864
1181083437.5,-22.09539
1181083593.75,-22.09017
1181083750.0,-22.08712
1181083906.25,-22.08158
1181084062.5,-22.07318
1181084218.75,-22.07244
1181084375.0,-22.06761
1181084531.25,-22.05899
1181084687.5,-22.05502
1181084843.75,-22.05103
1181085000.0,-22.04761
1181085156.25,-22.04176
1181085312.5,-22.03811
1181085468.75,-22.03126
1181085625.0,-22.02943
1181085781.25,-22.02405
1181085937.5,-22.0192
1181086093.75,-22.01423
1181086250.0,-22.00877
1181086406.25,-22.00563
1181086562.5,-22.00116
1181086718.75,-21.9978
1181086875.0,-21.98986
1181087031.25,-21.98551
1181087187.5,-21.98011
1181087343.75,-21.97696
1181087500.0,-21.97024
1181087656.25,-21.96745
1181087812.5,-21.96338
1181087968.75,-21.95764
1181088125.0,-21.95496
1181088281.25,-21.94998
1181088437.5,-21.94438
1181088593.75,-21.94089
1181088750.0,-21.93605
1181088906.25,-21.93081
1181089062.5,-21.92546
1181089218.75,-21.91861
1181089375.0,-21.91571
1181089531.25,-21.90865
1181089687.5,-21.90658
1181089843.75,-21.90119
1181090000.0,-21.89549
1181090156.25,-21.89194
1181090312.5,-21.88602
1181090468.75,-21.88356
1181090625.0,-21.87659
1181090781.25,-21.87043
1181090937.5,-21.86759
1181091093.75,-21.86452
1181091250.0,-21.85989
1181091406.25,-21.8539
1181091562.5,-21.85151
1181091718.75,-21.84508
1181091875.0,-21.84162
1181092031.25,-21.8328
1181092187.5,-21.83224
1181092343.75,-21.82275
1181092500.0,-21.81854
1181092656.25,-21.81579
1181092812.5,-21.81111
1181092968.75,-21.80836
1181093125.0,-21.80279
1181093281.25,-21.79604
1181093437.5,-21.79072
1181093593.75,-21.78534
1181093750.0,-21.78268
1181093906.25,-21.77796
1181094062.5,-21.77407
1181094218.75,-21.7686
1181094375.0,-21.76301
1181094531.25,-21.75749
1181094687.5,-21.75175
1181094843.75,-21.75084
1181095000.0,-21.74511
1181095156.25,-21.74066
1181095312.5,-21.7339
1181095468.75,-21.731
1181095625.0,-21.72436
1181095781.25,-21.72118
1181095937.5,-21.71469
1181096093.75,-21.71013
1181096250.0,-21.7051
1181096406.25,-21.7003
1181096562.5,-21.69607
1181096718.75,-21.69152
1181096875.0,-21.68641
1181097031.25,-21.68173
1181097187.5,-21.67501
1181097343.75,-21.67329
1181097500.0,-21.66839
1181097656.25,-21.6649
1181097812.5,-21.65925
1181097968.75,-21.65214
1181098125.0,-21.64698
1181098281.25,-21.64307
1181098437.5,-21.63891
1181098593.75,-21.63623
1181098750.0,-21.63054
1181098906.25,-21.62417
1181099062.5,-21.62098
1181099218.75,-21.61448
1181099375.0,-21.61107
1181099531.25,-21.60404
1181099687.5,-21.59826
1181099843.75,-21.59434
1181100000.0,-21.58874
1181100156.25,-21.58522
1181100312.5,-21.57885
1181100468.75,-21.57664
1181100625.0,-21.56978
1181100781.25,-21.56535
1181100937.5,-21.55949
1181101093.75,-21.55548
1181101250.0,-21.55302
1181101406.25,-21.54492
1181101562.5,-21.54029
1181101718.75,-21.53784
1181101875.0,-21.53297
1181102031.25,-21.52721
1181102187.5,-21.5208
1181102343.75,-21.51679
1181102500.0,-21.512
1181102656.25,-21.50817
1181102812.5,-21.50204
1181102968.75,-21.49879
1181103125.0,-21.49258
1181103281.25,-21.4868
1181103437.5,-21.48145
1181103593.75,-21.47942
1181103750.0,-21.47173
1181103906.25,-21.46853
1181104062.5,-21.46205
1181104218.75,-21.45865
1181104375.0,-21.45012
1181104531.25,-21.45078
1181104687.5,-21.4429
1181104843.75,-21.43718
1181105000.0,-21.43444
1181105156.25,-21.42805
1181105312.5,-21.42641
1181105468.75,-21.41887
1181105625.0,-21.41588
1181105781.25,-21.41134
1181105937.5,-21.40354
1181106093.75,-21.3982
1181106250.0,-21.39544
1181106406.25,-21.39037
1181106562.5,-21.38375
1181106718.75,-21.38171
1181106875.0,-21.37278
1181107031.25,-21.36772
1181107187.5,-21.3647
1181107343.75,-21.35852
1181107500.0,-21.35578
1181107656.25,-21.35162
1181107812.5,-21.34413
1181107968.75,-21.34072
1181108125.0,-21.33491
1181108281.25,-21.32827
1181108437.5,-21.32373
1181108593.75,-21.31966
1181108750.0,-21.31326
1181108906.25,-21.31015
1181109062.5,-21.30474
1181109218.75,-21.29939
1181109375.0,-21.29554
1181109531.25,-21.29143
1181109687.5,-21.28699
1181109843.75,-21.27995
1181110000.0,-21.27689
1181110156.25,-21.27155
1181110312.5,-21.26415
1181110468.75,-21.25788
1181110625.0,-21.25733
1181110781.25,-21.24864
1181110937.5,-21.24479
1181111093.75,-21.23881
1181111250.0,-21.23724
1181111406.25,-21.23278
1181111562.5,-21.22736
1181111718.75,-21.22136
1181111875.0,-21.21655
1181112031.25,-21.21033
1181112187.5,-21.20457
1181112343.75,-21.20173
1181112500.0,-21.19637
1181112656.25,-21.18831
1181112812.5,-21.18633
1181112968.75,-21.18286
1181113125.0,-21.17562
1181113281.25,-21.17053
1181113437.5,-21.16392
1181113593.75,-21.16241
1181113750.0,-21.15355
1181113906.25,-21.15099
1181114062.5,-21.14503
1181114218.75,-21.14026
1181114375.0,-21.13297
1181114531.25,-21.13009
1181114687.5,-21.12447
1181114843.75,-21.11693
1181115000.0,-21.116
1181115156.25,-21.10923
1181115312.5,-21.10604
1181115468.75,-21.10028
1181115625.0,-21.09587
1181115781.25,-21.08953
1181115937.5,-21.08612
1181116093.75,-21.07943
1181116250.0,-21.07666
1181116406.25,-21.06882
1181116562.5,-21.0655
1181116718.75,-21.05801
1181116875.0,-21.05401
1181117031.25,-21.05022
1181117187.5,-21.04438
1181117343.75,-21.04075
1181117500.0,-21.03366
1181117656.25,-21.02888
1181117812.5,-21.02355
1181117968.75,-21.01756
1181118125.0,-21.01162
1181118281.25,-21.00801
1181118437.5,-21.00427
1181118593.75,-21.0002
1181118750.0,-20.99323
1181118906.25,-20.98818
1181119062.5,-20.98277
1181119218.75,-20.97824
1181119375.0,-20.97585
1181119531.25,-20.96718
1181119687.5,-20.96307
1181119843.75,-20.95871
1181120000.0,-20.95373
1181120156.25,-20.94691
1181120312.5,-20.94427
1181120468.75,-20.93645
1181120625.0,-20.93125
1181120781.25,-20.92848
1181120937.5,-20.92208
1181121093.75,-20.91668
1181121250.0,-20.91307
1181121406.25,-20.90788
1181121562.5,-20.90261
1181121718.75,-20.89744
1181121875.0,-20.88989
1181122031.25,-20.88606
1181122187.5,-20.8807
1181122343.75,-20.87513
1181122500.0,-20.86975
1181122656.25,-20.86708
1181122812.5,-20.86261
1181122968.75,-20.8563
1181123125.0,-20.84857
1181123281.25,-20.8475
1181123437.5,-20.83912
1181123593.75,-20.83528
1181123750.0,-20.83008
1181123906.25,-20.82528
1181124062.5,-20.81914
1181124218.75,-20.8144
1181124375.0,-20.80972
1181124531.25,-20.80552
1181124687.5,-20.79977
1181124843.75,-20.79477
1181125000.0,-20.78959
1181125156.25,-20.78431
1181125312.5,-20.77836
1181125468.75,-20.77361
1181125625.0,-20.76729
1181125781.25,-20.7636
1181125937.5,-20.75673
1181126093.75,-20.75279
1181126250.0,-20.74761
1181126406.25,-20.74295
1181126562.5,-20.73646
1181126718.75,-20.73256
1181126875.0,-20.72717
1181127031.25,-20.72354
1181127187.5,-20.71669
1181127343.75,-20.71136
1181127500.0,-20.70383
1181127656.25,-20.69981
1181127812.5,-20.69639
1181127968.75,-20.6904
1181128125.0,-20.68505
1181128281.25,-20.6793
1181128437.5,-20.67495
1181128593.75,-20.67046
1181128750.0,-20.6649
1181128906.25,-20.65999
1181129062.5,-20.65468
1181129218.75,-20.65133
1181129375.0,-20.64441
1181129531.25,-20.63963
1181129687.5,-20.63378
1181129843.75,-20.62868
1181130000.0,-20.62066
1181130156.25,-20.619
1181130312.5,-20.61587
1181130468.75,-20.60723
1181130625.0,-20.60283
1181130781.25,-20.59748
1181130937.5,-20.59178
1181131093.75,-20.58607
1181131250.0,-20.58254
1181131406.25,-20.57676
1181131562.5,-20.57131
1181131718.75,-20.56419
1181131875.0,-20.56081
1181132031.25,-20.55468
1181132187.5,-20.54927
1181132343.75,-20.54382
1181132500.0,-20.53902
1181132656.25,-20.53384
1181132812.5,-20.52767
1181132968.75,-20.52527
1181133125.0,-20.51861
1181133281.25,-20.51089
1181133437.5,-20.50863
1181133593.75,-20.50272
1181133750.0,-20.49873
1181133906.25,-20.49562
1181134062.5,-20.48866
1181134218.75,-20.48169
1181134375.0,-20.47726
1181134531.25,-20.47164
1181134687.5,-20.46614
1181134843.75,-20.46028
1181135000.0,-20.45338
1181135156.25,-20.4513
1181135312.5,-20.44458
1181135468.75,-20.44023
1181135625.0,-20.4349
1181135781.25,-20.43111
1181135937.5,-20.42376
1181136093.75,-20.41999
1181136250.0,-20.41336
1181136406.25,-20.41036
1181136562.5,-20.40342
1181136718.75,-20.39753
1181136875.0,-20.39099
1181137031.25,-20.38725
1181137187.5,-20.382
1181137343.75,-20.37613
1181137500.0,-20.37185
1181137656.25,-20.36572
1181137812.5,-20.35961
1181137968.75,-20.35621
1181138125.0,-20.35131
1181138281.25,-20.3463
1181138437.5,-20.33936
1181138593.75,-20.33621
1181138750.0,-20.32843
1181138906.25,-20.32389
1181139062.5,-20.31807
1181139218.75,-20.31405
1181139375.0,-20.30594
1181139531.25,-20.30195
1181139687.5,-20.29735
1181139843.75,-20.29223
1181140000.0,-20.28774
1181140156.25,-20.2833
1181140312.5,-20.27654
1181140468.75,-20.2703
1181140625.0,-20.26334
1181140781.25,-20.26143
1181140937.5,-20.25729
1181141093.75,-20.2491
1181141250.0,-20.24517
1181141406.25,-20.23848
1181141562.5,-20.23398
1181141718.75,-20.22742
1181141875.0,-20.22468
1181142031.25,-20.21747
1181142187.5,-20.20931
1181142343.75,-20.20688
1181142500.0,-20.20096
1181142656.25,-20.19579
1181142812.5,-20.19259
1181142968.75,-20.1847
1181143125.0,-20.1792
1181143281.25,-20.17349
1181143437.5,-20.16927
1181143593.75,-20.16614
1181143750.0,-20.15839
1181143906.25,-20.1526
1181144062.5,-20.14716
1181144218.75,-20.14213
1181144375.0,-20.13593
1181144531.25,-20.13158
1181144687.5,-20.12784
1181144843.75,-20.11989
1181145000.0,-20.11662
1181145156.25,-20.10877
1181145312.5,-20.10483
1181145468.75,-20.09873
1181145625.0,-20.09267
1181145781.25,-20.08787
1181145937.5,-20.08391
1181146093.75,-20.08006
1181146250.0,-20.07274
1181146406.25,-20.06597
1181146562.5,-20.06252
1181146718.75,-20.05814
1181146875.0,-20.05263
1181147031.25,-20.04546
1181147187.5,-20.04017
1181147343.75,-20.03478
1181147500.0,-20.03011
1181147656.25,-20.02409
1181147812.5,-20.01905
1181147968.75,-20.01381
1181148125.0,-20.00842
1181148281.25,-20.00276
1181148437.5,-19.99543
1181148593.75,-19.99314
1181148750.0,-19.98495
1181148906.25,-19.98154
1181149062.5,-19.97465
1181149218.75,-19.97035
1181149375.0,-19.9639
1181149531.25,-19.95771
1181149687.5,-19.95316
1181149843.75,-19.94629
1181150000.0,-19.94139
1181150156.25,-19.93772
1181150312.5,-19.93164
1181150468.75,-19.92849
1181150625.0,-19.92131
1181150781.25,-19.91621
1181150937.5,-19.90905
1181151093.75,-19.90397
1181151250.0,-19.89892
1181151406.25,-19.89396
1181151562.5,-19.88767
1181151718.75,-19.8823
1181151875.0,-19.87855
1181152031.25,-19.87268
1181152187.5,-19.86644
1181152343.75,-19.86298
1181152500.0,-19.85611
1181152656.25,-19.84995
1181152812.5,-19.84559
1181152968.75,-19.83931
1181153125.0,-19.83255
1181153281.25,-19.82876
1181153437.5,-19.82436
1181153593.75,-19.81767
1181153750.0,-19.81213
1181153906.25,-19.80733
1181154062.5,-19.80147
1181154218.75,-19.79715
1181154375.0,-19.78972
1181154531.25,-19.78628
1181154687.5,-19.7799
1181154843.75,-19.77288
1181155000.0,-19.76801
1181155156.25,-19.76299
1181155312.5,-19.75733
1181155468.75,-19.75308
1181155625.0,-19.74623
1181155781.25,-19.74129
1181155937.5,-19.73439
1181156093.75,-19.73021
1181156250.0,-19.72495
1181156406.25,-19.72026
1181156562.5,-19.71547
1181156718.75,-19.70777
1181156875.0,-19.70268
1181157031.25,-19.69651
1181157187.5,-19.6912
1181157343.75,-19.6876
1181157500.0,-19.68111
1181157656.25,-19.67548
1181157812.5,-19.66939
1181157968.75,-19.66521
1181158125.0,-19.66046
1181158281.25,-19.65138
1181158437.5,-19.6488
1181158593.75,-19.64238
1181158750.0,-19.63839
1181158906.25,-19.63166
1181159062.5,-19.62524
1181159218.75,-19.62038
1181159375.0,-19.61582
1181159531.25,-19.60868
1181159687.5,-19.60494
1181159843.75,-19.59842
1181160000.0,-19.59302
1181160156.25,-19.58874
1181160312.5,-19.57985
1181160468.75,-19.5769
1181160625.0,-19.57039
1181160781.25,-19.56543
1181160937.5,-19.55961
1181161093.75,-19.55528
1181161250.0,-19.55102
1181161406.25,-19.54441
1181161562.5,-19.53825
1181161718.75,-19.53209
1181161875.0,-19.52487
1181162031.25,-19.52055
1181162187.5,-19.51559
1181162343.75,-19.513
1181162500.0,-19.50389
1181162656.25,-19.4994
1181162812.5,-19.493
1181162968.75,-19.48822
1181163125.0,-19.48425
1181163281.25,-19.47516
1181163437.5,-19.47197
1181163593.75,-19.46475
1181163750.0,-19.46132
1181163906.25,-19.45537
1181164062.5,-19.44767
1181164218.75,-19.44115
1181164375.0,-19.43703
1181164531.25,-19.43394
1181164687.5,-19.42833
1181164843.75,-19.4225
1181165000.0,-19.41664
1181165156.25,-19.41097
1181165312.5,-19.40689
1181165468.75,-19.39798
1181165625.0,-19.39425
1181165781.25,-19.38962
1181165937.5,-19.38379
1181166093.75,-19.37754
1181166250.0,-19.37315
1181166406.25,-19.36576
1181166562.5,-19.36036
1181166718.75,-19.35458
1181166875.0,-19.35156
1181167031.25,-19.34371
1181167187.5,-19.33958
1181167343.75,-19.33435
1181167500.0,-19.32874
1181167656.25,-19.32144
1181167812.5,-19.317
1181167968.75,-19.30969
1181168125.0,-19.30429
1181168281.25,-19.29784
1181168437.5,-19.29396
1181168593.75,-19.28737
1181168750.0,-19.28349
1181168906.25,-19.27886
1181169062.5,-19.27143
1181169218.75,-19.26496
1181169375.0,-19.25937
1181169531.25,-19.25556
1181169687.5,-19.24896
1181169843.75,-19.24407
1181170000.0,-19.23669
1181170156.25,-19.23276
1181170312.5,-19.22639
1181170468.75,-19.22002
1181170625.0,-19.21463
1181170781.25,-19.21056
1181170937.5,-19.20573
1181171093.75,-19.19922
1181171250.0,-19.19522
1181171406.25,-19.18759
1181171562.5,-19.18214
1181171718.75,-19.1758
1181171875.0,-19.16973
1181172031.25,-19.16614
1181172187.5,-19.16076
1181172343.75,-19.1548
1181172500.0,-19.14978
1181172656.25,-19.14418
1181172812.5,-19.13639
1181172968.75,-19.13136
1181173125.0,-19.1255
1181173281.25,-19.11765
1181173437.5,-19.1139
1181173593.75,-19.10736
1181173750.0,-19.10472
1181173906.25,-19.09673
1181174062.5,-19.09281
1181174218.75,-19.08663
1181174375.0,-19.0805
1181174531.25,-19.07636
1181174687.5,-19.06983
1181174843.75,-19.06442
1181175000.0,-19.05808
1181175156.25,-19.05326
1181175312.5,-19.04714
1181175468.75,-19.04189
1181175625.0,-19.03681
1181175781.25,-19.03272
1181175937.5,-19.02351
1181176093.75,-19.01871
1181176250.0,-19.0145
1181176406.25,-19.00975
1181176562.5,-19.0028
1181176718.75,-18.99693
1181176875.0,-18.99065
1181177031.25,-18.9869
1181177187.5,-18.98102
1181177343.75,-18.97606
1181177500.0,-18.96792
1181177656.25,-18.96363
1181177812.5,-18.95727
1181177968.75,-18.95286
1181178125.0,-18.94488
1181178281.25,-18.93957
1181178437.5,-18.93421
1181178593.75,-18.93007
1181178750.0,-18.92434
1181178906.25,-18.91886
1181179062.5,-18.91257
1181179218.75,-18.90643
1181179375.0,-18.90128
1181179531.25,-18.89558
1181179687.5,-18.89098
1181179843.75,-18.88371
1181180000.0,-18.87863
1181180156.25,-18.87359
1181180312.5,-18.86836
1181180468.75,-18.86195
1181180625.0,-18.85488
1181180781.25,-18.85142
1181180937.5,-18.84523
1181181093.75,-18.83748
1181181250.0,-18.83326
1181181406.25,-18.82781
1181181562.5,-18.82271
1181181718.75,-18.81646
1181181875.0,-18.81174
1181182031.25,-18.80594
1181182187.5,-18.79831
1181182343.75,-18.79293
1181182500.0,-18.7898
1181182656.25,-18.78363
1181182812.5,-18.77728
1181182968.75,-18.77088
1181183125.0,-18.76571
1181183281.25,-18.76068
1181183437.5,-18.75341
1181183593.75,-18.74974
1181183750.0,-18.74274
1181183906.25,-18.73746
1181184062.5,-18.73277
1181184218.75,-18.72427
1181184375.0,-18.72162
1181184531.25,-18.71372
1181184687.5,-18.71111
1181184843.75,-18.70318
1181185000.0,-18.69782
1181185156.25,-18.69423
1181185312.5,-18.68669
1181185468.75,-18.68235
1181185625.0,-18.67639
1181185781.25,-18.66943
1181185937.5,-18.66261
1181186093.75,-18.65859
1181186250.0,-18.6532
1181186406.25,-18.64772
1181186562.5,-18.64115
1181186718.75,-18.637
1181186875.0,-18.63164
1181187031.25,-18.62563
1181187187.5,-18.61955
1181187343.75,-18.6135
1181187500.0,-18.60671
1181187656.25,-18.60349
1181187812.5,-18.59741
1181187968.75,-18.59079
1181188125.0,-18.5848
1181188281.25,-18.57893
1181188437.5,-18.57537
1181188593.75,-18.56866
1181188750.0,-18.5626
1181188906.25,-18.5559
1181189062.5,-18.55183
1181189218.75,-18.54532
1181189375.0,-18.54122
1181189531.25,-18.53477
1181189687.5,-18.5281
1181189843.75,-18.52331
1181190000.0,-18.51707
1181190156.25,-18.51117
1181190312.5,-18.50729
1181190468.75,-18.49998
1181190625.0,-18.49469
1181190781.25,-18.48866
1181190937.5,-18.48417
1181191093.75,-18.47741
1181191250.0,-18.47206
1181191406.25,-18.46855
1181191562.5,-18.461
1181191718.75,-18.457
1181191875.0,-18.44928
1181192031.25,-18.44404
1181192187.5,-18.43719
1181192343.75,-18.43199
1181192500.0,-18.42698
1181192656.25,-18.42192
1181192812.5,-18.41588
1181192968.75,-18.40958
1181193125.0,-18.40442
1181193281.25,-18.39814
1181193437.5,-18.39323
1181193593.75,-18.38722
1181193750.0,-18.38214
1181193906.25,-18.37641
1181194062.5,-18.36794
1181194218.75,-18.36365
1181194375.0,-18.35797
1181194531.25,-18.35346
1181194687.5,-18.34733
1181194843.75,-18.34137
1181195000.0,-18.33608
1181195156.25,-18.33101
1181195312.5,-18.32484
1181195468.75,-18.31981
1181195625.0,-18.31296
1181195781.25,-18.30782
1181195937.5,-18.30028
1181196093.75,-18.29648
1181196250.0,-18.29132
1181196406.25,-18.28326
1181196562.5,-18.28023
1181196718.75,-18.27357
1181196875.0,-18.26804
1181197031.25,-18.26133
1181197187.5,-18.25699
1181197343.75,-18.24958
1181197500.0,-18.24439
1181197656.25,-18.23931
1181197812.5,-18.23556
1181197968.75,-18.22896
1181198125.0,-18.22263
1181198281.25,-18.21701
1181198437.5,-18.21148
1181198593.75,-18.20588
1181198750.0,-18.20147
1181198906.25,-18.19443
1181199062.5,-18.18803
1181199218.75,-18.18385
1181199375.0,-18.17842
1181199531.25,-18.17039
1181199687.5,-18.16497
1181199843.75,-18.16169
1181200000.0,-18.156
1181200156.25,-18.14898
1181200312.5,-18.14347
1181200468.75,-18.1379
1181200625.0,-18.1316
1181200781.25,-18.12686
1181200937.5,-18.12051
1181201093.75,-18.11465
1181201250.0,-18.10841
1181201406.25,-18.10396
1181201562.5,-18.09944
1181201718.75,-18.09119
1181201875.0,-18.08697
1181202031.25,-18.08211
1181202187.5,-18.07672
1181202343.75,-18.06985
1181202500.0,-18.06447
1181202656.25,-18.05841
1181202812.5,-18.05523
1181202968.75,-18.04955
1181203125.0,-18.04285
1181203281.25,-18.03555
1181203437.5,-18.03124
1181203593.75,-18.02631
1181203750.0,-18.01953
1181203906.25,-18.01306
1181204062.5,-18.00865
1181204218.75,-18.00265
1181204375.0,-17.99729
1181204531.25,-17.9914
1181204687.5,-17.98408
1181204843.75,-17.98006
1181205000.0,-17.97419
1181205156.25,-17.96808
1181205312.5,-17.96461
1181205468.75,-17.95899
1181205625.0,-17.95119
1181205781.25,-17.94673
1181205937.5,-17.94078
1181206093.75,-17.93499
1181206250.0,-17.92798
1181206406.25,-17.92376
1181206562.5,-17.91935
1181206718.75,-17.91299
1181206875.0,-17.9059
1181207031.25,-17.90135
1181207187.5,-17.89695
1181207343.75,-17.89067
1181207500.0,-17.88379
1181207656.25,-17.87827
1181207812.5,-17.87401
1181207968.75,-17.86794
1181208125.0,-17.8622
1181208281.25,-17.85558
1181208437.5,-17.85048
1181208593.75,-17.84621
1181208750.0,-17.84035
1181208906.25,-17.83426
1181209062.5,-17.8292
1181209218.75,-17.82294
1181209375.0,-17.81599
1181209531.25,-17.81207
1181209687.5,-17.80575
1181209843.75,-17.80084
1181210000.0,-17.79622
1181210156.25,-17.7888
1181210312.5,-17.78424
1181210468.75,-17.77816
1181210625.0,-17.77161
1181210781.25,-17.76721
1181210937.5,-17.76241
1181211093.75,-17.75563
1181211250.0,-17.75065
1181211406.25,-17.74458
1181211562.5,-17.73929
1181211718.75,-17.73415
1181211875.0,-17.73002
1181212031.25,-17.72315
1181212187.5,-17.7164
1181212343.75,-17.71276
1181212500.0,-17.70676
1181212656.25,-17.70193
1181212812.5,-17.69382
1181212968.75,-17.68941
1181213125.0,-17.68442
1181213281.25,-17.67839
1181213437.5,-17.67316
1181213593.75,-17.66793
1181213750.0,-17.66191
1181213906.25,-17.65753
1181214062.5,-17.65055
1181214218.75,-17.64574
1181214375.0,-17.64032
1181214531.25,-17.63381
1181214687.5,-17.62739
1181214843.75,-17.62299
1181215000.0,-17.61717
1181215156.25,-17.61152
1181215312.5,-17.6065
1181215468.75,-17.60029
1181215625.0,-17.59663
1181215781.25,-17.59053
1181215937.5,-17.584
1181216093.75,-17.57885
1181216250.0,-17.57365
1181216406.25,-17.5687
1181216562.5,-17.56291
1181216718.75,-17.55671
1181216875.0,-17.55056
1181217031.25,-17.54599
1181217187.5,-17.53973
1181217343.75,-17.53453
1181217500.0,-17.52894
1181217656.25,-17.52392
1181217812.5,-17.51949
1181217968.75,-17.51147
1181218125.0,-17.5071
1181218281.25,-17.50255
1181218437.5,-17.49704
1181218593.75,-17.49042
1181218750.0,-17.48527
1181218906.25,-17.47984
1181219062.5,-17.47378
1181219218.75,-17.46748
1181219375.0,-17.46333
1181219531.25,-17.45653
1181219687.5,-17.4514
1181219843.75,-17.44734
1181220000.0,-17.44269
1181220156.25,-17.43611
1181220312.5,-17.43078
1181220468.75,-17.42525
1181220625.0,-17.41803
1181220781.25,-17.413
1181220937.5,-17.40854
1181221093.75,-17.4027
1181221250.0,-17.39884
1181221406.25,-17.39283
1181221562.5,-17.38711
1181221718.75,-17.38143
1181221875.0,-17.3753
1181222031.25,-17.3716
1181222187.5,-17.36473
1181222343.75,-17.35978
1181222500.0,-17.35502
1181222656.25,-17.34876
1181222812.5,-17.3437
1181222968.75,-17.33808
1181223125.0,-17.33334
1181223281.25,-17.32686
1181223437.5,-17.32153
1181223593.75,-17.31685
1181223750.0,-17.31212
1181223906.25,-17.30615
1181224062.5,-17.30065
1181224218.75,-17.29561
1181224375.0,-17.28906
1181224531.25,-17.28405
1181224687.5,-17.27963
1181224843.75,-17.27302
1181225000.0,-17.26736
1181225156.25,-17.26267
1181225312.5,-17.25661
1181225468.75,-17.25149
1181225625.0,-17.24697
1181225781.25,-17.24215
1181225937.5,-17.23533
1181226093.75,-17.22962
1181226250.0,-17.22517
1181226406.25,-17.21899
1181226562.5,-17.21557
1181226718.75,-17.20894
1181226875.0,-17.20354
1181227031.25,-17.19805
1181227187.5,-17.19366
1181227343.75,-17.18864
1181227500.0,-17.18266
1181227656.25,-17.17558
1181227812.5,-17.1726
1181227968.75,-17.16659
1181228125.0,-17.16108
1181228281.25,-17.15584
1181228437.5,-17.14966
1181228593.75,-17.14742
1181228750.0,-17.14123
1181228906.25,-17.13421
1181229062.5,-17.13105
1181229218.75,-17.1259
1181229375.0,-17.11859
1181229531.25,-17.11557
1181229687.5,-17.1086
1181229843.75,-17.10247
1181230000.0,-17.09802
1181230156.25,-17.09374
1181230312.5,-17.08804
1181230468.75,-17.08236
1181230625.0,-17.07591
1181230781.25,-17.07148
1181230937.5,-17.06682
1181231093.75,-17.06146
1181231250.0,-17.05681
1181231406.25,-17.04978
1181231562.5,-17.04586
1181231718.75,-17.0409
1181231875.0,-17.03482
1181232031.25,-17.03027
1181232187.5,-17.02496
1181232343.75,-17.01956
1181232500.0,-17.01544
1181232656.25,-17.00961
1181232812.5,-17.00437
1181232968.75,-16.99813
1181233125.0,-16.99477
1181233281.25,-16.98929
1181233437.5,-16.9824
1181233593.75,-16.97919
1181233750.0,-16.97345
1181233906.25,-16.96682
1181234062.5,-16.96079
1181234218.75,-16.95748
1181234375.0,-16.95129
1181234531.25,-16.94675
1181234687.5,-16.94134
1181234843.75,-16.93656
1181235000.0,-16.93197
1181235156.25,-16.92596
1181235312.5,-16.92108
1181235468.75,-16.91695
1181235625.0,-16.91156
1181235781.25,-16.90622
1181235937.5,-16.89976
1181236093.75,-16.89436
1181236250.0,-16.89056
1181236406.25,-16.88589
1181236562.5,-16.88061
1181236718.75,-16.87554
1181236875.0,-16.87046
1181237031.25,-16.86507
1181237187.5,-16.85943
1181237343.75,-16.85462
1181237500.0,-16.85015
1181237656.25,-16.84456
1181237812.5,-16.83978
1181237968.75,-16.83412
1181238125.0,-16.83122
1181238281.25,-16.82432
1181238437.5,-16.82004
1181238593.75,-16.81457
1181238750.0,-16.81058
1181238906.25,-16.80425
1181239062.5,-16.80082
1181239218.75,-16.79508
1181239375.0,-16.79157
1181239531.25,-16.78463
1181239687.5,-16.78134
1181239843.75,-16.77422
1181240000.0,-16.76974
1181240156.25,-16.76529
1181240312.5,-16.76125
1181240468.75,-16.75516
1181240625.0,-16.74918
1181240781.25,-16.74468
1181240937.5,-16.74118
1181241093.75,-16.73505
1181241250.0,-16.73092
1181241406.25,-16.72528
1181241562.5,-16.71995
1181241718.75,-16.71537
1181241875.0,-16.71062
1181242031.25,-16.70552
1181242187.5,-16.70124
1181242343.75,-16.69482
1181242500.0,-16.68899
1181242656.25,-16.6854
1181242812.5,-16.68052
1181242968.75,-16.67629
1181243125.0,-16.67191
1181243281.25,-16.66728
1181243437.5,-16.66128
1181243593.75,-16.65622
1181243750.0,-16.6521
1181243906.25,-16.64688
1181244062.5,-16.64174
1181244218.75,-16.63843
1181244375.0,-16.63223
1181244531.25,-16.62855
1181244687.5,-16.62177
1181244843.75,-16.61841
1181245000.0,-16.61315
1181245156.25,-16.60919
1181245312.5,-16.60317
1181245468.75,-16.59871
1181245625.0,-16.59387
1181245781.25,-16.58842
1181245937.5,-16.58289
1181246093.75,-16.57915
1181246250.0,-16.57495
1181246406.25,-16.56847
1181246562.5,-16.56592
1181246718.75,-16.56094
1181246875.0,-16.55659
1181247031.25,-16.55177
1181247187.5,-16.54645
1181247343.75,-16.54327
1181247500.0,-16.53711
1181247656.25,-16.53117
1181247812.5,-16.52746
1181247968.75,-16.52439
1181248125.0,-16.51853
1181248281.25,-16.5141
1181248437.5,-16.50845
1181248593.75,-16.50503
1181248750.0,-16.49961
1181248906.25,-16.4947
1181249062.5,-16.49081
1181249218.75,-16.4862
1181249375.0,-16.48099
1181249531.25,-16.4775
1181249687.5,-16.47139
1181249843.75,-16.46693
1181250000.0,-16.46417
1181250156.25,-16.45829
1181250312.5,-16.45245
1181250468.75,-16.44987
1181250625.0,-16.44393
1181250781.25,-16.43919
1181250937.5,-16.43554
1181251093.75,-16.43276
1181251250.0,-16.42571
1181251406.25,-16.42163
1181251562.5,-16.41595
1181251718.75,-16.41337
1181251875.0,-16.40763
1181252031.25,-16.40386
1181252187.5,-16.39911
1181252343.75,-16.39383
1181252500.0,-16.39051
1181252656.25,-16.38609
1181252812.5,-16.38181
1181252968.75,-16.37669
1181253125.0,-16.37313
1181253281.25,-16.3688
1181253437.5,-16.36264
1181253593.75,-16.35943
1181253750.0,-16.35564
1181253906.25,-16.35034
1181254062.5,-16.34599
1181254218.75,-16.3407
1181254375.0,-16.33778
1181254531.25,-16.33307
1181254687.5,-16.32771
1181254843.75,-16.3243
1181255000.0,-16.31907
1181255156.25,-16.31483
1181255312.5,-16.30909
1181255468.75,-16.30675
1181255625.0,-16.30123
1181255781.25,-16.29814
1181255937.5,-16.2941
1181256093.75,-16.28945
1181256250.0,-16.28431
1181256406.25,-16.28151
1181256562.5,-16.27571
1181256718.75,-16.27144
1181256875.0,-16.26838
1181257031.25,-16.2634
1181257187.5,-16.25805
1181257343.75,-16.25446
1181257500.0,-16.25037
1181257656.25,-16.24596
1181257812.5,-16.24099
1181257968.75,-16.23827
1181258125.0,-16.23352
1181258281.25,-16.23026
1181258437.5,-16.22706
1181258593.75,-16.2211
1181258750.0,-16.21866
1181258906.25,-16.21283
1181259062.5,-16.20845
1181259218.75,-16.20415
1181259375.0,-16.2007
1181259531.25,-16.19733
1181259687.5,-16.19339
1181259843.75,-16.1887
1181260000.0,-16.18358
1181260156.25,-16.17889
1181260312.5,-16.17665
1181260468.75,-16.17126
1181260625.0,-16.16702
1181260781.25,-16.16409
1181260937.5,-16.15941
1181261093.75,-16.1566
1181261250.0,-16.15118
1181261406.25,-16.14613
1181261562.5,-16.14425
1181261718.75,-16.14027
1181261875.0,-16.13434
1181262031.25,-16.13201
1181262187.5,-16.12619
1181262343.75,-16.12296
1181262500.0,-16.11961
1181262656.25,-16.1158
1181262812.5,-16.11148
1181262968.75,-16.10817
1181263125.0,-16.10379
1181263281.25,-16.10024
1181263437.5,-16.09478
1181263593.75,-16.09223
1181263750.0,-16.08892
1181263906.25,-16.08451
1181264062.5,-16.08007
1181264218.75,-16.07634
1181264375.0,-16.07266
1181264531.25,-16.06895
1181264687.5,-16.06568
1181264843.75,-16.06061
1181265000.0,-16.05905
1181265156.25,-16.05319
1181265312.5,-16.05091
1181265468.75,-16.046
1181265625.0,-16.04322
1181265781.25,-16.0378
1181265937.5,-16.0352
1181266093.75,-16.03356
1181266250.0,-16.02795
1181266406.25,-16.02473
1181266562.5,-16.02136
1181266718.75,-16.0156
1181266875.0,-16.01264
1181267031.25,-16.00882
1181267187.5,-16.00475
1181267343.75,-16.00134
1181267500.0,-15.9983
1181267656.25,-15.99364
1181267812.5,-15.99073
1181267968.75,-15.9862
1181268125.0,-15.98256
1181268281.25,-15.97866
1181268437.5,-15.97565
1181268593.75,-15.97244
1181268750.0,-15.96792
1181268906.25,-15.96586
1181269062.5,-15.96108
1181269218.75,-15.95893
1181269375.0,-15.95516
1181269531.25,-15.9512
1181269687.5,-15.94809
1181269843.75,-15.94476
1181270000.0,-15.93964
1181270156.25,-15.93688
1181270312.5,-15.93354
1181270468.75,-15.92982
1181270625.0,-15.92645
1181270781.25,-15.9229
1181270937.5,-15.919
1181271093.75,-15.91589
1181271250.0,-15.91274
1181271406.25,-15.91013
1181271562.5,-15.90744
1181271718.75,-15.90276
1181271875.0,-15.90048
1181272031.25,-15.89544
1181272187.5,-15.89222
1181272343.75,-15.8894
1181272500.0,-15.8863
1181272656.25,-15.88269
1181272812.5,-15.88046
1181272968.75,-15.87628
1181273125.0,-15.87185
1181273281.25,-15.86984
1181273437.5,-15.86602
1181273593.75,-15.86366
1181273750.0,-15.8612
1181273906.25,-15.85728
1181274062.5,-15.85491
1181274218.75,-15.85063
1181274375.0,-15.84713
1181274531.25,-15.84357
1181274687.5,-15.84045
1181274843.75,-15.83629
1181275000.0,-15.83518
1181275156.25,-15.83157
1181275312.5,-15.82736
1181275468.75,-15.82377
1181275625.0,-15.82158
1181275781.25,-15.81902
1181275937.5,-15.81619
1181276093.75,-15.81243
1181276250.0,-15.80804
1181276406.25,-15.80637
1181276562.5,-15.80465
1181276718.75,-15.80113
1181276875.0,-15.79642
1181277031.25,-15.79384
1181277187.5,-15.79159
1181277343.75,-15.78859
1181277500.0,-15.78536
1181277656.25,-15.78231
1181277812.5,-15.77878
1181277968.75,-15.77552
1181278125.0,-15.77416
1181278281.25,-15.76924
1181278437.5,-15.76817
1181278593.75,-15.76698
1181278750.0,-15.76059
1181278906.25,-15.76008
1181279062.5,-15.75639
1181279218.75,-15.75265
1181279375.0,-15.75182
1181279531.25,-15.74834
1181279687.5,-15.74543
1181279843.75,-15.74373
1181280000.0,-15.74061
1181280156.25,-15.73517
1181280312.5,-15.7341
1181280468.75,-15.73071
1181280625.0,-15.72889
1181280781.25,-15.72513
1181280937.5,-15.72366
1181281093.75,-15.72143
1181281250.0,-15.7172
1181281406.25,-15.71474
1181281562.5,-15.71198
1181281718.75,-15.70965
1181281875.0,-15.70687
1181282031.25,-15.70389
1181282187.5,-15.70137
1181282343.75,-15.69971
1181282500.0,-15.6967
1181282656.25,-15.69374
1181282812.5,-15.6918
1181282968.75,-15.68893
1181283125.0,-15.68652
1181283281.25,-15.68499
1181283437.5,-15.68175
1181283593.75,-15.67968
1181283750.0,-15.67595
1181283906.25,-15.67395
1181284062.5,-15.67266
1181284218.75,-15.66999
1181284375.0,-15.66734
1181284531.25,-15.66483
1181284687.5,-15.66199
1181284843.75,-15.66042
1181285000.0,-15.65636
1181285156.25,-15.65516
1181285312.5,-15.65294
1181285468.75,-15.65111
1181285625.0,-15.64633
1181285781.25,-15.64493
1181285937.5,-15.64402
1181286093.75,-15.6411
1181286250.0,-15.63719
1181286406.25,-15.63477
1181286562.5,-15.63409
1181286718.75,-15.63201
1181286875.0,-15.6301
1181287031.25,-15.62774
1181287187.5,-15.62587
1181287343.75,-15.62274
1181287500.0,-15.62029
1181287656.25,-15.61871
1181287812.5,-15.61723
1181287968.75,-15.61362
1181288125.0,-15.61259
1181288281.25,-15.61006
1181288437.5,-15.60802
1181288593.75,-15.60633
1181288750.0,-15.60396
1181288906.25,-15.60191
1181289062.5,-15.59963
1181289218.75,-15.59781
1181289375.0,-15.59546
1181289531.25,-15.5938
1181289687.5,-15.59208
1181289843.75,-15.59013
1181290000.0,-15.58927
1181290156.25,-15.58555
1181290312.5,-15.5839
1181290468.75,-15.58225
1181290625.0,-15.58071
1181290781.25,-15.5795
1181290937.5,-15.57691
1181291093.75,-15.57439
1181291250.0,-15.57331
1181291406.25,-15.57072
1181291562.5,-15.56987
1181291718.75,-15.56741
1181291875.0,-15.56574
1181292031.25,-15.56409
1181292187.5,-15.56053
1181292343.75,-15.55966
1181292500.0,-15.55851
1181292656.25,-15.55624
1181292812.5,-15.55518
1181292968.75,-15.55455
1181293125.0,-15.55191
1181293281.25,-15.54992
1181293437.5,-15.54972
1181293593.75,-15.54632
1181293750.0,-15.54472
1181293906.25,-15.54418
1181294062.5,-15.54176
1181294218.75,-15.53988
1181294375.0,-15.53958
1181294531.25,-15.53782
1181294687.5,-15.53505
1181294843.75,-15.53362
1181295000.0,-15.53253
1181295156.25,-15.53084
1181295312.5,-15.52896
1181295468.75,-15.52754
1181295625.0,-15.52525
1181295781.25,-15.52383
1181295937.5,-15.52532
1181296093.75,-15.52108
1181296250.0,-15.52175
1181296406.25,-15.52023
1181296562.5,-15.5175
1181296718.75,-15.51703
1181296875.0,-15.51585
1181297031.25,-15.5143
1181297187.5,-15.51143
1181297343.75,-15.5114
1181297500.0,-15.50931
1181297656.25,-15.50926
1181297812.5,-15.50765
1181297968.75,-15.5063
1181298125.0,-15.50541
1181298281.25,-15.50527
1181298437.5,-15.50263
1181298593.75,-15.50182
1181298750.0,-15.50073
1181298906.25,-15.50096
1181299062.5,-15.49765
1181299218.75,-15.49661
1181299375.0,-15.49797
1181299531.25,-15.49612
1181299687.5,-15.49372
1181299843.75,-15.49158
1181300000.0,-15.49155
1181300156.25,-15.49021
1181300312.5,-15.48903
1181300468.75,-15.48901
1181300625.0,-15.48674
1181300781.25,-15.48668
1181300937.5,-15.4863
1181301093.75,-15.48362
1181301250.0,-15.48209
1181301406.25,-15.48392
1181301562.5,-15.48168
1181301718.75,-15.48147
1181301875.0,-15.47887
1181302031.25,-15.47853
1181302187.5,-15.47892
1181302343.75,-15.47742
1181302500.0,-15.47679
1181302656.25,-15.47665
1181302812.5,-15.47515
1181302968.75,-15.47465
1181303125.0,-15.47297
1181303281.25,-15.47311
1181303437.5,-15.47119
1181303593.75,-15.46978
1181303750.0,-15.47039
1181303906.25,-15.47008
1181304062.5,-15.46708
1181304218.75,-15.46844
1181304375.0,-15.46646
1181304531.25,-15.46637
1181304687.5,-15.46685
1181304843.75,-15.46618
1181305000.0,-15.46498
1181305156.25,-15.46441
1181305312.5,-15.46208
1181305468.75,-15.46377
1181305625.0,-15.46228
1181305781.25,-15.46197
1181305937.5,-15.46191
1181306093.75,-15.46121
1181306250.0,-15.46229
1181306406.25,-15.45992
1181306562.5,-15.45974
1181306718.75,-15.45963
1181306875.0,-15.45945
1181307031.25,-15.45853
1181307187.5,-15.45972
1181307343.75,-15.45784
1181307500.0,-15.45748
1181307656.25,-15.457
1181307812.5,-15.45643
1181307968.75,-15.45691
1181308125.0,-15.45632
1181308281.25,-15.45502
1181308437.5,-15.45557
1181308593.75,-15.45506
1181308750.0,-15.4557
1181308906.25,-15.45403
1181309062.5,-15.45478
1181309218.75,-15.45534
1181309375.0,-15.45393
1181309531.25,-15.45444
1181309687.5,-15.45348
1181309843.75,-15.45325
1181310000.0,-15.45353
1181310156.25,-15.4533
1181310312.5,-15.45247
1181310468.75,-15.45266
1181310625.0,-15.4531
1181310781.25,-15.45275
1181310937.5,-15.45297
1181311093.75,-15.45333
1181311250.0,-15.45149
1181311406.25,-15.4536
1181311562.5,-15.45384
1181311718.75,-15.45306
1181311875.0,-15.45369
1181312031.25,-15.4516
1181312187.5,-15.45337
1181312343.75,-15.45353
1181312500.0,-15.45324
1181312656.25,-15.45334
1181312812.5,-15.45485
1181312968.75,-15.45415
1181313125.0,-15.45459
1181313281.25,-15.45587
1181313437.5,-15.45451
1181313593.75,-15.45469
1181313750.0,-15.45484
1181313906.25,-15.45622
1181314062.5,-15.45504
1181314218.75,-15.45491
1181314375.0,-15.45609
1181314531.25,-15.45701
1181314687.5,-15.45536
1181314843.75,-15.45819
1181315000.0,-15.4575
1181315156.25,-15.45802
1181315312.5,-15.45862
1181315468.75,-15.45834
1181315625.0,-15.45831
1181315781.25,-15.45859
1181315937.5,-15.46007
1181316093.75,-15.461
1181316250.0,-15.46055
1181316406.25,-15.46134
1181316562.5,-15.46285
1181316718.75,-15.46337
1181316875.0,-15.46216
1181317031.25,-15.46288
1181317187.5,-15.46408
1181317343.75,-15.46517
1181317500.0,-15.46445
1181317656.25,-15.46485
1181317812.5,-15.46581
1181317968.75,-15.46537
1181318125.0,-15.46795
1181318281.25,-15.46759
1181318437.5,-15.46777
1181318593.75,-15.46827
1181318750.0,-15.46996
1181318906.25,-15.47075
1181319062.5,-15.4712
1181319218.75,-15.47173
1181319375.0,-15.47239
1181319531.25,-15.47325
1181319687.5,-15.47512
1181319843.75,-15.47588
1181320000.0,-15.47688
1181320156.25,-15.47733
1181320312.5,-15.47906
1181320468.75,-15.47945
1181320625.0,-15.47856
1181320781.25,-15.47985
1181320937.5,-15.48191
1181321093.75,-15.48207
1181321250.0,-15.48345
1181321406.25,-15.48381
1181321562.5,-15.48425
1181321718.75,-15.48628
1181321875.0,-15.48596
1181322031.25,-15.48813
1181322187.5,-15.48845
1181322343.75,-15.49109
1181322500.0,-15.49218
1181322656.25,-15.49162
1181322812.5,-15.49329
1181322968.75,-15.4941
1181323125.0,-15.49494
1181323281.25,-15.49709
1181323437.5,-15.4991
1181323593.75,-15.49866
1181323750.0,-15.50004
1181323906.25,-15.50179
1181324062.5,-15.50174
1181324218.75,-15.50349
1181324375.0,-15.50423
1181324531.25,-15.50674
1181324687.5,-15.50635
1181324843.75,-15.5081
1181325000.0,-15.51036
1181325156.25,-15.51004
1181325312.5,-15.51009
1181325468.75,-15.51332
1181325625.0,-15.51609
1181325781.25,-15.51657
1181325937.5,-15.5188
1181326093.75,-15.51807
1181326250.0,-15.52268
1181326406.25,-15.52199
1181326562.5,-15.52303
1181326718.75,-15.5244
1181326875.0,-15.5264
1181327031.25,-15.52839
1181327187.5,-15.53066
1181327343.75,-15.53005
1181327500.0,-15.53226
1181327656.25,-15.53389
1181327812.5,-15.53599
1181327968.75,-15.53582
1181328125.0,-15.53753
1181328281.25,-15.53995
1181328437.5,-15.54161
1181328593.75,-15.54294
1181328750.0,-15.5432
1181328906.25,-15.54682
1181329062.5,-15.54798
1181329218.75,-15.55057
1181329375.0,-15.55089
1181329531.25,-15.55245
1181329687.5,-15.55582
1181329843.75,-15.55673
1181330000.0,-15.55725
1181330156.25,-15.55995
1181330312.5,-15.56106
1181330468.75,-15.56415
1181330625.0,-15.5651
1181330781.25,-15.5679
1181330937.5,-15.56889
1181331093.75,-15.57101
1181331250.0,-15.57179
1181331406.25,-15.57297
1181331562.5,-15.57647
1181331718.75,-15.5778
1181331875.0,-15.58
1181332031.25,-15.58113
1181332187.5,-15.58401
1181332343.75,-15.58596
1181332500.0,-15.58763
1181332656.25,-15.58811
1181332812.5,-15.5923
1181332968.75,-15.5944
1181333125.0,-15.59571
1181333281.25,-15.59684
1181333437.5,-15.59904
1181333593.75,-15.60093
1181333750.0,-15.60397
1181333906.25,-15.606
1181334062.5,-15.60599
1181334218.75,-15.60991
1181334375.0,-15.61089
1181334531.25,-15.61386
1181334687.5,-15.6165
1181334843.75,-15.61818
1181335000.0,-15.61966
1181335156.25,-15.62304
1181335312.5,-15.625
1181335468.75,-15.62658
1181335625.0,-15.62909
1181335781.25,-15.6305
1181335937.5,-15.63344
1181336093.75,-15.63596
1181336250.0,-15.63734
1181336406.25,-15.64161
1181336562.5,-15.64283
1181336718.75,-15.64267
1181336875.0,-15.64525
1181337031.25,-15.64968
1181337187.5,-15.65268
1181337343.75,-15.65477
1181337500.0,-15.65557
1181337656.25,-15.65933
1181337812.5,-15.66027
1181337968.75,-15.66511
1181338125.0,-15.66597
1181338281.25,-15.6685
1181338437.5,-15.67033
1181338593.75,-15.67385
1181338750.0,-15.67569
1181338906.25,-15.6786
1181339062.5,-15.68131
1181339218.75,-15.68343
1181339375.0,-15.68614
1181339531.25,-15.68917
1181339687.5,-15.69191
1181339843.75,-15.69254
1181340000.0,-15.69491
1181340156.25,-15.69963
1181340312.5,-15.70061
1181340468.75,-15.70309
1181340625.0,-15.70648
1181340781.25,-15.70907
1181340937.5,-15.71191
1181341093.75,-15.71342
1181341250.0,-15.71728
1181341406.25,-15.72007
1181341562.5,-15.72409
1181341718.75,-15.72519
1181341875.0,-15.72715
1181342031.25,-15.72985
1181342187.5,-15.73346
1181342343.75,-15.73556
1181342500.0,-15.73664
1181342656.25,-15.742
1181342812.5,-15.74433
1181342968.75,-15.74783
1181343125.0,-15.7504
1181343281.25,-15.75313
1181343437.5,-15.75464
1181343593.75,-15.75817
1181343750.0,-15.76197
1181343906.25,-15.76491
1181344062.5,-15.76671
1181344218.75,-15.76982
1181344375.0,-15.77252
1181344531.25,-15.77567
1181344687.5,-15.77962
1181344843.75,-15.78216
1181345000.0,-15.78427
1181345156.25,-15.7879
1181345312.5,-15.79113
1181345468.75,-15.79287
1181345625.0,-15.79728
1181345781.25,-15.79904
1181345937.5,-15.80232
1181346093.75,-15.80522
1181346250.0,-15.80806
1181346406.25,-15.81266
1181346562.5,-15.81555
1181346718.75,-15.81787
1181346875.0,-15.82116
1181347031.25,-15.82375
1181347187.5,-15.82686
1181347343.75,-15.82959
1181347500.0,-15.83376
1181347656.25,-15.83588
1181347812.5,-15.83896
1181347968.75,-15.84207
1181348125.0,-15.84625
1181348281.25,-15.85013
1181348437.5,-15.85225
1181348593.75,-15.85636
1181348750.0,-15.85855
1181348906.25,-15.86239
1181349062.5,-15.8654
1181349218.75,-15.8679
1181349375.0,-15.87187
1181349531.25,-15.87474
1181349687.5,-15.87858
1181349843.75,-15.88102
1181350000.0,-15.88546
1181350156.25,-15.88801
1181350312.5,-15.892
1181350468.75,-15.89455
1181350625.0,-15.89867
1181350781.25,-15.9025
1181350937.5,-15.906
1181351093.75,-15.90879
1181351250.0,-15.91096
1181351406.25,-15.91665
1181351562.5,-15.91861
1181351718.75,-15.92276
1181351875.0,-15.92466
1181352031.25,-15.92805
1181352187.5,-15.93271
1181352343.75,-15.93685
1181352500.0,-15.94037
1181352656.25,-15.94189
1181352812.5,-15.94493
1181352968.75,-15.94919
1181353125.0,-15.95353
1181353281.25,-15.95618
1181353437.5,-15.96021
1181353593.75,-15.96359
1181353750.0,-15.96782
1181353906.25,-15.97122
1181354062.5,-15.97464
1181354218.75,-15.9786
1181354375.0,-15.9809
1181354531.25,-15.98564
1181354687.5,-15.9901
1181354843.75,-15.9934
1181355000.0,-15.99632
1181355156.25,-15.99954
1181355312.5,-16.00431
1181355468.75,-16.00732
1181355625.0,-16.01016
1181355781.25,-16.01482
1181355937.5,-16.01903
1181356093.75,-16.02288
1181356250.0,-16.02508
1181356406.25,-16.03036
1181356562.5,-16.03341
1181356718.75,-16.03634
1181356875.0,-16.04078
1181357031.25,-16.04487
1181357187.5,-16.04879
1181357343.75,-16.05209
1181357500.0,-16.05575
1181357656.25,-16.05957
1181357812.5,-16.06293
1181357968.75,-16.06757
1181358125.0,-16.07131
1181358281.25,-16.07487
1181358437.5,-16.07943
1181358593.75,-16.08288
1181358750.0,-16.08552
1181358906.25,-16.0924
1181359062.5,-16.09495
1181359218.75,-16.09879
1181359375.0,-16.10266
1181359531.25,-16.10561
1181359687.5,-16.11026
1181359843.75,-16.11364
1181360000.0,-16.11915
1181360156.25,-16.12368
1181360312.5,-16.12598
1181360468.75,-16.13024
1181360625.0,-16.13405
1181360781.25,-16.13657
1181360937.5,-16.14232
1181361093.75,-16.14703
1181361250.0,-16.15039
1181361406.25,-16.15445
1181361562.5,-16.15886
1181361718.75,-16.16231
1181361875.0,-16.16636
1181362031.25,-16.17022
1181362187.5,-16.17444
1181362343.75,-16.17734
1181362500.0,-16.18277
1181362656.25,-16.18696
1181362812.5,-16.19069
1181362968.75,-16.19586
1181363125.0,-16.20004
1181363281.25,-16.20309
1181363437.5,-16.2069
1181363593.75,-16.21241
1181363750.0,-16.21541
1181363906.25,-16.22131
1181364062.5,-16.2251
1181364218.75,-16.22774
1181364375.0,-16.23149
1181364531.25,-16.236
1181364687.5,-16.24245
1181364843.75,-16.24462
1181365000.0,-16.24929
1181365156.25,-16.25429
1181365312.5,-16.25724
1181365468.75,-16.2617
1181365625.0,-16.26669
1181365781.25,-16.271
1181365937.5,-16.27393
1181366093.75,-16.27896
1181366250.0,-16.28295
1181366406.25,-16.28831
1181366562.5,-16.29181
1181366718.75,-16.29628
1181366875.0,-16.30122
1181367031.25,-16.30622
1181367187.5,-16.30878
1181367343.75,-16.31241
1181367500.0,-16.31693
1181367656.25,-16.32189
1181367812.5,-16.32616
1181367968.75,-16.3311
1181368125.0,-16.33616
1181368281.25,-16.33977
1181368437.5,-16.344
1181368593.75,-16.349
1181368750.0,-16.35223
1181368906.25,-16.35674
1181369062.5,-16.36172
1181369218.75,-16.36671
1181369375.0,-16.37057
1181369531.25,-16.3757
1181369687.5,-16.38021
1181369843.75,-16.38522
1181370000.0,-16.39006
1181370156.25,-16.39306
1181370312.5,-16.39796
1181370468.75,-16.40197
1181370625.0,-16.40748
1181370781.25,-16.41082
1181370937.5,-16.41522
1181371093.75,-16.42053
1181371250.0,-16.42447
1181371406.25,-16.42935
1181371562.5,-16.43464
1181371718.75,-16.43815
1181371875.0,-16.44268
1181372031.25,-16.44758
1181372187.5,-16.45297
1181372343.75,-16.45695
1181372500.0,-16.46158
1181372656.25,-16.46774
1181372812.5,-16.47087
1181372968.75,-16.47568
1181373125.0,-16.47949
1181373281.25,-16.48498
1181373437.5,-16.48889
1181373593.75,-16.49458
1181373750.0,-16.49874
1181373906.25,-16.50214
1181374062.5,-16.5082
1181374218.75,-16.51166
1181374375.0,-16.51695
1181374531.25,-16.52227
1181374687.5,-16.52658
1181374843.75,-16.53102
1181375000.0,-16.53594
1181375156.25,-16.54047
1181375312.5,-16.54751
1181375468.75,-16.55212
1181375625.0,-16.55479
1181375781.25,-16.56043
1181375937.5,-16.56505
1181376093.75,-16.57091
1181376250.0,-16.57414
1181376406.25,-16.57855
1181376562.5,-16.58261
1181376718.75,-16.58797
1181376875.0,-16.59236
1181377031.25,-16.59763
1181377187.5,-16.60231
1181377343.75,-16.60736
1181377500.0,-16.61209
1181377656.25,-16.61729
1181377812.5,-16.62164
1181377968.75,-16.62606
1181378125.0,-16.6312
1181378281.25,-16.63693
1181378437.5,-16.64162
1181378593.75,-16.64545
1181378750.0,-16.65135
1181378906.25,-16.65565
1181379062.5,-16.65901
1181379218.75,-16.66612
1181379375.0,-16.67115
1181379531.25,-16.67551
1181379687.5,-16.68029
1181379843.75,-16.68324
1181380000.0,-16.68937
1181380156.25,-16.69481
1181380312.5,-16.69911
1181380468.75,-16.70356
1181380625.0,-16.70891
1181380781.25,-16.71431
1181380937.5,-16.71982
1181381093.75,-16.72332
1181381250.0,-16.73004
1181381406.25,-16.73488
1181381562.5,-16.73888
1181381718.75,-16.74406
1181381875.0,-16.74861
1181382031.25,-16.75288
1181382187.5,-16.75871
1181382343.75,-16.7643
1181382500.0,-16.76768
1181382656.25,-16.77317
1181382812.5,-16.77864
1181382968.75,-16.78417
1181383125.0,-16.78946
1181383281.25,-16.79465
1181383437.5,-16.79769
1181383593.75,-16.80445
1181383750.0,-16.80856
1181383906.25,-16.81289
1181384062.5,-16.81929
1181384218.75,-16.82343
1181384375.0,-16.82864
1181384531.25,-16.83414
1181384687.5,-16.83826
1181384843.75,-16.8442
1181385000.0,-16.84849
1181385156.25,-16.85468
1181385312.5,-16.85947
1181385468.75,-16.8654
1181385625.0,-16.86851
1181385781.25,-16.87485
1181385937.5,-16.87978
1181386093.75,-16.88611
1181386250.0,-16.8905
1181386406.25,-16.89352
1181386562.5,-16.90031
1181386718.75,-16.90589
1181386875.0,-16.91104
1181387031.25,-16.91569
1181387187.5,-16.91977
1181387343.75,-16.92608
1181387500.0,-16.93085
1181387656.25,-16.93554
1181387812.5,-16.94071
1181387968.75,-16.94522
1181388125.0,-16.95138
1181388281.25,-16.95716
1181388437.5,-16.96201
1181388593.75,-16.96537
1181388750.0,-16.97227
1181388906.25,-16.97627
1181389062.5,-16.98174
1181389218.75,-16.98727
1181389375.0,-16.99154
1181389531.25,-16.99889
1181389687.5,-17.00212
1181389843.75,-17.00914
1181390000.0,-17.01335
1181390156.25,-17.01842
1181390312.5,-17.02364
1181390468.75,-17.02942
1181390625.0,-17.0343
1181390781.25,-17.04021
1181390937.5,-17.04458
1181391093.75,-17.05077
1181391250.0,-17.05569
1181391406.25,-17.06044
1181391562.5,-17.06489
1181391718.75,-17.07063
1181391875.0,-17.07696
1181392031.25,-17.08204
1181392187.5,-17.0861
1181392343.75,-17.09214
1181392500.0,-17.09686
1181392656.25,-17.10134
1181392812.5,-17.10904
1181392968.75,-17.11317
1181393125.0,-17.11907
1181393281.25,-17.1228
1181393437.5,-17.12955
1181393593.75,-17.13542
1181393750.0,-17.13941
1181393906.25,-17.14408
1181394062.5,-17.15204
1181394218.75,-17.15577
1181394375.0,-17.16024
1181394531.25,-17.16677
1181394687.5,-17.17324
1181394843.75,-17.17817
1181395000.0,-17.18219
1181395156.25,-17.18658
1181395312.5,-17.19405
1181395468.75,-17.20057
1181395625.0,-17.20374
1181395781.25,-17.20932
1181395937.5,-17.21527
1181396093.75,-17.21998
1181396250.0,-17.22647
1181396406.25,-17.23117
1181396562.5,-17.23596
1181396718.75,-17.24113
1181396875.0,-17.24572
1181397031.25,-17.25112
1181397187.5,-17.25624
1181397343.75,-17.26266
1181397500.0,-17.26747
1181397656.25,-17.2727
1181397812.5,-17.278
1181397968.75,-17.28425
1181398125.0,-17.2895
1181398281.25,-17.29383
1181398437.5,-17.29865
1181398593.75,-17.30408
1181398750.0,-17.31062
1181398906.25,-17.31745
1181399062.5,-17.32144
1181399218.75,-17.32822
1181399375.0,-17.33167
1181399531.25,-17.33763
1181399687.5,-17.34342
1181399843.75,-17.34977
1181400000.0,-17.35338
1181400156.25,-17.36071
1181400312.5,-17.36517
1181400468.75,-17.37111
1181400625.0,-17.37609
1181400781.25,-17.38033
1181400937.5,-17.38815
1181401093.75,-17.39308
1181401250.0,-17.39829
1181401406.25,-17.4013
1181401562.5,-17.40943
1181401718.75,-17.41414
1181401875.0,-17.4199
1181402031.25,-17.425
1181402187.5,-17.4298
1181402343.75,-17.43707
1181402500.0,-17.44334
1181402656.25,-17.44697
1181402812.5,-17.45319
1181402968.75,-17.45663
1181403125.0,-17.46344
1181403281.25,-17.46836
1181403437.5,-17.4726
1181403593.75,-17.48015
1181403750.0,-17.4838
1181403906.25,-17.48938
1181404062.5,-17.49601
1181404218.75,-17.50197
1181404375.0,-17.5073
1181404531.25,-17.51275
1181404687.5,-17.51752
1181404843.75,-17.52285
1181405000.0,-17.52889
1181405156.25,-17.53489
1181405312.5,-17.54103
1181405468.75,-17.54656
1181405625.0,-17.55045
1181405781.25,-17.5575
1181405937.5,-17.56177
1181406093.75,-17.56683
1181406250.0,-17.57146
1181406406.25,-17.57863
1181406562.5,-17.584
1181406718.75,-17.59112
1181406875.0,-17.59607
1181407031.25,-17.60126
1181407187.5,-17.60624
1181407343.75,-17.61213
1181407500.0,-17.61946
1181407656.25,-17.62379
1181407812.5,-17.62855
1181407968.75,-17.6339
1181408125.0,-17.64121
1181408281.25,-17.64464
1181408437.5,-17.64949
1181408593.75,-17.65583
1181408750.0,-17.66039
1181408906.25,-17.66849
1181409062.5,-17.67285
1181409218.75,-17.67927
1181409375.0,-17.68462
1181409531.25,-17.68965
1181409687.5,-17.69509
1181409843.75,-17.70175
1181410000.0,-17.70687
1181410156.25,-17.71074
1181410312.5,-17.71805
1181410468.75,-17.72314
1181410625.0,-17.72923
1181410781.25,-17.73431
1181410937.5,-17.74005
1181411093.75,-17.74308
1181411250.0,-17.75213
1181411406.25,-17.75434
1181411562.5,-17.76271
1181411718.75,-17.76837
1181411875.0,-17.77395
1181412031.25,-17.77801
1181412187.5,-17.78414
1181412343.75,-17.78999
1181412500.0,-17.79371
1181412656.25,-17.80013
1181412812.5,-17.80706
1181412968.75,-17.81314
1181413125.0,-17.81813
1181413281.25,-17.82339
1181413437.5,-17.82995
1181413593.75,-17.83519
1181413750.0,-17.83987
1181413906.25,-17.84436
1181414062.5,-17.85002
1181414218.75,-17.85755
1181414375.0,-17.86403
1181414531.25,-17.86741
1181414687.5,-17.87133
1181414843.75,-17.88005
1181415000.0,-17.88494
1181415156.25,-17.89111
1181415312.5,-17.89705
1181415468.75,-17.90334
1181415625.0,-17.90651
1181415781.25,-17.91236
1181415937.5,-17.9182
1181416093.75,-17.92351
1181416250.0,-17.92961
1181416406.25,-17.93523
1181416562.5,-17.94095
1181416718.75,-17.94694
1181416875.0,-17.95123
1181417031.25,-17.96067
1181417187.5,-17.96422
1181417343.75,-17.96986
1181417500.0,-17.97443
1181417656.25,-17.98046
1181417812.5,-17.9867
1181417968.75,-17.99341
1181418125.0,-17.99789
1181418281.25,-18.00269
1181418437.5,-18.01076
1181418593.75,-18.01402
1181418750.0,-18.02073
1181418906.25,-18.02588
1181419062.5,-18.03097
1181419218.75,-18.03522
1181419375.0,-18.04263
1181419531.25,-18.04907
1181419687.5,-18.05371
1181419843.75,-18.05954
1181420000.0,-18.06523
1181420156.25,-18.07172
1181420312.5,-18.07581
1181420468.75,-18.08109
1181420625.0,-18.0875
1181420781.25,-18.09424
1181420937.5,-18.09801
1181421093.75,-18.10451
1181421250.0,-18.11123
1181421406.25,-18.11716
1181421562.5,-18.11986
1181421718.75,-18.12777
1181421875.0,-18.13331
1181422031.25,-18.13906
1181422187.5,-18.14499
1181422343.75,-18.14894
1181422500.0,-18.15622
1181422656.25,-18.16145
1181422812.5,-18.16669
1181422968.75,-18.17305
1181423125.0,-18.17776
1181423281.25,-18.1843
1181423437.5,-18.19047
1181423593.75,-18.19575
1181423750.0,-18.20093
1181423906.25,-18.20567
1181424062.5,-18.21173
1181424218.75,-18.21695
1181424375.0,-18.22415
1181424531.25,-18.2303
1181424687.5,-18.23519
1181424843.75,-18.24132
1181425000.0,-18.24603
1181425156.25,-18.25179
1181425312.5,-18.2565
1181425468.75,-18.26466
1181425625.0,-18.27
1181425781.25,-18.27399
1181425937.5,-18.28017
1181426093.75,-18.28424
1181426250.0,-18.29031
1181426406.25,-18.29744
1181426562.5,-18.3031
1181426718.75,-18.30875
1181426875.0,-18.31448
1181427031.25,-18.32079
1181427187.5,-18.32531
1181427343.75,-18.33237
1181427500.0,-18.33712
1181427656.25,-18.34282
1181427812.5,-18.34813
1181427968.75,-18.35393
1181428125.0,-18.36018
1181428281.25,-18.36548
1181428437.5,-18.37207
1181428593.75,-18.37473
1181428750.0,-18.38249
1181428906.25,-18.38919
1181429062.5,-18.3941
1181429218.75,-18.40105
1181429375.0,-18.40374
1181429531.25,-18.41215
1181429687.5,-18.41672
1181429843.75,-18.42171
1181430000.0,-18.42835
1181430156.25,-18.43441
1181430312.5,-18.44011
1181430468.75,-18.44426
1181430625.0,-18.45036
1181430781.25,-18.4561
1181430937.5,-18.4611
1181431093.75,-18.46716
1181431250.0,-18.47187
1181431406.25,-18.47946
1181431562.5,-18.48353
1181431718.75,-18.48971
1181431875.0,-18.49748
1181432031.25,-18.50108
1181432187.5,-18.50904
1181432343.75,-18.51303
1181432500.0,-18.51903
1181432656.25,-18.52579
1181432812.5,-18.53074
1181432968.75,-18.53643
1181433125.0,-18.54243
1181433281.25,-18.54627
1181433437.5,-18.5547
1181433593.75,-18.55887
1181433750.0,-18.56245
1181433906.25,-18.56885
1181434062.5,-18.57644
1181434218.75,-18.57905
1181434375.0,-18.58852
1181434531.25,-18.5929
1181434687.5,-18.59823
1181434843.75,-18.60462
1181435000.0,-18.60951
1181435156.25,-18.61509
1181435312.5,-18.62026
1181435468.75,-18.62803
1181435625.0,-18.63235
1181435781.25,-18.63772
1181435937.5,-18.64285
1181436093.75,-18.64969
1181436250.0,-18.655
1181436406.25,-18.66022
1181436562.5,-18.66662
1181436718.75,-18.67172
1181436875.0,-18.67615
1181437031.25,-18.68328
1181437187.5,-18.68929
1181437343.75,-18.69479
1181437500.0,-18.70109
1181437656.25,-18.70612
1181437812.5,-18.70986
1181437968.75,-18.71602
1181438125.0,-18.72278
1181438281.25,-18.7272
1181438437.5,-18.73507
1181438593.75,-18.7395
1181438750.0,-18.74422
1181438906.25,-18.75001
1181439062.5,-18.75632
1181439218.75,-18.76285
1181439375.0,-18.76907
1181439531.25,-18.77442
1181439687.5,-18.77938
1181439843.75,-18.78288
1181440000.0,-18.79029
1181440156.25,-18.79461
1181440312.5,-18.80349
1181440468.75,-18.80794
1181440625.0,-18.8126
1181440781.25,-18.81782
1181440937.5,-18.82466
1181441093.75,-18.8301
1181441250.0,-18.83479
1181441406.25,-18.84006
1181441562.5,-18.84751
1181441718.75,-18.85107
1181441875.0,-18.85904
1181442031.25,-18.86304
1181442187.5,-18.86934
1181442343.75,-18.87598
1181442500.0,-18.87946
1181442656.25,-18.8867
1181442812.5,-18.89305
1181442968.75,-18.89739
1181443125.0,-18.9052
1181443281.25,-18.90866
1181443437.5,-18.91443
1181443593.75,-18.92023
1181443750.0,-18.9262
1181443906.25,-18.93159
1181444062.5,-18.9377
1181444218.75,-18.94313
1181444375.0,-18.95025
1181444531.25,-18.95489
1181444687.5,-18.96007
1181444843.75,-18.96507
1181445000.0,-18.97099
1181445156.25,-18.97684
1181445312.5,-18.98369
1181445468.75,-18.98625
1181445625.0,-18.99357
1181445781.25,-18.998
1181445937.5,-19.00393
1181446093.75,-19.01081
1181446250.0,-19.01699
1181446406.25,-19.02101
1181446562.5,-19.02649
1181446718.75,-19.03361
1181446875.0,-19.03876
1181447031.25,-19.045
1181447187.5,-19.04997
1181447343.75,-19.0552
1181447500.0,-19.06169
1181447656.25,-19.06829
1181447812.5,-19.07196
1181447968.75,-19.07765
1181448125.0,-19.08415
1181448281.25,-19.08767
1181448437.5,-19.09563
1181448593.75,-19.10171
1181448750.0,-19.10546
1181448906.25,-19.11305
1181449062.5,-19.11801
1181449218.75,-19.1208
1181449375.0,-19.13
1181449531.25,-19.13486
1181449687.5,-19.13903
1181449843.75,-19.14654
1181450000.0,-19.15089
1181450156.25,-19.15737
1181450312.5,-19.16269
1181450468.75,-19.1662
1181450625.0,-19.1748
1181450781.25,-19.17998
1181450937.5,-19.18444
1181451093.75,-19.19173
1181451250.0,-19.19416
1181451406.25,-19.20201
1181451562.5,-19.20672
1181451718.75,-19.21363
1181451875.0,-19.21833
1181452031.25,-19.22505
1181452187.5,-19.22973
1181452343.75,-19.23471
1181452500.0,-19.24138
1181452656.25,-19.24663
1181452812.5,-19.25152
1181452968.75,-19.25742
1181453125.0,-19.26276
1181453281.25,-19.27045
1181453437.5,-19.27677
1181453593.75,-19.28133
1181453750.0,-19.28634
1181453906.25,-19.29112
1181454062.5,-19.29694
1181454218.75,-19.30303
1181454375.0,-19.30815
1181454531.25,-19.31304
1181454687.5,-19.31784
1181454843.75,-19.32414
1181455000.0,-19.33107
1181455156.25,-19.33502
1181455312.5,-19.33948
1181455468.75,-19.34743
1181455625.0,-19.35286
1181455781.25,-19.35814
1181455937.5,-19.36259
1181456093.75,-19.36869
1181456250.0,-19.37569
1181456406.25,-19.38046
1181456562.5,-19.38673
1181456718.75,-19.39066
1181456875.0,-19.39658
1181457031.25,-19.4023
1181457187.5,-19.40902
1181457343.75,-19.41433
1181457500.0,-19.42021
1181457656.25,-19.42645
1181457812.5,-19.43223
1181457968.75,-19.43523
1181458125.0,-19.44327
1181458281.25,-19.44755
1181458437.5,-19.45412
1181458593.75,-19.45918
1181458750.0,-19.46458
1181458906.25,-19.46937
1181459062.5,-19.47454
1181459218.75,-19.48229
1181459375.0,-19.48475
1181459531.25,-19.49224
1181459687.5,-19.49839
1181459843.75,-19.50102
1181460000.0,-19.50872
1181460156.25,-19.51332
1181460312.5,-19.52094
1181460468.75,-19.52361
1181460625.0,-19.5318
1181460781.25,-19.53604
1181460937.5,-19.54244
1181461093.75,-19.54607
1181461250.0,-19.55403
1181461406.25,-19.5591
1181461562.5,-19.56463
1181461718.75,-19.56799
1181461875.0,-19.57625
1181462031.25,-19.58015
1181462187.5,-19.58486
1181462343.75,-19.59024
1181462500.0,-19.59783
1181462656.25,-19.60233
1181462812.5,-19.6079
1181462968.75,-19.61538
1181463125.0,-19.61867
1181463281.25,-19.62339
1181463437.5,-19.6298
1181463593.75,-19.63469
1181463750.0,-19.64364
1181463906.25,-19.648
1181464062.5,-19.652
1181464218.75,-19.65768
1181464375.0,-19.66105
1181464531.25,-19.66804
1181464687.5,-19.67322
1181464843.75,-19.67953
1181465000.0,-19.68429
1181465156.25,-19.69032
1181465312.5,-19.69495
1181465468.75,-19.70177
1181465625.0,-19.70534
1181465781.25,-19.71284
1181465937.5,-19.71886
1181466093.75,-19.72348
1181466250.0,-19.72903
1181466406.25,-19.73481
1181466562.5,-19.74016
1181466718.75,-19.74464
1181466875.0,-19.75066
1181467031.25,-19.75483
1181467187.5,-19.76274
1181467343.75,-19.76584
1181467500.0,-19.77287
1181467656.25,-19.7777
1181467812.5,-19.78405
1181467968.75,-19.79109
1181468125.0,-19.79589
1181468281.25,-19.79973
1181468437.5,-19.80446
1181468593.75,-19.81108
1181468750.0,-19.81872
1181468906.25,-19.82192
1181469062.5,-19.82598
1181469218.75,-19.83193
1181469375.0,-19.8389
1181469531.25,-19.84571
1181469687.5,-19.85161
1181469843.75,-19.85464
1181470000.0,-19.86052
1181470156.25,-19.8665
1181470312.5,-19.872
1181470468.75,-19.8758
1181470625.0,-19.8825
1181470781.25,-19.88626
1181470937.5,-19.89184
1181471093.75,-19.89875
1181471250.0,-19.90383
1181471406.25,-19.90988
1181471562.5,-19.9135
1181471718.75,-19.91899
1181471875.0,-19.92428
1181472031.25,-19.93076
1181472187.5,-19.93753
1181472343.75,-19.94214
1181472500.0,-19.94784
1181472656.25,-19.95161
1181472812.5,-19.95682
1181472968.75,-19.96421
1181473125.0,-19.96906
1181473281.25,-19.97518
1181473437.5,-19.98122
1181473593.75,-19.9842
1181473750.0,-19.99084
1181473906.25,-19.99657
1181474062.5,-20.00031
1181474218.75,-20.00713
1181474375.0,-20.01084
1181474531.25,-20.01759
1181474687.5,-20.02316
1181474843.75,-20.02988
1181475000.0,-20.03451
1181475156.25,-20.04062
1181475312.5,-20.04532
1181475468.75,-20.05038
1181475625.0,-20.05609
1181475781.25,-20.06134
1181475937.5,-20.06399
1181476093.75,-20.07128
1181476250.0,-20.07849
1181476406.25,-20.08067
1181476562.5,-20.08833
1181476718.75,-20.09347
1181476875.0,-20.09876
1181477031.25,-20.10403
1181477187.5,-20.11072
1181477343.75,-20.11435
1181477500.0,-20.12157
1181477656.25,-20.12424
1181477812.5,-20.13121
1181477968.75,-20.13729
1181478125.0,-20.14162
1181478281.25,-20.14692
1181478437.5,-20.15484
1181478593.75,-20.15775
1181478750.0,-20.16288
1181478906.25,-20.16974
1181479062.5,-20.17266
1181479218.75,-20.18228
1181479375.0,-20.1838
1181479531.25,-20.18884
1181479687.5,-20.19364
1181479843.75,-20.20125
1181480000.0,-20.20498
1181480156.25,-20.21183
1181480312.5,-20.21609
1181480468.75,-20.22299
1181480625.0,-20.22594
1181480781.25,-20.23274
1181480937.5,-20.23999
1181481093.75,-20.24437
1181481250.0,-20.24915
1181481406.25,-20.2519
1181481562.5,-20.25994
1181481718.75,-20.26311
1181481875.0,-20.27006
1181482031.25,-20.27733
1181482187.5,-20.2802
1181482343.75,-20.28778
1181482500.0,-20.2926
1181482656.25,-20.29779
1181482812.5,-20.30215
1181482968.75,-20.30904
1181483125.0,-20.3128
1181483281.25,-20.31906
1181483437.5,-20.32487
1181483593.75,-20.32918
1181483750.0,-20.33409
1181483906.25,-20.34003
1181484062.5,-20.34576
1181484218.75,-20.35066
1181484375.0,-20.35457
1181484531.25,-20.36146
1181484687.5,-20.36739
1181484843.75,-20.36978
1181485000.0,-20.37867
1181485156.25,-20.38145
1181485312.5,-20.38997
1181485468.75,-20.39268
1181485625.0,-20.39673
1181485781.25,-20.40355
1181485937.5,-20.40858
1181486093.75,-20.4155
1181486250.0,-20.42173
1181486406.25,-20.42544
1181486562.5,-20.42908
1181486718.75,-20.43662
1181486875.0,-20.43975
1181487031.25,-20.4451
1181487187.5,-20.45013
1181487343.75,-20.45562
1181487500.0,-20.46043
1181487656.25,-20.46701
1181487812.5,-20.47086
1181487968.75,-20.47641
1181488125.0,-20.48215
1181488281.25,-20.48726
1181488437.5,-20.49338
1181488593.75,-20.49797
1181488750.0,-20.5026
1181488906.25,-20.50917
1181489062.5,-20.51371
1181489218.75,-20.51797
1181489375.0,-20.52515
1181489531.25,-20.52804
1181489687.5,-20.53527
1181489843.75,-20.53748
1181490000.0,-20.54738
1181490156.25,-20.54943
1181490312.5,-20.555
1181490468.75,-20.56064
1181490625.0,-20.56506
1181490781.25,-20.57323
1181490937.5,-20.57574
1181491093.75,-20.58191
1181491250.0,-20.58881
1181491406.25,-20.59387
1181491562.5,-20.59776
1181491718.75,-20.60398
1181491875.0,-20.60749
1181492031.25,-20.613
1181492187.5,-20.61603
1181492343.75,-20.62332
1181492500.0,-20.62841
1181492656.25,-20.63386
1181492812.5,-20.64179
1181492968.75,-20.6443
1181493125.0,-20.65167
1181493281.25,-20.65458
1181493437.5,-20.66045
1181493593.75,-20.66504
1181493750.0,-20.66951
1181493906.25,-20.67599
1181494062.5,-20.6808
1181494218.75,-20.68835
1181494375.0,-20.69263
1181494531.25,-20.69588
1181494687.5,-20.70119
1181494843.75,-20.70813
1181495000.0,-20.71226
1181495156.25,-20.71524
1181495312.5,-20.72408
1181495468.75,-20.72952
1181495625.0,-20.73361
1181495781.25,-20.73885
1181495937.5,-20.7458
1181496093.75,-20.75209
1181496250.0,-20.75424
1181496406.25,-20.75886
1181496562.5,-20.76221
1181496718.75,-20.77045
1181496875.0,-20.77423
1181497031.25,-20.78014
1181497187.5,-20.78601
1181497343.75,-20.79023
1181497500.0,-20.79536
1181497656.25,-20.79983
1181497812.5,-20.80676
1181497968.75,-20.8101
1181498125.0,-20.81485
1181498281.25,-20.8237
1181498437.5,-20.82586
1181498593.75,-20.82999
1181498750.0,-20.83707
1181498906.25,-20.83997
1181499062.5,-20.84724
1181499218.75,-20.85497
1181499375.0,-20.85513
1181499531.25,-20.86434
1181499687.5,-20.86691
1181499843.75,-20.87383
1181500000.0,-20.87859
1181500156.25,-20.88468
1181500312.5,-20.88823
1181500468.75,-20.89278
1181500625.0,-20.89937
1181500781.25,-20.90462
1181500937.5,-20.90953
1181501093.75,-20.91381
1181501250.0,-20.91893
1181501406.25,-20.92527
1181501562.5,-20.92907
1181501718.75,-20.93324
1181501875.0,-20.93916
1181502031.25,-20.94494
1181502187.5,-20.95143
1181502343.75,-20.95307
1181502500.0,-20.95931
1181502656.25,-20.96258
1181502812.5,-20.97068
1181502968.75,-20.97647
1181503125.0,-20.98085
1181503281.25,-20.98408
1181503437.5,-20.98979
1181503593.75,-20.99389
1181503750.0,-21.00062
1181503906.25,-21.00672
1181504062.5,-21.0091
1181504218.75,-21.0156
1181504375.0,-21.02091
1181504531.25,-21.02722
1181504687.5,-21.03227
1181504843.75,-21.0367
1181505000.0,-21.03981
1181505156.25,-21.04386
1181505312.5,-21.05094
1181505468.75,-21.05641
1181505625.0,-21.06382
1181505781.25,-21.06734
1181505937.5,-21.07016
1181506093.75,-21.07623
1181506250.0,-21.08172
1181506406.25,-21.08533
1181506562.5,-21.0907
1181506718.75,-21.09651
1181506875.0,-21.10184
1181507031.25,-21.1048
1181507187.5,-21.11297
1181507343.75,-21.11612
1181507500.0,-21.12163
1181507656.25,-21.12502
1181507812.5,-21.13243
1181507968.75,-21.13824
1181508125.0,-21.14291
1181508281.25,-21.14732
1181508437.5,-21.15249
1181508593.75,-21.15509
1181508750.0,-21.16208
1181508906.25,-21.1671
1181509062.5,-21.17127
1181509218.75,-21.17638
1181509375.0,-21.18211
1181509531.25,-21.18616
1181509687.5,-21.19134
1181509843.75,-21.19698
1181510000.0,-21.20327
1181510156.25,-21.20766
1181510312.5,-21.21462
1181510468.75,-21.21703
1181510625.0,-21.22417
1181510781.25,-21.22788
1181510937.5,-21.23081
1181511093.75,-21.23818
1181511250.0,-21.24244
1181511406.25,-21.24493
1181511562.5,-21.25335
1181511718.75,-21.25713
1181511875.0,-21.26187
1181512031.25,-21.26721
1181512187.5,-21.27295
1181512343.75,-21.2785
1181512500.0,-21.28438
1181512656.25,-21.28709
1181512812.5,-21.29154
1181512968.75,-21.29704
1181513125.0,-21.30161
1181513281.25,-21.30722
1181513437.5,-21.31255
1181513593.75,-21.31464
1181513750.0,-21.32366
1181513906.25,-21.32617
1181514062.5,-21.33231
1181514218.75,-21.33579
1181514375.0,-21.3418
1181514531.25,-21.34627
1181514687.5,-21.35069
1181514843.75,-21.35875
1181515000.0,-21.3622
1181515156.25,-21.36601
1181515312.5,-21.3716
1181515468.75,-21.37613
1181515625.0,-21.38148
1181515781.25,-21.38684
1181515937.5,-21.39275
1181516093.75,-21.39841
1181516250.0,-21.40102
1181516406.25,-21.40801
1181516562.5,-21.41011
1181516718.75,-21.41798
1181516875.0,-21.42131
1181517031.25,-21.42445
1181517187.5,-21.4312
1181517343.75,-21.43761
1181517500.0,-21.44383
1181517656.25,-21.44523
1181517812.5,-21.45105
1181517968.75,-21.45728
1181518125.0,-21.46122
1181518281.25,-21.46374
1181518437.5,-21.47068
1181518593.75,-21.47375
1181518750.0,-21.48278
1181518906.25,-21.48694
1181519062.5,-21.48964
1181519218.75,-21.49709
1181519375.0,-21.4999
1181519531.25,-21.50287
1181519687.5,-21.50966
1181519843.75,-21.51389
1181520000.0,-21.52249
1181520156.25,-21.52567
1181520312.5,-21.52995
1181520468.75,-21.53396
1181520625.0,-21.54031
1181520781.25,-21.54559
1181520937.5,-21.54835
1181521093.75,-21.55347
1181521250.0,-21.55862
1181521406.25,-21.56371
1181521562.5,-21.56837
1181521718.75,-21.57474
1181521875.0,-21.58008
1181522031.25,-21.5832
1181522187.5,-21.58987
1181522343.75,-21.59305
1181522500.0,-21.59821
1181522656.25,-21.60341
1181522812.5,-21.60909
1181522968.75,-21.61068
1181523125.0,-21.61681
1181523281.25,-21.62281
1181523437.5,-21.62852
1181523593.75,-21.63159
1181523750.0,-21.63518
1181523906.25,-21.64075
1181524062.5,-21.64471
1181524218.75,-21.65219
1181524375.0,-21.65612
1181524531.25,-21.65929
1181524687.5,-21.66673
1181524843.75,-21.67186
1181525000.0,-21.67469
1181525156.25,-21.6776
1181525312.5,-21.68313
1181525468.75,-21.68848
1181525625.0,-21.6942
1181525781.25,-21.69965
1181525937.5,-21.7043
1181526093.75,-21.70879
1181526250.0,-21.71554
1181526406.25,-21.71856
1181526562.5,-21.72218
1181526718.75,-21.72838
1181526875.0,-21.73328
1181527031.25,-21.73725
1181527187.5,-21.74087
1181527343.75,-21.74526
1181527500.0,-21.75468
1181527656.25,-21.75909
1181527812.5,-21.76018
1181527968.75,-21.76677
1181528125.0,-21.77247
1181528281.25,-21.77767
1181528437.5,-21.78189
1181528593.75,-21.78485
1181528750.0,-21.79281
1181528906.25,-21.79623
1181529062.5,-21.79987
1181529218.75,-21.80424
1181529375.0,-21.8112
1181529531.25,-21.81549
1181529687.5,-21.81961
1181529843.75,-21.82551
1181530000.0,-21.82949
1181530156.25,-21.83606
1181530312.5,-21.83826
1181530468.75,-21.84406
1181530625.0,-21.84916
1181530781.25,-21.85545
1181530937.5,-21.85815
1181531093.75,-21.86289
1181531250.0,-21.86696
1181531406.25,-21.87225
1181531562.5,-21.87531
1181531718.75,-21.88255
1181531875.0,-21.88658
1181532031.25,-21.89164
1181532187.5,-21.89681
1181532343.75,-21.89907
1181532500.0,-21.90438
1181532656.25,-21.91126
1181532812.5,-21.91523
1181532968.75,-21.91883
1181533125.0,-21.92444
1181533281.25,-21.92978
1181533437.5,-21.9331
1181533593.75,-21.93928
1181533750.0,-21.94289
1181533906.25,-21.9484
1181534062.5,-21.95154
1181534218.75,-21.95731
1181534375.0,-21.9617
1181534531.25,-21.96518
1181534687.5,-21.9731
1181534843.75,-21.97831
1181535000.0,-21.98102
1181535156.25,-21.98719
1181535312.5,-21.99048
1181535468.75,-21.99525
1181535625.0,-21.99932
1181535781.25,-22.00461
1181535937.5,-22.00948
1181536093.75,-22.01384
1181536250.0,-22.0202
1181536406.25,-22.02628
1181536562.5,-22.02804
1181536718.75,-22.03173
1181536875.0,-22.03713
1181537031.25,-22.04432
1181537187.5,-22.04922
1181537343.75,-22.0507
1181537500.0,-22.05691
1181537656.25,-22.06067
1181537812.5,-22.06598
1181537968.75,-22.07086
1181538125.0,-22.07483
1181538281.25,-22.08009
1181538437.5,-22.08665
1181538593.75,-22.08883
1181538750.0,-22.09318
1181538906.25,-22.10054
1181539062.5,-22.10336
1181539218.75,-22.10735
1181539375.0,-22.11402
1181539531.25,-22.11919
1181539687.5,-22.12308
1181539843.75,-22.12664
1181540000.0,-22.13113
1181540156.25,-22.13723
1181540312.5,-22.14414
1181540468.75,-22.14787
1181540625.0,-22.15
1181540781.25,-22.15571
1181540937.5,-22.15929
1181541093.75,-22.16707
1181541250.0,-22.17252
1181541406.25,-22.17223
1181541562.5,-22.17841
1181541718.75,-22.184
1181541875.0,-22.18736
1181542031.25,-22.1914
1181542187.5,-22.19769
1181542343.75,-22.20154
1181542500.0,-22.20465
1181542656.25,-22.20938
1181542812.5,-22.21513
1181542968.75,-22.22149
1181543125.0,-22.22389
1181543281.25,-22.23177
1181543437.5,-22.23452
1181543593.75,-22.23835
1181543750.0,-22.24309
1181543906.25,-22.24679
1181544062.5,-22.25118
1181544218.75,-22.25834
1181544375.0,-22.26134
1181544531.25,-22.26678
1181544687.5,-22.26991
1181544843.75,-22.27629
1181545000.0,-22.27952
1181545156.25,-22.28209
1181545312.5,-22.29034
1181545468.75,-22.29458
1181545625.0,-22.29809
1181545781.25,-22.30221
1181545937.5,-22.30769
1181546093.75,-22.31463
1181546250.0,-22.315
1181546406.25,-22.32198
1181546562.5,-22.32552
1181546718.75,-22.33077
1181546875.0,-22.33377
1181547031.25,-22.34183
1181547187.5,-22.34516
1181547343.75,-22.34993
1181547500.0,-22.35097
1181547656.25,-22.35527
1181547812.5,-22.35995
1181547968.75,-22.367
1181548125.0,-22.37049
1181548281.25,-22.37559
1181548437.5,-22.38017
1181548593.75,-22.38334
1181548750.0,-22.38801
1181548906.25,-22.39427
1181549062.5,-22.39721
1181549218.75,-22.40162
1181549375.0,-22.40804
1181549531.25,-22.41124
1181549687.5,-22.41739
1181549843.75,-22.42105
1181550000.0,-22.42509
1181550156.25,-22.42705
1181550312.5,-22.43625
1181550468.75,-22.43913
1181550625.0,-22.44562
1181550781.25,-22.44713
1181550937.5,-22.45395
1181551093.75,-22.45656
1181551250.0,-22.46192
1181551406.25,-22.46815
1181551562.5,-22.4724
1181551718.75,-22.47383
1181551875.0,-22.48191
1181552031.25,-22.48361
1181552187.5,-22.49008
1181552343.75,-22.49389
1181552500.0,-22.49864
1181552656.25,-22.50424
1181552812.5,-22.50748
1181552968.75,-22.51367
1181553125.0,-22.51856
1181553281.25,-22.52024
1181553437.5,-22.52557
1181553593.75,-22.53185
1181553750.0,-22.5354
1181553906.25,-22.53894
1181554062.5,-22.54097
1181554218.75,-22.5484
1181554375.0,-22.55122
1181554531.25,-22.55811
1181554687.5,-22.56035
1181554843.75,-22.5683
1181555000.0,-22.57214
1181555156.25,-22.57642
1181555312.5,-22.58148
1181555468.75,-22.58652
1181555625.0,-22.58735
1181555781.25,-22.59264
1181555937.5,-22.59764
1181556093.75,-22.60123
1181556250.0,-22.60767
1181556406.25,-22.61033
1181556562.5,-22.61679
1181556718.75,-22.62133
1181556875.0,-22.6244
1181557031.25,-22.62956
1181557187.5,-22.63424
1181557343.75,-22.63792
1181557500.0,-22.64123
1181557656.25,-22.64775
1181557812.5,-22.65025
1181557968.75,-22.65427
1181558125.0,-22.66155
1181558281.25,-22.66442
1181558437.5,-22.66893
1181558593.75,-22.6743
1181558750.0,-22.67907
1181558906.25,-22.68419
1181559062.5,-22.68818
1181559218.75,-22.69156
1181559375.0,-22.69629
1181559531.25,-22.70182
1181559687.5,-22.70488
1181559843.75,-22.71084
1181560000.0,-22.71371
1181560156.25,-22.71798
1181560312.5,-22.72295
1181560468.75,-22.7264
1181560625.0,-22.73241
1181560781.25,-22.73504
1181560937.5,-22.74084
1181561093.75,-22.74305
1181561250.0,-22.7486
1181561406.25,-22.75212
1181561562.5,-22.75849
1181561718.75,-22.7626
1181561875.0,-22.76762
1181562031.25,-22.77009
1181562187.5,-22.77377
1181562343.75,-22.78115
1181562500.0,-22.78215
1181562656.25,-22.78804
1181562812.5,-22.79133
1181562968.75,-22.79625
1181563125.0,-22.79992
1181563281.25,-22.80732
1181563437.5,-22.8104
1181563593.75,-22.8152
1181563750.0,-22.81857
1181563906.25,-22.82339
1181564062.5,-22.82738
1181564218.75,-22.83455
1181564375.0,-22.83973
1181564531.25,-22.84117
1181564687.5,-22.84841
1181564843.75,-22.8497
1181565000.0,-22.85528
1181565156.25,-22.85973
1181565312.5,-22.86312
1181565468.75,-22.86617
1181565625.0,-22.87413
1181565781.25,-22.87705
1181565937.5,-22.88211
1181566093.75,-22.88668
1181566250.0,-22.889
1181566406.25,-22.89651
1181566562.5,-22.90174
1181566718.75,-22.90362
1181566875.0,-22.90814
1181567031.25,-22.90974
1181567187.5,-22.9144
1181567343.75,-22.92244
1181567500.0,-22.9227
1181567656.25,-22.9277
1181567812.5,-22.93366
1181567968.75,-22.93705
1181568125.0,-22.93953
1181568281.25,-22.94698
1181568437.5,-22.94934
1181568593.75,-22.95346
1181568750.0,-22.95921
1181568906.25,-22.96464
1181569062.5,-22.96727
1181569218.75,-22.97109
1181569375.0,-22.9758
1181569531.25,-22.98347
1181569687.5,-22.98508
1181569843.75,-22.98928
1181570000.0,-22.99238
1181570156.25,-22.99803
1181570312.5,-23.00292
1181570468.75,-23.00875
1181570625.0,-23.01134
1181570781.25,-23.01649
1181570937.5,-23.01988
1181571093.75,-23.02567
1181571250.0,-23.02988
1181571406.25,-23.03248
1181571562.5,-23.03945
1181571718.75,-23.0416
1181571875.0,-23.0471
1181572031.25,-23.05143
1181572187.5,-23.05222
1181572343.75,-23.05911
1181572500.0,-23.061
1181572656.25,-23.06646
1181572812.5,-23.06918
1181572968.75,-23.07788
1181573125.0,-23.08082
1181573281.25,-23.08364
1181573437.5,-23.08734
1181573593.75,-23.09523
1181573750.0,-23.09645
1181573906.25,-23.10138
1181574062.5,-23.10538
1181574218.75,-23.11211
1181574375.0,-23.11458
1181574531.25,-23.11955
1181574687.5,-23.12435
1181574843.75,-23.12759
1181575000.0,-23.12955
1181575156.25,-23.13625
1181575312.5,-23.13961
1181575468.75,-23.14431
1181575625.0,-23.14829
1181575781.25,-23.1536
1181575937.5,-23.1553
1181576093.75,-23.166
1181576250.0,-23.16666
1181576406.25,-23.17006
1181576562.5,-23.17293
1181576718.75,-23.17779
1181576875.0,-23.18099
1181577031.25,-23.18737
1181577187.5,-23.18908
1181577343.75,-23.19538
1181577500.0,-23.19923
1181577656.25,-23.20453
1181577812.5,-23.20697
1181577968.75,-23.2118
1181578125.0,-23.21642
1181578281.25,-23.21992
1181578437.5,-23.22431
1181578593.75,-23.23146
1181578750.0,-23.23302
1181578906.25,-23.23972
1181579062.5,-23.24438
1181579218.75,-23.24845
1181579375.0,-23.24917
1181579531.25,-23.25408
1181579687.5,-23.25714
1181579843.75,-23.26533
1181580000.0,-23.26741
1181580156.25,-23.27474
1181580312.5,-23.27566
1181580468.75,-23.27917
1181580625.0,-23.28175
1181580781.25,-23.29083
1181580937.5,-23.29112
1181581093.75,-23.29658
1181581250.0,-23.30195
1181581406.25,-23.30465
1181581562.5,-23.30997
1181581718.75,-23.31326
1181581875.0,-23.31764
1181582031.25,-23.32303
1181582187.5,-23.32587
1181582343.75,-23.33031
1181582500.0,-23.33361
1181582656.25,-23.33843
1181582812.5,-23.34394
1181582968.75,-23.34561
1181583125.0,-23.35041
1181583281.25,-23.35482
1181583437.5,-23.35958
1181583593.75,-23.36556
1181583750.0,-23.36827
1181583906.25,-23.37246
1181584062.5,-23.37596
1181584218.75,-23.38105
1181584375.0,-23.38494
1181584531.25,-23.39146
1181584687.5,-23.39519
1181584843.75,-23.39777
1181585000.0,-23.40103
1181585156.25,-23.40298
1181585312.5,-23.40861
1181585468.75,-23.41276
1181585625.0,-23.41632
1181585781.25,-23.42137
1181585937.5,-23.42491
1181586093.75,-23.42905
1181586250.0,-23.43735
1181586406.25,-23.44129
1181586562.5,-23.44249
1181586718.75,-23.44618
1181586875.0,-23.45281
1181587031.25,-23.4569
1181587187.5,-23.46126
1181587343.75,-23.46383
1181587500.0,-23.46624
1181587656.25,-23.47066
1181587812.5,-23.47448
1181587968.75,-23.47987
1181588125.0,-23.4865
1181588281.25,-23.49197
1181588437.5,-23.49415
1181588593.75,-23.49668
1181588750.0,-23.50028
1181588906.25,-23.50246
1181589062.5,-23.50579
1181589218.75,-23.51391
1181589375.0,-23.5152
1181589531.25,-23.52029
1181589687.5,-23.52602
1181589843.75,-23.53146
1181590000.0,-23.53744
1181590156.25,-23.53747
1181590312.5,-23.54284
1181590468.75,-23.54535
1181590625.0,-23.54673
1181590781.25,-23.55243
1181590937.5,-23.55996
1181591093.75,-23.5627
1181591250.0,-23.5694
1181591406.25,-23.57039
1181591562.5,-23.57741
1181591718.75,-23.57911
1181591875.0,-23.58158
1181592031.25,-23.58555
1181592187.5,-23.59232
1181592343.75,-23.59447
1181592500.0,-23.60092
1181592656.25,-23.60365
1181592812.5,-23.60852
1181592968.75,-23.6131
1181593125.0,-23.61561
1181593281.25,-23.62128
1181593437.5,-23.62466
1181593593.75,-23.6271
1181593750.0,-23.63284
1181593906.25,-23.63473
1181594062.5,-23.64297
1181594218.75,-23.64315
1181594375.0,-23.65007
1181594531.25,-23.65384
1181594687.5,-23.65564
1181594843.75,-23.66317
1181595000.0,-23.66536
1181595156.25,-23.66963
1181595312.5,-23.67135
1181595468.75,-23.67954
1181595625.0,-23.68017
1181595781.25,-23.68309
1181595937.5,-23.68701
1181596093.75,-23.69283
1181596250.0,-23.69687
1181596406.25,-23.70536
1181596562.5,-23.70635
1181596718.75,-23.71061
1181596875.0,-23.71196
1181597031.25,-23.71628
1181597187.5,-23.72175
1181597343.75,-23.72593
1181597500.0,-23.72896
1181597656.25,-23.73502
1181597812.5,-23.74009
1181597968.75,-23.74389
1181598125.0,-23.74622
1181598281.25,-23.75043
1181598437.5,-23.75007
1181598593.75,-23.75779
1181598750.0,-23.76229
1181598906.25,-23.76772
1181599062.5,-23.77081
1181599218.75,-23.77415
1181599375.0,-23.77657
1181599531.25,-23.7819
1181599687.5,-23.78579
1181599843.75,-23.79127
1181600000.0,-23.79562
1181600156.25,-23.79603
1181600312.5,-23.80407
1181600468.75,-23.80517
1181600625.0,-23.81195
1181600781.25,-23.81427
1181600937.5,-23.81855
1181601093.75,-23.82141
1181601250.0,-23.82715
1181601406.25,-23.83007
1181601562.5,-23.83611
1181601718.75,-23.83808
1181601875.0,-23.84253
1181602031.25,-23.8471
1181602187.5,-23.84819
1181602343.75,-23.85579
1181602500.0,-23.85765
1181602656.25,-23.861
1181602812.5,-23.86891
1181602968.75,-23.87028
1181603125.0,-23.87549
1181603281.25,-23.8777
1181603437.5,-23.88311
1181603593.75,-23.88745
1181603750.0,-23.89141
1181603906.25,-23.89417
1181604062.5,-23.89559
1181604218.75,-23.89984
1181604375.0,-23.90286
1181604531.25,-23.91229
1181604687.5,-23.91346
1181604843.75,-23.91707
1181605000.0,-23.92023
1181605156.25,-23.92576
1181605312.5,-23.93303
1181605468.75,-23.93074
1181605625.0,-23.93583
1181605781.25,-23.94406
1181605937.5,-23.94502
1181606093.75,-23.95193
1181606250.0,-23.95192
1181606406.25,-23.96002
1181606562.5,-23.96149
1181606718.75,-23.96501
1181606875.0,-23.96765
1181607031.25,-23.9711
1181607187.5,-23.9777
1181607343.75,-23.98139
1181607500.0,-23.98656
1181607656.25,-23.99141
1181607812.5,-23.99359
1181607968.75,-23.99911
1181608125.0,-24.00441
1181608281.25,-24.00508
1181608437.5,-24.00714
1181608593.75,-24.0148
1181608750.0,-24.01518
1181608906.25,-24.01901
1181609062.5,-24.02673
1181609218.75,-24.03221
1181609375.0,-24.02874
1181609531.25,-24.03735
1181609687.5,-24.04119
1181609843.75,-24.0413
1181610000.0,-24.04667
1181610156.25,-24.05273
1181610312.5,-24.05623
1181610468.75,-24.05828
1181610625.0,-24.06337
1181610781.25,-24.0675
1181610937.5,-24.07249
1181611093.75,-24.07488
1181611250.0,-24.08047
1181611406.25,-24.0821
1181611562.5,-24.08665
1181611718.75,-24.094
1181611875.0,-24.09325
1181612031.25,-24.09751
1181612187.5,-24.10396
1181612343.75,-24.10695
1181612500.0,-24.11182
1181612656.25,-24.11803
1181612812.5,-24.11766
1181612968.75,-24.12276
1181613125.0,-24.12365
1181613281.25,-24.12953
1181613437.5,-24.13329
1181613593.75,-24.13847
1181613750.0,-24.14137
1181613906.25,-24.14813
1181614062.5,-24.15042
1181614218.75,-24.14997
1181614375.0,-24.15764
1181614531.25,-24.16243
1181614687.5,-24.16392
1181614843.75,-24.16789
1181615000.0,-24.17452
1181615156.25,-24.1795
1181615312.5,-24.17968
1181615468.75,-24.1842
1181615625.0,-24.1884
1181615781.25,-24.19104
1181615937.5,-24.19332
1181616093.75,-24.19883
1181616250.0,-24.20399
1181616406.25,-24.20785
1181616562.5,-24.21227
1181616718.75,-24.21121
1181616875.0,-24.219
1181617031.25,-24.2222
1181617187.5,-24.22633
1181617343.75,-24.23326
1181617500.0,-24.23481
1181617656.25,-24.23783
1181617812.5,-24.24269
1181617968.75,-24.24617
1181618125.0,-24.25097
1181618281.25,-24.25382
1181618437.5,-24.25786
1181618593.75,-24.2625
1181618750.0,-24.26412
1181618906.25,-24.27287
1181619062.5,-24.27168
1181619218.75,-24.27469
1181619375.0,-24.28228
1181619531.25,-24.28225
1181619687.5,-24.28972
1181619843.75,-24.29268
1181620000.0,-24.29654
1181620156.25,-24.30246
1181620312.5,-24.30486
1181620468.75,-24.31087
1181620625.0,-24.31065
1181620781.25,-24.31571
1181620937.5,-24.31802
1181621093.75,-24.32549
1181621250.0,-24.32723
1181621406.25,-24.33134
1181621562.5,-24.33598
1181621718.75,-24.33821
1181621875.0,-24.34274
1181622031.25,-24.34645
1181622187.5,-24.35037
1181622343.75,-24.354
1181622500.0,-24.35861
1181622656.25,-24.35928
1181622812.5,-24.36355
1181622968.75,-24.36487
1181623125.0,-24.36977
1181623281.25,-24.37684
1181623437.5,-24.38199
1181623593.75,-24.38468
1181623750.0,-24.38567
1181623906.25,-24.39341
1181624062.5,-24.39437
1181624218.75,-24.39797
1181624375.0,-24.40234
1181624531.25,-24.40825
1181624687.5,-24.41005
1181624843.75,-24.41404
1181625000.0,-24.41867
1181625156.25,-24.42213
1181625312.5,-24.42556
1181625468.75,-24.42757
1181625625.0,-24.43081
1181625781.25,-24.43435
1181625937.5,-24.44091
1181626093.75,-24.44543
1181626250.0,-24.45022
1181626406.25,-24.45144
1181626562.5,-24.45485
1181626718.75,-24.46064
1181626875.0,-24.46053
1181627031.25,-24.46628
1181627187.5,-24.47043
1181627343.75,-24.47515
1181627500.0,-24.47916
1181627656.25,-24.48143
1181627812.5,-24.4859
1181627968.75,-24.48751
1181628125.0,-24.49052
1181628281.25,-24.49374
1181628437.5,-24.50097
1181628593.75,-24.50677
1181628750.0,-24.50863
1181628906.25,-24.51418
1181629062.5,-24.51591
1181629218.75,-24.52167
1181629375.0,-24.52495
1181629531.25,-24.52595
1181629687.5,-24.52955
1181629843.75,-24.53575
1181630000.0,-24.53894
1181630156.25,-24.5432
1181630312.5,-24.54589
1181630468.75,-24.54951
1181630625.0,-24.55342
1181630781.25,-24.55403
1181630937.5,-24.56261
1181631093.75,-24.56325
1181631250.0,-24.57031
1181631406.25,-24.56907
1181631562.5,-24.57569
1181631718.75,-24.58162
1181631875.0,-24.58298
1181632031.25,-24.58522
1181632187.5,-24.59169
1181632343.75,-24.59409
1181632500.0,-24.59867
1181632656.25,-24.59967
1181632812.5,-24.60582
1181632968.75,-24.60816
1181633125.0,-24.61119
1181633281.25,-24.61626
1181633437.5,-24.62018
1181633593.75,-24.62195
1181633750.0,-24.62781
1181633906.25,-24.63086
1181634062.5,-24.63582
1181634218.75,-24.63859
1181634375.0,-24.64385
1181634531.25,-24.64588
1181634687.5,-24.64758
1181634843.75,-24.65301
1181635000.0,-24.65742
1181635156.25,-24.65894
1181635312.5,-24.66479
1181635468.75,-24.6695
1181635625.0,-24.67436
1181635781.25,-24.67734
1181635937.5,-24.68154
1181636093.75,-24.68473
1181636250.0,-24.68685
1181636406.25,-24.68942
1181636562.5,-24.692
1181636718.75,-24.69748
1181636875.0,-24.69927
1181637031.25,-24.70829
1181637187.5,-24.70728
1181637343.75,-24.71241
1181637500.0,-24.71598
1181637656.25,-24.71781
1181637812.5,-24.72289
1181637968.75,-24.72613
1181638125.0,-24.72886
1181638281.25,-24.73445
1181638437.5,-24.73483
1181638593.75,-24.74018
1181638750.0,-24.74605
1181638906.25,-24.74827
1181639062.5,-24.75375
1181639218.75,-24.75388
1181639375.0,-24.75698
1181639531.25,-24.76344
1181639687.5,-24.76605
1181639843.75,-24.7681
1181640000.0,-24.775
1181640156.25,-24.77883
1181640312.5,-24.78169
1181640468.75,-24.78705
1181640625.0,-24.78943
1181640781.25,-24.79193
1181640937.5,-24.79606
1181641093.75,-24.79984
1181641250.0,-24.80327
1181641406.25,-24.80731
1181641562.5,-24.80934
1181641718.75,-24.81458
1181641875.0,-24.81715
1181642031.25,-24.82444
1181642187.5,-24.82541
1181642343.75,-24.83097
1181642500.0,-24.83209
1181642656.25,-24.83828
1181642812.5,-24.8398
1181642968.75,-24.84265
1181643125.0,-24.84789
1181643281.25,-24.85092
1181643437.5,-24.85339
1181643593.75,-24.85828
1181643750.0,-24.86004
1181643906.25,-24.86885
1181644062.5,-24.87056
1181644218.75,-24.8735
1181644375.0,-24.87726
1181644531.25,-24.88004
1181644687.5,-24.88389
1181644843.75,-24.88814
1181645000.0,-24.8874
1181645156.25,-24.89542
1181645312.5,-24.89613
1181645468.75,-24.9007
1181645625.0,-24.90369
1181645781.25,-24.90754
1181645937.5,-24.90974
1181646093.75,-24.91664
1181646250.0,-24.9221
1181646406.25,-24.92473
1181646562.5,-24.92966
1181646718.75,-24.93338
1181646875.0,-24.93505
1181647031.25,-24.93796
1181647187.5,-24.94242
1181647343.75,-24.94309
1181647500.0,-24.94427
1181647656.25,-24.94794
1181647812.5,-24.95463
1181647968.75,-24.95808
1181648125.0,-24.96201
1181648281.25,-24.97042
1181648437.5,-24.97281
1181648593.75,-24.97408
1181648750.0,-24.97824
1181648906.25,-24.98061
1181649062.5,-24.98242
1181649218.75,-24.98606
1181649375.0,-24.99447
1181649531.25,-24.99483
1181649687.5,-24.99819
1181649843.75,-24.99947
1181650000.0,-25.00242
1181650156.25,-25.0062
1181650312.5,-25.01112
1181650468.75,-25.01431
1181650625.0,-25.02125
1181650781.25,-25.02168
1181650937.5,-25.02886
1181651093.75,-25.03216
1181651250.0,-25.03495
1181651406.25,-25.03606
1181651562.5,-25.03804
1181651718.75,-25.04628
1181651875.0,-25.04675
1181652031.25,-25.04797
1181652187.5,-25.0556
1181652343.75,-25.05692
1181652500.0,-25.06246
1181652656.25,-25.06602
1181652812.5,-25.06818
1181652968.75,-25.07336
1181653125.0,-25.07619
1181653281.25,-25.08284
1181653437.5,-25.08175
1181653593.75,-25.08872
1181653750.0,-25.08922
1181653906.25,-25.09268
1181654062.5,-25.09962
1181654218.75,-25.10135
1181654375.0,-25.10255
1181654531.25,-25.10833
1181654687.5,-25.10957
1181654843.75,-25.11472
1181655000.0,-25.11913
1181655156.25,-25.12493
1181655312.5,-25.12756
1181655468.75,-25.1283
1181655625.0,-25.13194
1181655781.25,-25.1375
1181655937.5,-25.14114
1181656093.75,-25.14609
1181656250.0,-25.14635
1181656406.25,-25.15241
1181656562.5,-25.15395
1181656718.75,-25.15815
1181656875.0,-25.16124
1181657031.25,-25.16305
1181657187.5,-25.16598
1181657343.75,-25.17021
1181657500.0,-25.17245
1181657656.25,-25.17727
1181657812.5,-25.18155
1181657968.75,-25.18475
1181658125.0,-25.18896
1181658281.25,-25.19328
1181658437.5,-25.19811
1181658593.75,-25.20126
1181658750.0,-25.20087
1181658906.25,-25.20687
1181659062.5,-25.21051
1181659218.75,-25.21345
1181659375.0,-25.21501
1181659531.25,-25.2225
1181659687.5,-25.22155
1181659843.75,-25.22777
1181660000.0,-25.2296
1181660156.25,-25.2322
1181660312.5,-25.24161
1181660468.75,-25.23956
1181660625.0,-25.24498
1181660781.25,-25.25096
1181660937.5,-25.25125
1181661093.75,-25.25555
1181661250.0,-25.25873
1181661406.25,-25.26381
1181661562.5,-25.2661
1181661718.75,-25.26937
1181661875.0,-25.27081
1181662031.25,-25.2757
1181662187.5,-25.28281
1181662343.75,-25.28412
1181662500.0,-25.28474
1181662656.25,-25.28978
1181662812.5,-25.29152
1181662968.75,-25.29931
1181663125.0,-25.29885
1181663281.25,-25.30258
1181663437.5,-25.307
1181663593.75,-25.31081
1181663750.0,-25.31461
1181663906.25,-25.31834
1181664062.5,-25.31949
1181664218.75,-25.32949
1181664375.0,-25.32766
1181664531.25,-25.32819
1181664687.5,-25.33424
1181664843.75,-25.33868
1181665000.0,-25.34316
1181665156.25,-25.34483
1181665312.5,-25.34935
1181665468.75,-25.34977
1181665625.0,-25.35726
1181665781.25,-25.35795
1181665937.5,-25.36012
1181666093.75,-25.36496
1181666250.0,-25.36852
1181666406.25,-25.37655
1181666562.5,-25.37485
1181666718.75,-25.38013
1181666875.0,-25.37883
1181667031.25,-25.38585
1181667187.5,-25.39047
1181667343.75,-25.39421
1181667500.0,-25.39699
1181667656.25,-25.4028
1181667812.5,-25.40424
1181667968.75,-25.40538
1181668125.0,-25.41127
1181668281.25,-25.41574
1181668437.5,-25.41787
1181668593.75,-25.42272
1181668750.0,-25.42476
1181668906.25,-25.42564
1181669062.5,-25.43252
1181669218.75,-25.43436
1181669375.0,-25.44127
1181669531.25,-25.44154
1181669687.5,-25.4439
1181669843.75,-25.44709
1181670000.0,-25.45368
1181670156.25,-25.45616
1181670312.5,-25.46201
1181670468.75,-25.46205
1181670625.0,-25.46418
1181670781.25,-25.46848
1181670937.5,-25.47091
1181671093.75,-25.47576
1181671250.0,-25.47996
1181671406.25,-25.47902
1181671562.5,-25.48436
1181671718.75,-25.48997
1181671875.0,-25.49148
1181672031.25,-25.49895
1181672187.5,-25.50232
1181672343.75,-25.50296
1181672500.0,-25.50488
1181672656.25,-25.51004
1181672812.5,-25.51238
1181672968.75,-25.51704
1181673125.0,-25.51726
1181673281.25,-25.52539
1181673437.5,-25.52522
1181673593.75,-25.53016
1181673750.0,-25.53369
1181673906.25,-25.53847
1181674062.5,-25.54084
1181674218.75,-25.54275
1181674375.0,-25.54504
1181674531.25,-25.54777
1181674687.5,-25.55496
1181674843.75,-25.55675
1181675000.0,-25.5598
1181675156.25,-25.56415
1181675312.5,-25.56473
1181675468.75,-25.56962
1181675625.0,-25.57413
1181675781.25,-25.58083
1181675937.5,-25.57932
1181676093.75,-25.58027
1181676250.0,-25.58608
1181676406.25,-25.58984
1181676562.5,-25.59462
1181676718.75,-25.5979
1181676875.0,-25.60196
1181677031.25,-25.60405
1181677187.5,-25.60793
1181677343.75,-25.61066
1181677500.0,-25.6145
1181677656.25,-25.61224
1181677812.5,-25.62214
1181677968.75,-25.6248
1181678125.0,-25.62847
1181678281.25,-25.63185
1181678437.5,-25.63661
1181678593.75,-25.63575
1181678750.0,-25.63995
1181678906.25,-25.64584
1181679062.5,-25.64606
1181679218.75,-25.65298
1181679375.0,-25.65183
1181679531.25,-25.65924
1181679687.5,-25.65835
1181679843.75,-25.66526
1181680000.0,-25.66502
1181680156.25,-25.6726
1181680312.5,-25.67432
1181680468.75,-25.67612
1181680625.0,-25.68075
1181680781.25,-25.68399
1181680937.5,-25.68831
1181681093.75,-25.69484
1181681250.0,-25.69445
1181681406.25,-25.69779
1181681562.5,-25.7008
1181681718.75,-25.70553
1181681875.0,-25.70562
1181682031.25,-25.71351
1181682187.5,-25.71398
1181682343.75,-25.71756
1181682500.0,-25.71839
1181682656.25,-25.72035
1181682812.5,-25.72687
1181682968.75,-25.73311
1181683125.0,-25.73471
1181683281.25,-25.73555
1181683437.5,-25.7373
1181683593.75,-25.74409
1181683750.0,-25.74491
1181683906.25,-25.75385
1181684062.5,-25.75579
1181684218.75,-25.75673
1181684375.0,-25.76057
1181684531.25,-25.76536
1181684687.5,-25.7684
1181684843.75,-25.76988
1181685000.0,-25.77642
1181685156.25,-25.78052
1181685312.5,-25.78231
1181685468.75,-25.77929
1181685625.0,-25.78536
1181685781.25,-25.79055
1181685937.5,-25.79247
1181686093.75,-25.79857
1181686250.0,-25.79824
1181686406.25,-25.80676
1181686562.5,-25.80695
1181686718.75,-25.81086
1181686875.0,-25.81278
1181687031.25,-25.8188
1181687187.5,-25.81751
1181687343.75,-25.8225
1181687500.0,-25.82588
1181687656.25,-25.83002
1181687812.5,-25.83334
1181687968.75,-25.8381
1181688125.0,-25.84106
1181688281.25,-25.84066
1181688437.5,-25.84863
1181688593.75,-25.84877
1181688750.0,-25.85349
1181688906.25,-25.85383
1181689062.5,-25.86132
1181689218.75,-25.86124
1181689375.0,-25.86676
1181689531.25,-25.873
1181689687.5,-25.87391
1181689843.75,-25.87591
1181690000.0,-25.87981
1181690156.25,-25.88319
1181690312.5,-25.88476
1181690468.75,-25.88985
1181690625.0,-25.89433
1181690781.25,-25.89425
1181690937.5,-25.89503
1181691093.75,-25.89877
1181691250.0,-25.9059
1181691406.25,-25.90812
1181691562.5,-25.91222
1181691718.75,-25.90932
1181691875.0,-25.91853
1181692031.25,-25.92293
1181692187.5,-25.92797
1181692343.75,-25.9249
1181692500.0,-25.93217
1181692656.25,-25.93372
1181692812.5,-25.94033
1181692968.75,-25.942
1181693125.0,-25.94404
1181693281.25,-25.94883
1181693437.5,-25.94615
1181693593.75,-25.95565
1181693750.0,-25.95873
1181693906.25,-25.96314
1181694062.5,-25.96431
1181694218.75,-25.96651
1181694375.0,-25.96856
1181694531.25,-25.97448
1181694687.5,-25.97479
1181694843.75,-25.98075
1181695000.0,-25.98357
1181695156.25,-25.98683
1181695312.5,-25.98634
1181695468.75,-25.98984
1181695625.0,-25.99457
1181695781.25,-26.00011
1181695937.5,-26.00077
1181696093.75,-26.00535
1181696250.0,-26.00906
1181696406.25,-26.01453
1181696562.5,-26.01227
1181696718.75,-26.01832
1181696875.0,-26.02074
1181697031.25,-26.02349
1181697187.5,-26.02991
1181697343.75,-26.02992
1181697500.0,-26.03266
1181697656.25,-26.03703
1181697812.5,-26.03897
1181697968.75,-26.04523
1181698125.0,-26.04489
1181698281.25,-26.05112
1181698437.5,-26.05575
1181698593.75,-26.0559
1181698750.0,-26.06276
1181698906.25,-26.06146
1181699062.5,-26.0654
1181699218.75,-26.06643
1181699375.0,-26.07584
1181699531.25,-26.07601
1181699687.5,-26.0796
1181699843.75,-26.0788
1181700000.0,-26.08431
1181700156.25,-26.08608
1181700312.5,-26.09046
1181700468.75,-26.09498
1181700625.0,-26.09597
1181700781.25,-26.1005
1181700937.5,-26.10369
1181701093.75,-26.10776
1181701250.0,-26.1076
1181701406.25,-26.11644
1181701562.5,-26.11747
1181701718.75,-26.12043
1181701875.0,-26.12253
1181702031.25,-26.12547
1181702187.5,-26.1305
1181702343.75,-26.1353
1181702500.0,-26.13375
1181702656.25,-26.1419
1181702812.5,-26.14023
1181702968.75,-26.1478
1181703125.0,-26.14633
1181703281.25,-26.15368
1181703437.5,-26.15348
1181703593.75,-26.15722
1181703750.0,-26.16126
1181703906.25,-26.16626
1181704062.5,-26.16635
1181704218.75,-26.17029
1181704375.0,-26.17489
1181704531.25,-26.18087
1181704687.5,-26.18032
1181704843.75,-26.18194
1181705000.0,-26.18511
1181705156.25,-26.18524
1181705312.5,-26.19251
1181705468.75,-26.1958
1181705625.0,-26.20066
1181705781.25,-26.20192
1181705937.5,-26.20148
1181706093.75,-26.20535
1181706250.0,-26.21368
1181706406.25,-26.21482
1181706562.5,-26.21766
1181706718.75,-26.2203
1181706875.0,-26.22309
1181707031.25,-26.2307
1181707187.5,-26.22819
1181707343.75,-26.23203
1181707500.0,-26.23589
1181707656.25,-26.23786
1181707812.5,-26.24359
1181707968.75,-26.24864
1181708125.0,-26.24987
1181708281.25,-26.25222
1181708437.5,-26.25855
1181708593.75,-26.26321
1181708750.0,-26.25735
1181708906.25,-26.26934
1181709062.5,-26.26945
1181709218.75,-26.26735
1181709375.0,-26.27349
1181709531.25,-26.27787
1181709687.5,-26.28113
1181709843.75,-26.2885
1181710000.0,-26.28838
1181710156.25,-26.29003
1181710312.5,-26.29328
1181710468.75,-26.29957
1181710625.0,-26.29732
1181710781.25,-26.304
1181710937.5,-26.30486
1181711093.75,-26.3082
1181711250.0,-26.31138
1181711406.25,-26.31664
1181711562.5,-26.31745
1181711718.75,-26.32142
1181711875.0,-26.3257
1181712031.25,-26.32606
1181712187.5,-26.32989
1181712343.75,-26.33508
1181712500.0,-26.33303
1181712656.25,-26.34212
1181712812.5,-26.34413
1181712968.75,-26.34554
1181713125.0,-26.35065
1181713281.25,-26.3573
1181713437.5,-26.35791
1181713593.75,-26.36162
1181713750.0,-26.35945
1181713906.25,-26.36634
1181714062.5,-26.36016
1181714218.75,-26.3694
1181714375.0,-26.37462
1181714531.25,-26.37204
1181714687.5,-26.38005
1181714843.75,-26.38279
1181715000.0,-26.38698
1181715156.25,-26.39433
1181715312.5,-26.39144
1181715468.75,-26.39878
1181715625.0,-26.40262
1181715781.25,-26.40404
1181715937.5,-26.4063
1181716093.75,-26.40846
1181716250.0,-26.40714
1181716406.25,-26.41634
1181716562.5,-26.41818
1181716718.75,-26.42088
1181716875.0,-26.42033
1181717031.25,-26.42948
1181717187.5,-26.43645
1181717343.75,-26.43421
1181717500.0,-26.43746
1181717656.25,-26.44094
1181717812.5,-26.44443
1181717968.75,-26.4456
1181718125.0,-26.44917
1181718281.25,-26.45238
1181718437.5,-26.45297
1181718593.75,-26.4593
1181718750.0,-26.46199
1181718906.25,-26.46494
1181719062.5,-26.46377
1181719218.75,-26.46947
1181719375.0,-26.46887
1181719531.25,-26.47872
1181719687.5,-26.47708
1181719843.75,-26.48101
1181720000.0,-26.48372
1181720156.25,-26.48811
1181720312.5,-26.4931
1181720468.75,-26.49767
1181720625.0,-26.49751
1181720781.25,-26.50178
1181720937.5,-26.5038
1181721093.75,-26.50568
1181721250.0,-26.51198
1181721406.25,-26.51292
1181721562.5,-26.51591
1181721718.75,-26.5205
1181721875.0,-26.52056
1181722031.25,-26.525
1181722187.5,-26.53038
1181722343.75,-26.53403
1181722500.0,-26.5361
1181722656.25,-26.53679
1181722812.5,-26.54283
1181722968.75,-26.54417
1181723125.0,-26.5452
1181723281.25,-26.54854
1181723437.5,-26.55292
1181723593.75,-26.55553
1181723750.0,-26.55874
1181723906.25,-26.56096
1181724062.5,-26.56459
1181724218.75,-26.56447
1181724375.0,-26.57307
1181724531.25,-26.57453
1181724687.5,-26.5758
1181724843.75,-26.58089
1181725000.0,-26.58311
1181725156.25,-26.58492
1181725312.5,-26.58916
1181725468.75,-26.59262
1181725625.0,-26.59502
1181725781.25,-26.59909
1181725937.5,-26.59868
1181726093.75,-26.60313
1181726250.0,-26.60739
1181726406.25,-26.60926
1181726562.5,-26.61338
1181726718.75,-26.61536
1181726875.0,-26.61626
1181727031.25,-26.61954
1181727187.5,-26.62182
1181727343.75,-26.62825
1181727500.0,-26.6329
1181727656.25,-26.63497
1181727812.5,-26.63963
1181727968.75,-26.64384
1181728125.0,-26.64315
1181728281.25,-26.64578
1181728437.5,-26.65117
1181728593.75,-26.65296
1181728750.0,-26.65487
1181728906.25,-26.65995
1181729062.5,-26.66153
1181729218.75,-26.6659
1181729375.0,-26.66562
1181729531.25,-26.66959
1181729687.5,-26.67213
1181729843.75,-26.67868
1181730000.0,-26.67927
1181730156.25,-26.68269
1181730312.5,-26.6863
1181730468.75,-26.68691
1181730625.0,-26.69308
1181730781.25,-26.69221
1181730937.5,-26.70125
1181731093.75,-26.7023
1181731250.0,-26.70616
1181731406.25,-26.70866
1181731562.5,-26.70865
1181731718.75,-26.71215
1181731875.0,-26.71771
1181732031.25,-26.71864
1181732187.5,-26.71869
1181732343.75,-26.72576
1181732500.0,-26.72644
1181732656.25,-26.72642
1181732812.5,-26.73298
1181732968.75,-26.73408
1181733125.0,-26.74199
1181733281.25,-26.74302
1181733437.5,-26.74381
1181733593.75,-26.75208
1181733750.0,-26.75447
1181733906.25,-26.75359
1181734062.5,-26.75623
1181734218.75,-26.76374
1181734375.0,-26.76671
1181734531.25,-26.7641
1181734687.5,-26.77264
1181734843.75,-26.77529
1181735000.0,-26.77487
1181735156.25,-26.77959
1181735312.5,-26.78226
1181735468.75,-26.78558
1181735625.0,-26.79072
1181735781.25,-26.78781
1181735937.5,-26.79176
1181736093.75,-26.79502
1181736250.0,-26.79921
1181736406.25,-26.80176
1181736562.5,-26.80719
1181736718.75,-26.80593
1181736875.0,-26.81243
1181737031.25,-26.81257
1181737187.5,-26.81573
1181737343.75,-26.82066
1181737500.0,-26.8248
1181737656.25,-26.82767
1181737812.5,-26.83086
1181737968.75,-26.83211
1181738125.0,-26.83576
1181738281.25,-26.83871
1181738437.5,-26.83764
1181738593.75,-26.84707
1181738750.0,-26.85118
1181738906.25,-26.8508
1181739062.5,-26.84837
1181739218.75,-26.85207
1181739375.0,-26.85916
1181739531.25,-26.86076
1181739687.5,-26.86049
1181739843.75,-26.86867
1181740000.0,-26.86821
1181740156.25,-26.87162
1181740312.5,-26.87725
1181740468.75,-26.87935
1181740625.0,-26.87934
1181740781.25,-26.88537
1181740937.5,-26.88338
1181741093.75,-26.89299
1181741250.0,-26.8955
1181741406.25,-26.89469
1181741562.5,-26.89735
1181741718.75,-26.90258
1181741875.0,-26.90359
1181742031.25,-26.90969
1181742187.5,-26.91075
1181742343.75,-26.91476
1181742500.0,-26.91489
1181742656.25,-26.91592
1181742812.5,-26.92389
1181742968.75,-26.92343
1181743125.0,-26.92247
1181743281.25,-26.93366
1181743437.5,-26.93706
1181743593.75,-26.93406
1181743750.0,-26.94345
1181743906.25,-26.94853
1181744062.5,-26.94546
1181744218.75,-26.94723
1181744375.0,-26.95251
1181744531.25,-26.95692
1181744687.5,-26.95845
1181744843.75,-26.96067
1181745000.0,-26.96375
1181745156.25,-26.96695
1181745312.5,-26.97321
1181745468.75,-26.96995
1181745625.0,-26.9766
1181745781.25,-26.97603
1181745937.5,-26.98377
1181746093.75,-26.98631
1181746250.0,-26.98398
1181746406.25,-26.98935
1181746562.5,-26.99027
1181746718.75,-26.99629
1181746875.0,-26.9968
1181747031.25,-27.00181
1181747187.5,-27.00277
1181747343.75,-27.00715
1181747500.0,-27.01173
1181747656.25,-27.01398
1181747812.5,-27.01672
1181747968.75,-27.01909
1181748125.0,-27.02207
1181748281.25,-27.02367
1181748437.5,-27.02738
1181748593.75,-27.0273
1181748750.0,-27.03558
1181748906.25,-27.03541
1181749062.5,-27.04184
1181749218.75,-27.04135
1181749375.0,-27.04823
1181749531.25,-27.0483
1181749687.5,-27.05311
1181749843.75,-27.05304
1181750000.0,-27.05547
1181750156.25,-27.05573
1181750312.5,-27.06022
1181750468.75,-27.06693
1181750625.0,-27.06807
1181750781.25,-27.07467
1181750937.5,-27.07437
1181751093.75,-27.07389
1181751250.0,-27.08077
1181751406.25,-27.08201
1181751562.5,-27.08523
1181751718.75,-27.08754
1181751875.0,-27.08884
1181752031.25,-27.09546
1181752187.5,-27.09898
1181752343.75,-27.09657
1181752500.0,-27.1012
1181752656.25,-27.10688
1181752812.5,-27.10799
1181752968.75,-27.11311
1181753125.0,-27.11667
1181753281.25,-27.11651
1181753437.5,-27.11975
1181753593.75,-27.1237
1181753750.0,-27.12771
1181753906.25,-27.12893
1181754062.5,-27.13165
1181754218.75,-27.1343
1181754375.0,-27.13373
1181754531.25,-27.13992
1181754687.5,-27.14269
1181754843.75,-27.14472
1181755000.0,-27.14823
1181755156.25,-27.15458
1181755312.5,-27.15219
1181755468.75,-27.1578
1181755625.0,-27.15919
1181755781.25,-27.16496
1181755937.5,-27.16687
1181756093.75,-27.16486
1181756250.0,-27.16502
1181756406.25,-27.17643
1181756562.5,-27.17877
1181756718.75,-27.17603
1181756875.0,-27.18184
1181757031.25,-27.18366
1181757187.5,-27.19204
1181757343.75,-27.18915
1181757500.0,-27.19579
1181757656.25,-27.19906
1181757812.5,-27.20211
1181757968.75,-27.20424
1181758125.0,-27.20399
1181758281.25,-27.20957
1181758437.5,-27.20555
1181758593.75,-27.21103
1181758750.0,-27.22041
1181758906.25,-27.22061
1181759062.5,-27.22554
1181759218.75,-27.22478
1181759375.0,-27.22927
1181759531.25,-27.23295
1181759687.5,-27.23124
1181759843.75,-27.23357
1181760000.0,-27.2411
1181760156.25,-27.24227
1181760312.5,-27.24399
1181760468.75,-27.25247
1181760625.0,-27.25267
1181760781.25,-27.2561
1181760937.5,-27.25788
1181761093.75,-27.25739
1181761250.0,-27.26146
1181761406.25,-27.26533
1181761562.5,-27.26689
1181761718.75,-27.27105
1181761875.0,-27.27504
1181762031.25,-27.27655
1181762187.5,-27.27933
1181762343.75,-27.28251
1181762500.0,-27.28649
1181762656.25,-27.28735
1181762812.5,-27.28609
1181762968.75,-27.2968
1181763125.0,-27.29601
1181763281.25,-27.29875
1181763437.5,-27.3052
1181763593.75,-27.30257
1181763750.0,-27.30728
1181763906.25,-27.30985
1181764062.5,-27.31164
1181764218.75,-27.31674
1181764375.0,-27.31811
1181764531.25,-27.31844
1181764687.5,-27.31661
1181764843.75,-27.32652
1181765000.0,-27.32977
1181765156.25,-27.33537
1181765312.5,-27.33241
1181765468.75,-27.33443
1181765625.0,-27.34127
1181765781.25,-27.34396
1181765937.5,-27.34521
1181766093.75,-27.34833
1181766250.0,-27.35131
1181766406.25,-27.35443
1181766562.5,-27.3588
1181766718.75,-27.358
1181766875.0,-27.36241
1181767031.25,-27.36895
1181767187.5,-27.36878
1181767343.75,-27.37077
1181767500.0,-27.37298
1181767656.25,-27.37761
1181767812.5,-27.3815
1181767968.75,-27.38095
1181768125.0,-27.38756
1181768281.25,-27.3864
1181768437.5,-27.39076
1181768593.75,-27.39186
1181768750.0,-27.39979
1181768906.25,-27.39628
1181769062.5,-27.4021
1181769218.75,-27.4093
1181769375.0,-27.40446
1181769531.25,-27.4122
1181769687.5,-27.40956
1181769843.75,-27.41572
1181770000.0,-27.42154
1181770156.25,-27.41783
1181770312.5,-27.42339
1181770468.75,-27.42721
1181770625.0,-27.42955
1181770781.25,-27.43496
1181770937.5,-27.43386
1181771093.75,-27.44227
1181771250.0,-27.43795
1181771406.25,-27.44315
1181771562.5,-27.44319
1181771718.75,-27.45169
1181771875.0,-27.455
1181772031.25,-27.45109
1181772187.5,-27.45741
1181772343.75,-27.45935
1181772500.0,-27.46378
1181772656.25,-27.46378
1181772812.5,-27.47027
1181772968.75,-27.47309
1181773125.0,-27.4742
1181773281.25,-27.48125
1181773437.5,-27.48462
1181773593.75,-27.48133
1181773750.0,-27.48526
1181773906.25,-27.48847
1181774062.5,-27.49109
1181774218.75,-27.49265
1181774375.0,-27.4942
1181774531.25,-27.49978
1181774687.5,-27.50307
1181774843.75,-27.50381
1181775000.0,-27.50711
1181775156.25,-27.50871
1181775312.5,-27.50938
1181775468.75,-27.51511
1181775625.0,-27.51609
1181775781.25,-27.51875
1181775937.5,-27.52362
1181776093.75,-27.52148
1181776250.0,-27.52962
1181776406.25,-27.52976
1181776562.5,-27.53394
1181776718.75,-27.53815
1181776875.0,-27.53696
1181777031.25,-27.54076
1181777187.5,-27.54706
1181777343.75,-27.54634
1181777500.0,-27.54789
1181777656.25,-27.55293
1181777812.5,-27.55471
1181777968.75,-27.56327
1181778125.0,-27.56002
1181778281.25,-27.56183
1181778437.5,-27.56425
1181778593.75,-27.56675
1181778750.0,-27.57308
1181778906.25,-27.57426
1181779062.5,-27.5793
1181779218.75,-27.58327
1181779375.0,-27.58447
1181779531.25,-27.5872
1181779687.5,-27.58924
1181779843.75,-27.59424
1181780000.0,-27.59551
1181780156.25,-27.59686
1181780312.5,-27.60015
1181780468.75,-27.60212
1181780625.0,-27.60726
1181780781.25,-27.6067
1181780937.5,-27.61033
1181781093.75,-27.6135
1181781250.0,-27.61174
1181781406.25,-27.61644
1181781562.5,-27.6234
1181781718.75,-27.6224
1181781875.0,-27.62439
1181782031.25,-27.63422
1181782187.5,-27.63279
1181782343.75,-27.63611
1181782500.0,-27.63754
1181782656.25,-27.63665
1181782812.5,-27.64367
1181782968.75,-27.64364
1181783125.0,-27.64639
1181783281.25,-27.65421
1181783437.5,-27.65272
1181783593.75,-27.65777
1181783750.0,-27.66049
1181783906.25,-27.66238
1181784062.5,-27.66303
1181784218.75,-27.66629
1181784375.0,-27.66811
1181784531.25,-27.67421
1181784687.5,-27.67896
1181784843.75,-27.67971
1181785000.0,-27.68089
1181785156.25,-27.68387
1181785312.5,-27.68813
1181785468.75,-27.68726
1181785625.0,-27.6917
1181785781.25,-27.69534
1181785937.5,-27.69753
1181786093.75,-27.69806
1181786250.0,-27.7046
1181786406.25,-27.70585
1181786562.5,-27.70933
1181786718.75,-27.70817
1181786875.0,-27.71105
1181787031.25,-27.71457
1181787187.5,-27.71909
1181787343.75,-27.71752
1181787500.0,-27.72458
1181787656.25,-27.72585
1181787812.5,-27.72855
1181787968.75,-27.7264
1181788125.0,-27.73421
1181788281.25,-27.73888
1181788437.5,-27.74175
1181788593.75,-27.74587
1181788750.0,-27.74411
1181788906.25,-27.74652
1181789062.5,-27.7477
1181789218.75,-27.74783
1181789375.0,-27.76039
1181789531.25,-27.7568
1181789687.5,-27.76162
1181789843.75,-27.76502
1181790000.0,-27.76821
1181790156.25,-27.77089
1181790312.5,-27.77579
1181790468.75,-27.77579
1181790625.0,-27.77792
1181790781.25,-27.78081
1181790937.5,-27.78494
1181791093.75,-27.78762
1181791250.0,-27.79032
1181791406.25,-27.78995
1181791562.5,-27.79775
1181791718.75,-27.79541
1181791875.0,-27.79879
1181792031.25,-27.80381
1181792187.5,-27.80502
1181792343.75,-27.8083
1181792500.0,-27.80722
1181792656.25,-27.8141
1181792812.5,-27.8122
1181792968.75,-27.81878
1181793125.0,-27.82081
1181793281.25,-27.8259
1181793437.5,-27.8249
1181793593.75,-27.82565
1181793750.0,-27.82604
1181793906.25,-27.83576
1181794062.5,-27.8381
1181794218.75,-27.83588
1181794375.0,-27.84432
1181794531.25,-27.84552
1181794687.5,-27.84721
1181794843.75,-27.85076
1181795000.0,-27.84887
1181795156.25,-27.85366
1181795312.5,-27.86179
1181795468.75,-27.8642
1181795625.0,-27.86326
1181795781.25,-27.86646
1181795937.5,-27.86938
1181796093.75,-27.87449
1181796250.0,-27.87287
1181796406.25,-27.87788
1181796562.5,-27.87799
1181796718.75,-27.88203
1181796875.0,-27.88696
1181797031.25,-27.88936
1181797187.5,-27.88749
1181797343.75,-27.89378
1181797500.0,-27.89252
1181797656.25,-27.89829
1181797812.5,-27.90595
1181797968.75,-27.90367
1181798125.0,-27.90586
1181798281.25,-27.91065
1181798437.5,-27.9112
1181798593.75,-27.90807
1181798750.0,-27.90993
1181798906.25,-27.9176
1181799062.5,-27.91849
1181799218.75,-27.9227
1181799375.0,-27.92629
1181799531.25,-27.92507
1181799687.5,-27.93396
1181799843.75,-27.93074
1181800000.0,-27.937
1181800156.25,-27.94537
1181800312.5,-27.94054
1181800468.75,-27.94998
1181800625.0,-27.94713
1181800781.25,-27.95042
1181800937.5,-27.95299
1181801093.75,-27.95304
1181801250.0,-27.96017
1181801406.25,-27.96394
1181801562.5,-27.96331
1181801718.75,-27.96775
1181801875.0,-27.96937
1181802031.25,-27.96863
1181802187.5,-27.97512
1181802343.75,-27.97461
1181802500.0,-27.97724
1181802656.25,-27.98198
1181802812.5,-27.98307
1181802968.75,-27.98959
1181803125.0,-27.98872
1181803281.25,-27.99703
1181803437.5,-27.99598
1181803593.75,-27.99416
1181803750.0,-28.00117
1181803906.25,-27.99914
1181804062.5,-28.00387
1181804218.75,-28.00889
1181804375.0,-28.00854
1181804531.25,-28.01236
1181804687.5,-28.01927
1181804843.75,-28.01932
1181805000.0,-28.01648
1181805156.25,-28.02217
1181805312.5,-28.02254
1181805468.75,-28.02769
1181805625.0,-28.03489
1181805781.25,-28.03265
1181805937.5,-28.03527
1181806093.75,-28.04134
1181806250.0,-28.03957
1181806406.25,-28.04572
1181806562.5,-28.04444
1181806718.75,-28.05302
1181806875.0,-28.05419
1181807031.25,-28.05226
1181807187.5,-28.05699
1181807343.75,-28.05702
1181807500.0,-28.06235
1181807656.25,-28.06404
1181807812.5,-28.06676
1181807968.75,-28.07017
1181808125.0,-28.07283
1181808281.25,-28.07498
1181808437.5,-28.07692
1181808593.75,-28.08512
1181808750.0,-28.08074
1181808906.25,-28.08241
1181809062.5,-28.08364
1181809218.75,-28.08983
1181809375.0,-28.08754
1181809531.25,-28.09716
1181809687.5,-28.09755
1181809843.75,-28.1023
1181810000.0,-28.10469
1181810156.25,-28.10686
1181810312.5,-28.10882
1181810468.75,-28.11185
1181810625.0,-28.11456
1181810781.25,-28.11723
1181810937.5,-28.11872
1181811093.75,-28.12347
1181811250.0,-28.12728
1181811406.25,-28.12664
1181811562.5,-28.13361
1181811718.75,-28.13007
1181811875.0,-28.13369
1181812031.25,-28.13702
1181812187.5,-28.14393
1181812343.75,-28.14568
1181812500.0,-28.14654
1181812656.25,-28.14767
1181812812.5,-28.14936
1181812968.75,-28.14872
1181813125.0,-28.15236
1181813281.25,-28.15762
1181813437.5,-28.16376
1181813593.75,-28.15682
1181813750.0,-28.16755
1181813906.25,-28.16535
1181814062.5,-28.17115
1181814218.75,-28.16965
1181814375.0,-28.17522
1181814531.25,-28.17816
1181814687.5,-28.17744
1181814843.75,-28.18621
1181815000.0,-28.18606
1181815156.25,-28.18429
1181815312.5,-28.18913
1181815468.75,-28.19053
1181815625.0,-28.19604
1181815781.25,-28.20051
1181815937.5,-28.19993
1181816093.75,-28.20303
1181816250.0,-28.20447
1181816406.25,-28.21467
1181816562.5,-28.20995
1181816718.75,-28.21456
1181816875.0,-28.21545
1181817031.25,-28.22023
1181817187.5,-28.22302
1181817343.75,-28.22894
1181817500.0,-28.22907
1181817656.25,-28.22812
1181817812.5,-28.23167
1181817968.75,-28.2342
1181818125.0,-28.23709
1181818281.25,-28.23867
1181818437.5,-28.23987
1181818593.75,-28.24553
1181818750.0,-28.2508
1181818906.25,-28.25216
1181819062.5,-28.25231
1181819218.75,-28.25647
1181819375.0,-28.25235
1181819531.25,-28.25526
1181819687.5,-28.25883
1181819843.75,-28.2649
1181820000.0,-28.26789
1181820156.25,-28.26962
1181820312.5,-28.26898
1181820468.75,-28.27907
1181820625.0,-28.27926
1181820781.25,-28.28159
1181820937.5,-28.27974
1181821093.75,-28.28585
1181821250.0,-28.29017
1181821406.25,-28.28774
1181821562.5,-28.29163
1181821718.75,-28.29193
1181821875.0,-28.29689
1181822031.25,-28.29915
1181822187.5,-28.30044
1181822343.75,-28.30675
1181822500.0,-28.30221
1181822656.25,-28.30943
1181822812.5,-28.31317
1181822968.75,-28.31515
1181823125.0,-28.31509
1181823281.25,-28.31813
1181823437.5,-28.32636
1181823593.75,-28.32459
1181823750.0,-28.32959
1181823906.25,-28.32889
1181824062.5,-28.33032
1181824218.75,-28.33602
1181824375.0,-28.34049
1181824531.25,-28.34175
1181824687.5,-28.34628
1181824843.75,-28.34848
1181825000.0,-28.3547
1181825156.25,-28.35247
1181825312.5,-28.35493
1181825468.75,-28.35141
1181825625.0,-28.35758
1181825781.25,-28.35834
1181825937.5,-28.36353
1181826093.75,-28.36749
1181826250.0,-28.36612
1181826406.25,-28.36862
1181826562.5,-28.37378
1181826718.75,-28.37429
1181826875.0,-28.37447
1181827031.25,-28.37882
1181827187.5,-28.38552
1181827343.75,-28.38111
1181827500.0,-28.38748
1181827656.25,-28.38958
1181827812.5,-28.39131
1181827968.75,-28.39844
1181828125.0,-28.40071
1181828281.25,-28.3998
1181828437.5,-28.40289
1181828593.75,-28.40858
1181828750.0,-28.40751
1181828906.25,-28.40928
1181829062.5,-28.41302
1181829218.75,-28.4205
1181829375.0,-28.41898
1181829531.25,-28.41942
1181829687.5,-28.42412
1181829843.75,-28.4234
1181830000.0,-28.42648
1181830156.25,-28.425
1181830312.5,-28.42857
1181830468.75,-28.43682
1181830625.0,-28.43733
1181830781.25,-28.4379
1181830937.5,-28.44302
1181831093.75,-28.44275
1181831250.0,-28.45053
1181831406.25,-28.45051
1181831562.5,-28.45488
1181831718.75,-28.45815
1181831875.0,-28.45779
1181832031.25,-28.46036
1181832187.5,-28.46429
1181832343.75,-28.46725
1181832500.0,-28.46598
1181832656.25,-28.47047
1181832812.5,-28.47075
1181832968.75,-28.47918
1181833125.0,-28.47623
1181833281.25,-28.47841
1181833437.5,-28.48435
1181833593.75,-28.48861
1181833750.0,-28.49018
1181833906.25,-28.4895
1181834062.5,-28.48946
1181834218.75,-28.49167
1181834375.0,-28.49943
1181834531.25,-28.49684
1181834687.5,-28.49928
1181834843.75,-28.50577
1181835000.0,-28.50778
1181835156.25,-28.51405
1181835312.5,-28.50989
1181835468.75,-28.51235
1181835625.0,-28.51884
1181835781.25,-28.51916
1181835937.5,-28.52352
1181836093.75,-28.52589
1181836250.0,-28.52985
1181836406.25,-28.53127
1181836562.5,-28.53345
1181836718.75,-28.53386
1181836875.0,-28.53734
1181837031.25,-28.53802
1181837187.5,-28.54276
1181837343.75,-28.54422
1181837500.0,-28.5435
1181837656.25,-28.55176
1181837812.5,-28.55046
1181837968.75,-28.55614
1181838125.0,-28.5598
1181838281.25,-28.56037
1181838437.5,-28.5645
1181838593.75,-28.55806
1181838750.0,-28.56244
1181838906.25,-28.56554
1181839062.5,-28.57579
1181839218.75,-28.57506
1181839375.0,-28.57473
1181839531.25,-28.58349
1181839687.5,-28.57814
1181839843.75,-28.58716
1181840000.0,-28.58827
1181840156.25,-28.58769
1181840312.5,-28.58779
1181840468.75,-28.59271
1181840625.0,-28.59486
1181840781.25,-28.60152
1181840937.5,-28.59786
1181841093.75,-28.60616
1181841250.0,-28.60435
1181841406.25,-28.61026
1181841562.5,-28.60743
1181841718.75,-28.61333
1181841875.0,-28.61334
1181842031.25,-28.61699
1181842187.5,-28.61996
1181842343.75,-28.62156
1181842500.0,-28.62213
1181842656.25,-28.62716
1181842812.5,-28.63119
1181842968.75,-28.63314
1181843125.0,-28.63094
1181843281.25,-28.63493
1181843437.5,-28.63768
1181843593.75,-28.6446
1181843750.0,-28.64881
1181843906.25,-28.64164
1181844062.5,-28.64948
1181844218.75,-28.65246
1181844375.0,-28.65653
1181844531.25,-28.6549
1181844687.5,-28.66317
1181844843.75,-28.664
1181845000.0,-28.6595
1181845156.25,-28.66525
1181845312.5,-28.67035
1181845468.75,-28.66788
1181845625.0,-28.67347
1181845781.25,-28.67802
1181845937.5,-28.67638
1181846093.75,-28.6799
1181846250.0,-28.6816
1181846406.25,-28.68891
1181846562.5,-28.6855
1181846718.75,-28.69274
1181846875.0,-28.69106
1181847031.25,-28.69741
1181847187.5,-28.69865
1181847343.75,-28.70065
1181847500.0,-28.70393
1181847656.25,-28.70197
1181847812.5,-28.7079
1181847968.75,-28.70986
1181848125.0,-28.71473
1181848281.25,-28.71187
1181848437.5,-28.71302
1181848593.75,-28.71877
1181848750.0,-28.72358
1181848906.25,-28.72324
1181849062.5,-28.7274
1181849218.75,-28.73022
1181849375.0,-28.7296
1181849531.25,-28.73117
1181849687.5,-28.74078
1181849843.75,-28.74149
1181850000.0,-28.7394
1181850156.25,-28.74166
1181850312.5,-28.74521
1181850468.75,-28.75067
1181850625.0,-28.74922
1181850781.25,-28.75492
1181850937.5,-28.75551
1181851093.75,-28.76188
1181851250.0,-28.76087
1181851406.25,-28.76234
1181851562.5,-28.76504
1181851718.75,-28.7705
1181851875.0,-28.77109
1181852031.25,-28.77109
1181852187.5,-28.77659
1181852343.75,-28.78038
1181852500.0,-28.77778
1181852656.25,-28.78079
1181852812.5,-28.77855
1181852968.75,-28.7858
1181853125.0,-28.79048
1181853281.25,-28.7903
1181853437.5,-28.78897
1181853593.75,-28.79921
1181853750.0,-28.80303
1181853906.25,-28.80306
1181854062.5,-28.80279
1181854218.75,-28.80366
1181854375.0,-28.80664
1181854531.25,-28.80746
1181854687.5,-28.8112
1181854843.75,-28.81387
1181855000.0,-28.82085
1181855156.25,-28.82377
1181855312.5,-28.82166
1181855468.75,-28.82275
1181855625.0,-28.82235
1181855781.25,-28.82639
1181855937.5,-28.8368
1181856093.75,-28.83444
1181856250.0,-28.84205
1181856406.25,-28.84057
1181856562.5,-28.84042
1181856718.75,-28.84412
1181856875.0,-28.84202
1181857031.25,-28.84735
1181857187.5,-28.8474
1181857343.75,-28.85244
1181857500.0,-28.85472
1181857656.25,-28.85726
1181857812.5,-28.85647
1181857968.75,-28.85941
1181858125.0,-28.86229
1181858281.25,-28.86824
1181858437.5,-28.87213
1181858593.75,-28.86565
1181858750.0,-28.87553
1181858906.25,-28.87559
1181859062.5,-28.87629
1181859218.75,-28.88168
1181859375.0,-28.88423
1181859531.25,-28.88383
1181859687.5,-28.89245
1181859843.75,-28.89448
1181860000.0,-28.88932
1181860156.25,-28.89366
1181860312.5,-28.89742
1181860468.75,-28.90092
1181860625.0,-28.90376
1181860781.25,-28.90317
1181860937.5,-28.9057
1181861093.75,-28.90638
1181861250.0,-28.91474
1181861406.25,-28.91277
1181861562.5,-28.91891
1181861718.75,-28.92362
1181861875.0,-28.91984
1181862031.25,-28.92943
1181862187.5,-28.92643
1181862343.75,-28.92719
1181862500.0,-28.93188
1181862656.25,-28.93553
1181862812.5,-28.93641
1181862968.75,-28.93552
1181863125.0,-28.94202
1181863281.25,-28.94117
1181863437.5,-28.94526
1181863593.75,-28.95178
1181863750.0,-28.9453
1181863906.25,-28.95018
1181864062.5,-28.95447
1181864218.75,-28.95368
1181864375.0,-28.95864
1181864531.25,-28.96084
1181864687.5,-28.96647
1181864843.75,-28.96966
1181865000.0,-28.97024
1181865156.25,-28.97154
1181865312.5,-28.96909
1181865468.75,-28.97703
1181865625.0,-28.97473
1181865781.25,-28.97866
1181865937.5,-28.97937
1181866093.75,-28.98064
1181866250.0,-28.99084
1181866406.25,-28.99513
1181866562.5,-28.99241
1181866718.75,-28.99603
1181866875.0,-28.99594
1181867031.25,-28.99823
1181867187.5,-29.00635
1181867343.75,-29.00116
1181867500.0,-29.00358
1181867656.25,-29.0099
1181867812.5,-29.01442
1181867968.75,-29.01608
1181868125.0,-29.01661
1181868281.25,-29.01558
1181868437.5,-29.0247
1181868593.75,-29.02362
1181868750.0,-29.0264
1181868906.25,-29.0257
1181869062.5,-29.03216
1181869218.75,-29.0317
1181869375.0,-29.03339
1181869531.25,-29.03393
1181869687.5,-29.03835
1181869843.75,-29.03853
1181870000.0,-29.04503
1181870156.25,-29.04128
1181870312.5,-29.05074
1181870468.75,-29.04879
1181870625.0,-29.05189
1181870781.25,-29.05349
1181870937.5,-29.056
1181871093.75,-29.05924
1181871250.0,-29.06409
1181871406.25,-29.06284
1181871562.5,-29.06789
1181871718.75,-29.06995
1181871875.0,-29.07055
1181872031.25,-29.06717
1181872187.5,-29.07701
1181872343.75,-29.07253
1181872500.0,-29.08027
1181872656.25,-29.08238
1181872812.5,-29.08894
1181872968.75,-29.08996
1181873125.0,-29.09133
1181873281.25,-29.0917
1181873437.5,-29.09213
1181873593.75,-29.10204
1181873750.0,-29.10142
1181873906.25,-29.10507
1181874062.5,-29.10487
1181874218.75,-29.1083
1181874375.0,-29.1087
1181874531.25,-29.11052
1181874687.5,-29.11242
1181874843.75,-29.11803
1181875000.0,-29.11716
1181875156.25,-29.11726
1181875312.5,-29.12619
1181875468.75,-29.12508
1181875625.0,-29.12324
1181875781.25,-29.12805
1181875937.5,-29.12835
1181876093.75,-29.13436
1181876250.0,-29.1365
1181876406.25,-29.13674
1181876562.5,-29.1423
1181876718.75,-29.14085
1181876875.0,-29.14208
1181877031.25,-29.14653
1181877187.5,-29.14513
1181877343.75,-29.15383
1181877500.0,-29.16084
1181877656.25,-29.15714
1181877812.5,-29.16138
1181877968.75,-29.15854
1181878125.0,-29.16088
1181878281.25,-29.16808
1181878437.5,-29.17085
1181878593.75,-29.17273
1181878750.0,-29.17548
1181878906.25,-29.17693
1181879062.5,-29.18184
1181879218.75,-29.18193
1181879375.0,-29.18159
1181879531.25,-29.18462
1181879687.5,-29.18871
1181879843.75,-29.18926
1181880000.0,-29.1926
1181880156.25,-29.19147
1181880312.5,-29.1984
1181880468.75,-29.19716
1181880625.0,-29.2016
1181880781.25,-29.20715
1181880937.5,-29.20774
1181881093.75,-29.20567
1181881250.0,-29.21009
1181881406.25,-29.21504
1181881562.5,-29.21478
1181881718.75,-29.21405
1181881875.0,-29.22237
1181882031.25,-29.2185
1181882187.5,-29.21887
1181882343.75,-29.22558
1181882500.0,-29.22517
1181882656.25,-29.23301
1181882812.5,-29.2315
1181882968.75,-29.23549
1181883125.0,-29.23992
1181883281.25,-29.24372
1181883437.5,-29.2382
1181883593.75,-29.24984
1181883750.0,-29.24408
1181883906.25,-29.24807
1181884062.5,-29.2488
1181884218.75,-29.25377
1181884375.0,-29.25944
1181884531.25,-29.25502
1181884687.5,-29.2588
1181884843.75,-29.26294
1181885000.0,-29.26419
1181885156.25,-29.27077
1181885312.5,-29.26689
1181885468.75,-29.27599
1181885625.0,-29.27656
1181885781.25,-29.27597
1181885937.5,-29.2798
1181886093.75,-29.27915
1181886250.0,-29.28565
1181886406.25,-29.28323
1181886562.5,-29.2847
1181886718.75,-29.29284
1181886875.0,-29.29276
1181887031.25,-29.29615
1181887187.5,-29.2929
1181887343.75,-29.29348
1181887500.0,-29.30431
1181887656.25,-29.30295
1181887812.5,-29.30144
1181887968.75,-29.31161
1181888125.0,-29.30603
1181888281.25,-29.30972
1181888437.5,-29.31145
1181888593.75,-29.31162
1181888750.0,-29.31476
1181888906.25,-29.31882
1181889062.5,-29.32761
1181889218.75,-29.32462
1181889375.0,-29.32311
1181889531.25,-29.33239
1181889687.5,-29.33224
1181889843.75,-29.32905
1181890000.0,-29.33641
1181890156.25,-29.33748
1181890312.5,-29.34439
1181890468.75,-29.34505
1181890625.0,-29.34319
1181890781.25,-29.35072
1181890937.5,-29.35177
1181891093.75,-29.35353
1181891250.0,-29.35788
1181891406.25,-29.36222
1181891562.5,-29.35355
1181891718.75,-29.35992
1181891875.0,-29.36057
1181892031.25,-29.36523
1181892187.5,-29.36678
1181892343.75,-29.36957
1181892500.0,-29.37358
1181892656.25,-29.38144
1181892812.5,-29.37604
1181892968.75,-29.37986
1181893125.0,-29.37647
1181893281.25,-29.38795
1181893437.5,-29.38561
1181893593.75,-29.39001
1181893750.0,-29.38803
1181893906.25,-29.39173
1181894062.5,-29.39494
1181894218.75,-29.39964
1181894375.0,-29.39715
1181894531.25,-29.40663
1181894687.5,-29.4063
1181894843.75,-29.40669
1181895000.0,-29.40939
1181895156.25,-29.41367
1181895312.5,-29.41092
1181895468.75,-29.41803
1181895625.0,-29.42032
1181895781.25,-29.41756
1181895937.5,-29.42562
1181896093.75,-29.42078
1181896250.0,-29.42684
1181896406.25,-29.42448
1181896562.5,-29.42922
1181896718.75,-29.43534
1181896875.0,-29.43288
1181897031.25,-29.43309
1181897187.5,-29.43896
1181897343.75,-29.43859
1181897500.0,-29.44219
1181897656.25,-29.44822
1181897812.5,-29.44652
1181897968.75,-29.45277
1181898125.0,-29.45236
1181898281.25,-29.45518
1181898437.5,-29.45535
1181898593.75,-29.46132
1181898750.0,-29.46282
1181898906.25,-29.4607
1181899062.5,-29.46294
1181899218.75,-29.46892
1181899375.0,-29.472
1181899531.25,-29.47377
1181899687.5,-29.47385
1181899843.75,-29.47535
1181900000.0,-29.47575
1181900156.25,-29.48292
1181900312.5,-29.48271
1181900468.75,-29.48539
1181900625.0,-29.48477
1181900781.25,-29.49331
1181900937.5,-29.49185
1181901093.75,-29.49226
1181901250.0,-29.49383
1181901406.25,-29.50265
1181901562.5,-29.50674
1181901718.75,-29.5049
1181901875.0,-29.50382
1181902031.25,-29.50643
1181902187.5,-29.50922
1181902343.75,-29.51295
1181902500.0,-29.51947
1181902656.25,-29.5193
1181902812.5,-29.51919
1181902968.75,-29.52399
1181903125.0,-29.52089
1181903281.25,-29.52369
1181903437.5,-29.52526
1181903593.75,-29.52921
1181903750.0,-29.52928
1181903906.25,-29.53935
1181904062.5,-29.53217
1181904218.75,-29.54209
1181904375.0,-29.54556
1181904531.25,-29.54272
1181904687.5,-29.54653
1181904843.75,-29.54474
1181905000.0,-29.55268
1181905156.25,-29.55536
1181905312.5,-29.55718
1181905468.75,-29.55281
1181905625.0,-29.55883
1181905781.25,-29.56609
1181905937.5,-29.56373
1181906093.75,-29.56329
1181906250.0,-29.57044
1181906406.25,-29.56635
1181906562.5,-29.57123
1181906718.75,-29.57197
1181906875.0,-29.57466
1181907031.25,-29.58116
1181907187.5,-29.58079
1181907343.75,-29.57821
1181907500.0,-29.58293
1181907656.25,-29.58636
1181907812.5,-29.59387
1181907968.75,-29.59371
1181908125.0,-29.59637
1181908281.25,-29.59121
1181908437.5,-29.59748
1181908593.75,-29.59923
1181908750.0,-29.60407
1181908906.25,-29.60341
1181909062.5,-29.60401
1181909218.75,-29.60857
1181909375.0,-29.61186
1181909531.25,-29.61359
1181909687.5,-29.61942
1181909843.75,-29.61759
1181910000.0,-29.62085
1181910156.25,-29.61812
1181910312.5,-29.62665
1181910468.75,-29.63223
1181910625.0,-29.63422
1181910781.25,-29.63516
1181910937.5,-29.63912
1181911093.75,-29.63289
1181911250.0,-29.63989
1181911406.25,-29.63925
1181911562.5,-29.64378
1181911718.75,-29.64668
1181911875.0,-29.65289
1181912031.25,-29.65182
1181912187.5,-29.65278
1181912343.75,-29.65657
1181912500.0,-29.65814
1181912656.25,-29.66133
1181912812.5,-29.66445
1181912968.75,-29.66732
1181913125.0,-29.66697
1181913281.25,-29.66475
1181913437.5,-29.66587
1181913593.75,-29.67225
1181913750.0,-29.67522
1181913906.25,-29.67517
1181914062.5,-29.67521
1181914218.75,-29.68244
1181914375.0,-29.67798
1181914531.25,-29.67884
1181914687.5,-29.68104
1181914843.75,-29.69042
1181915000.0,-29.69346
1181915156.25,-29.69166
1181915312.5,-29.69265
1181915468.75,-29.6961
1181915625.0,-29.70043
1181915781.25,-29.70264
1181915937.5,-29.70006
1181916093.75,-29.70247
1181916250.0,-29.7082
1181916406.25,-29.71162
1181916562.5,-29.71163
1181916718.75,-29.71763
1181916875.0,-29.71557
1181917031.25,-29.71674
1181917187.5,-29.72085
1181917343.75,-29.72249
1181917500.0,-29.72758
1181917656.25,-29.72631
1181917812.5,-29.73347
1181917968.75,-29.73005
1181918125.0,-29.74026
1181918281.25,-29.73349
1181918437.5,-29.73747
1181918593.75,-29.73752
1181918750.0,-29.74278
1181918906.25,-29.74811
1181919062.5,-29.74993
1181919218.75,-29.75034
1181919375.0,-29.75045
1181919531.25,-29.75367
1181919687.5,-29.75225
1181919843.75,-29.761
1181920000.0,-29.75803
1181920156.25,-29.76419
1181920312.5,-29.76518
1181920468.75,-29.76569
1181920625.0,-29.7636
1181920781.25,-29.77033
1181920937.5,-29.76952
1181921093.75,-29.7788
1181921250.0,-29.78123
1181921406.25,-29.77983
1181921562.5,-29.77731
1181921718.75,-29.78645
1181921875.0,-29.78469
1181922031.25,-29.79018
1181922187.5,-29.78801
1181922343.75,-29.79642
1181922500.0,-29.79289
1181922656.25,-29.8009
1181922812.5,-29.79725
1181922968.75,-29.80204
1181923125.0,-29.80301
1181923281.25,-29.80069
1181923437.5,-29.80619
1181923593.75,-29.80825
1181923750.0,-29.80897
1181923906.25,-29.81232
1181924062.5,-29.82104
1181924218.75,-29.81837
1181924375.0,-29.82229
1181924531.25,-29.8201
1181924687.5,-29.82499
1181924843.75,-29.83207
1181925000.0,-29.83228
1181925156.25,-29.83199
1181925312.5,-29.8307
1181925468.75,-29.8317
1181925625.0,-29.83381
1181925781.25,-29.83537
1181925937.5,-29.84125
1181926093.75,-29.84128
1181926250.0,-29.84312
1181926406.25,-29.84507
1181926562.5,-29.84708
1181926718.75,-29.84956
1181926875.0,-29.85248
1181927031.25,-29.85277
1181927187.5,-29.85833
1181927343.75,-29.86399
1181927500.0,-29.86096
1181927656.25,-29.87004
1181927812.5,-29.86865
1181927968.75,-29.86428
1181928125.0,-29.86923
1181928281.25,-29.87196
1181928437.5,-29.87364
1181928593.75,-29.87368
1181928750.0,-29.87871
1181928906.25,-29.8871
1181929062.5,-29.89092
1181929218.75,-29.88267
1181929375.0,-29.88712
1181929531.25,-29.89021
1181929687.5,-29.89143
1181929843.75,-29.89529
1181930000.0,-29.89387
1181930156.25,-29.89861
1181930312.5,-29.89916
1181930468.75,-29.89768
1181930625.0,-29.90119
1181930781.25,-29.90828
1181930937.5,-29.90982
1181931093.75,-29.90933
1181931250.0,-29.91182
1181931406.25,-29.91193
1181931562.5,-29.91936
1181931718.75,-29.92128
1181931875.0,-29.92164
1181932031.25,-29.92885
1181932187.5,-29.92558
1181932343.75,-29.92928
1181932500.0,-29.92653
1181932656.25,-29.92996
1181932812.5,-29.9351
1181932968.75,-29.93405
1181933125.0,-29.9406
1181933281.25,-29.93949
1181933437.5,-29.94062
1181933593.75,-29.94742
1181933750.0,-29.95102
1181933906.25,-29.95227
1181934062.5,-29.95078
1181934218.75,-29.95649
1181934375.0,-29.95495
1181934531.25,-29.95127
1181934687.5,-29.96198
1181934843.75,-29.96215
1181935000.0,-29.96666
1181935156.25,-29.96562
1181935312.5,-29.9668
1181935468.75,-29.97064
1181935625.0,-29.96654
1181935781.25,-29.97445
1181935937.5,-29.98308
1181936093.75,-29.9785
1181936250.0,-29.97447
1181936406.25,-29.98271
1181936562.5,-29.988
1181936718.75,-29.98528
1181936875.0,-29.99312
1181937031.25,-29.9898
1181937187.5,-29.99825
1181937343.75,-29.99407
1181937500.0,-29.99777
1181937656.25,-30.00027
1181937812.5,-29.99776
1181937968.75,-30.00164
1181938125.0,-30.00353
1181938281.25,-30.00539
1181938437.5,-30.0064
1181938593.75,-30.01517
1181938750.0,-30.01283
1181938906.25,-30.02354
1181939062.5,-30.02037
1181939218.75,-30.02443
1181939375.0,-30.02281
1181939531.25,-30.02446
1181939687.5,-30.02335
1181939843.75,-30.02994
1181940000.0,-30.0271
1181940156.25,-30.03473
1181940312.5,-30.03453
1181940468.75,-30.03999
1181940625.0,-30.03972
1181940781.25,-30.04241
1181940937.5,-30.0442
1181941093.75,-30.04767
1181941250.0,-30.0476
1181941406.25,-30.04987
1181941562.5,-30.05592
1181941718.75,-30.05543
1181941875.0,-30.0599
1181942031.25,-30.06336
1181942187.5,-30.06289
1181942343.75,-30.05939
1181942500.0,-30.06662
1181942656.25,-30.06704
1181942812.5,-30.06649
1181942968.75,-30.06904
1181943125.0,-30.07342
1181943281.25,-30.07217
1181943437.5,-30.07339
1181943593.75,-30.07913
1181943750.0,-30.08194
1181943906.25,-30.0842
1181944062.5,-30.08535
1181944218.75,-30.0923
1181944375.0,-30.08746
1181944531.25,-30.0912
1181944687.5,-30.09485
1181944843.75,-30.10031
1181945000.0,-30.10017
1181945156.25,-30.09787
1181945312.5,-30.10769
1181945468.75,-30.10023
1181945625.0,-30.10618
1181945781.25,-30.10839
1181945937.5,-30.11196
1181946093.75,-30.11919
1181946250.0,-30.11417
1181946406.25,-30.12044
1181946562.5,-30.12254
1181946718.75,-30.11795
1181946875.0,-30.11661
1181947031.25,-30.12433
1181947187.5,-30.12515
1181947343.75,-30.12948
1181947500.0,-30.1321
1181947656.25,-30.13187
1181947812.5,-30.13896
1181947968.75,-30.13034
1181948125.0,-30.14108
1181948281.25,-30.13985
1181948437.5,-30.14664
1181948593.75,-30.14203
1181948750.0,-30.14916
1181948906.25,-30.14854
1181949062.5,-30.14891
1181949218.75,-30.14976
1181949375.0,-30.16335
1181949531.25,-30.16108
1181949687.5,-30.16735
1181949843.75,-30.16191
1181950000.0,-30.16187
1181950156.25,-30.167
1181950312.5,-30.16372
1181950468.75,-30.16759
1181950625.0,-30.17561
1181950781.25,-30.17522
1181950937.5,-30.17779
1181951093.75,-30.17399
1181951250.0,-30.17908
1181951406.25,-30.17684
1181951562.5,-30.18375
1181951718.75,-30.18205
1181951875.0,-30.19045
1181952031.25,-30.19358
1181952187.5,-30.19248
1181952343.75,-30.1967
1181952500.0,-30.19788
1181952656.25,-30.20055
1181952812.5,-30.20105
1181952968.75,-30.20136
1181953125.0,-30.20755
1181953281.25,-30.20916
1181953437.5,-30.20913
1181953593.75,-30.20662
1181953750.0,-30.21051
1181953906.25,-30.21678
1181954062.5,-30.21689
1181954218.75,-30.22397
1181954375.0,-30.22112
1181954531.25,-30.22686
1181954687.5,-30.23044
1181954843.75,-30.22196
1181955000.0,-30.22583
1181955156.25,-30.2246
1181955312.5,-30.24145
1181955468.75,-30.23876
1181955625.0,-30.23872
1181955781.25,-30.2484
1181955937.5,-30.24707
1181956093.75,-30.24586
1181956250.0,-30.24835
1181956406.25,-30.24676
1181956562.5,-30.25138
1181956718.75,-30.25246
1181956875.0,-30.25254
1181957031.25,-30.25051
1181957187.5,-30.26258
1181957343.75,-30.2584
1181957500.0,-30.26067
1181957656.25,-30.26681
1181957812.5,-30.26839
1181957968.75,-30.26944
1181958125.0,-30.27864
1181958281.25,-30.27537
1181958437.5,-30.27463
1181958593.75,-30.27557
1181958750.0,-30.27985
1181958906.25,-30.27893
1181959062.5,-30.2755
1181959218.75,-30.29032
1181959375.0,-30.29062
1181959531.25,-30.29209
1181959687.5,-30.29201
1181959843.75,-30.29334
1181960000.0,-30.29483
1181960156.25,-30.29184
1181960312.5,-30.29877
1181960468.75,-30.29627
1181960625.0,-30.29811
1181960781.25,-30.30265
1181960937.5,-30.30958
1181961093.75,-30.30683
1181961250.0,-30.30873
1181961406.25,-30.31772
1181961562.5,-30.31989
1181961718.75,-30.31425
1181961875.0,-30.32167
1181962031.25,-30.32273
1181962187.5,-30.31968
1181962343.75,-30.32166
1181962500.0,-30.32457
1181962656.25,-30.32644
1181962812.5,-30.32489
1181962968.75,-30.33475
1181963125.0,-30.33568
1181963281.25,-30.33696
1181963437.5,-30.34092
1181963593.75,-30.34148
1181963750.0,-30.34631
1181963906.25,-30.34102
1181964062.5,-30.3471
1181964218.75,-30.34906
1181964375.0,-30.35259
1181964531.25,-30.3551
1181964687.5,-30.36083
1181964843.75,-30.35476
1181965000.0,-30.35405
1181965156.25,-30.36459
1181965312.5,-30.35883
1181965468.75,-30.36327
1181965625.0,-30.37106
1181965781.25,-30.37167
1181965937.5,-30.37019
1181966093.75,-30.37642
1181966250.0,-30.37399
1181966406.25,-30.37911
1181966562.5,-30.38225
1181966718.75,-30.38296
1181966875.0,-30.3831
1181967031.25,-30.38874
1181967187.5,-30.38867
1181967343.75,-30.3871
1181967500.0,-30.38793
1181967656.25,-30.39338
1181967812.5,-30.3948
1181967968.75,-30.39497
1181968125.0,-30.39999
1181968281.25,-30.4006
1181968437.5,-30.3997
1181968593.75,-30.40957
1181968750.0,-30.4039
1181968906.25,-30.41077
1181969062.5,-30.41048
1181969218.75,-30.41651
1181969375.0,-30.41391
1181969531.25,-30.41558
1181969687.5,-30.41815
1181969843.75,-30.42051
1181970000.0,-30.41678
1181970156.25,-30.42538
1181970312.5,-30.42957
1181970468.75,-30.42954
1181970625.0,-30.43214
1181970781.25,-30.43408
1181970937.5,-30.4354
1181971093.75,-30.43847
1181971250.0,-30.43884
1181971406.25,-30.44356
1181971562.5,-30.43932
1181971718.75,-30.44535
1181971875.0,-30.44719
1181972031.25,-30.44741
1181972187.5,-30.45098
1181972343.75,-30.45516
1181972500.0,-30.45337
1181972656.25,-30.46359
1181972812.5,-30.45274
1181972968.75,-30.45812
1181973125.0,-30.46461
1181973281.25,-30.46386
1181973437.5,-30.47225
1181973593.75,-30.46936
1181973750.0,-30.47266
1181973906.25,-30.47295
1181974062.5,-30.47616
1181974218.75,-30.47925
1181974375.0,-30.47792
1181974531.25,-30.48028
1181974687.5,-30.48414
1181974843.75,-30.48627
1181975000.0,-30.49378
1181975156.25,-30.49301
1181975312.5,-30.49608
1181975468.75,-30.49469
1181975625.0,-30.50036
1181975781.25,-30.49568
1181975937.5,-30.49939
1181976093.75,-30.51409
1181976250.0,-30.50421
1181976406.25,-30.50895
1181976562.5,-30.51102
1181976718.75,-30.50862
1181976875.0,-30.51475
1181977031.25,-30.51521
1181977187.5,-30.51844
1181977343.75,-30.51709
1181977500.0,-30.52058
1181977656.25,-30.52126
1181977812.5,-30.5215
1181977968.75,-30.52546
1181978125.0,-30.52618
1181978281.25,-30.52496
1181978437.5,-30.52981
1181978593.75,-30.53294
1181978750.0,-30.53914
1181978906.25,-30.53757
1181979062.5,-30.53754
1181979218.75,-30.54431
1181979375.0,-30.54294
1181979531.25,-30.54492
1181979687.5,-30.54849
1181979843.75,-30.54823
1181980000.0,-30.54972
1181980156.25,-30.55278
1181980312.5,-30.55621
1181980468.75,-30.55598
1181980625.0,-30.55484
1181980781.25,-30.55943
1181980937.5,-30.5623
1181981093.75,-30.56291
1181981250.0,-30.56099
1181981406.25,-30.56953
1181981562.5,-30.56682
1181981718.75,-30.57309
1181981875.0,-30.5767
1181982031.25,-30.57729
1181982187.5,-30.57857
1181982343.75,-30.57883
1181982500.0,-30.58024
1181982656.25,-30.58278
1181982812.5,-30.58447
1181982968.75,-30.59063
1181983125.0,-30.59132
1181983281.25,-30.59081
1181983437.5,-30.59613
1181983593.75,-30.59724
1181983750.0,-30.59927
1181983906.25,-30.60213
1181984062.5,-30.60307
1181984218.75,-30.60746
1181984375.0,-30.6072
1181984531.25,-30.59875
1181984687.5,-30.61195
1181984843.75,-30.61049
1181985000.0,-30.61131
1181985156.25,-30.61421
1181985312.5,-30.61875
1181985468.75,-30.62272
1181985625.0,-30.62038
1181985781.25,-30.6203
1181985937.5,-30.62486
1181986093.75,-30.62661
1181986250.0,-30.62897
1181986406.25,-30.6317
1181986562.5,-30.62947
1181986718.75,-30.62871
1181986875.0,-30.64095
1181987031.25,-30.64307
1181987187.5,-30.64134
1181987343.75,-30.6459
1181987500.0,-30.643
1181987656.25,-30.64347
1181987812.5,-30.64571
1181987968.75,-30.65064
1181988125.0,-30.65275
1181988281.25,-30.65703
1181988437.5,-30.6575
1181988593.75,-30.65587
1181988750.0,-30.65712
1181988906.25,-30.66731
1181989062.5,-30.67021
1181989218.75,-30.66608
1181989375.0,-30.67155
1181989531.25,-30.66718
1181989687.5,-30.66977
1181989843.75,-30.6743
1181990000.0,-30.67769
1181990156.25,-30.67641
1181990312.5,-30.6782
1181990468.75,-30.68266
1181990625.0,-30.68486
1181990781.25,-30.69265
1181990937.5,-30.68819
1181991093.75,-30.69089
1181991250.0,-30.69173
1181991406.25,-30.69785
1181991562.5,-30.69505
1181991718.75,-30.68943
1181991875.0,-30.70122
1181992031.25,-30.70152
1181992187.5,-30.70326
1181992343.75,-30.70562
1181992500.0,-30.70177
1181992656.25,-30.70691
1181992812.5,-30.70857
1181992968.75,-30.71704
1181993125.0,-30.71724
1181993281.25,-30.71226
1181993437.5,-30.71283
1181993593.75,-30.72225
1181993750.0,-30.72099
1181993906.25,-30.72197
1181994062.5,-30.72185
1181994218.75,-30.72748
1181994375.0,-30.72978
1181994531.25,-30.73067
1181994687.5,-30.73355
1181994843.75,-30.73491
1181995000.0,-30.73329
1181995156.25,-30.74071
1181995312.5,-30.73867
1181995468.75,-30.74775
1181995625.0,-30.74797
1181995781.25,-30.74419
1181995937.5,-30.7546
1181996093.75,-30.74792
1181996250.0,-30.75229
1181996406.25,-30.75953
1181996562.5,-30.75867
1181996718.75,-30.75816
1181996875.0,-30.76253
1181997031.25,-30.76716
1181997187.5,-30.76069
1181997343.75,-30.76398
1181997500.0,-30.77663
1181997656.25,-30.77022
1181997812.5,-30.77087
1181997968.75,-30.77592
1181998125.0,-30.77838
1181998281.25,-30.77711
1181998437.5,-30.77935
1181998593.75,-30.78007
1181998750.0,-30.78142
1181998906.25,-30.78608
1181999062.5,-30.79069
1181999218.75,-30.79716
1181999375.0,-30.78598
1181999531.25,-30.79008
1181999687.5,-30.79897
1181999843.75,-30.80213
1182000000.0,-30.80212
1182000156.25,-30.80412
1182000312.5,-30.80717
1182000468.75,-30.81041
1182000625.0,-30.81228
1182000781.25,-30.81557
1182000937.5,-30.80681
1182001093.75,-30.81227
1182001250.0,-30.81209
1182001406.25,-30.81633
1182001562.5,-30.8126
1182001718.75,-30.81624
1182001875.0,-30.82676
1182002031.25,-30.82214
1182002187.5,-30.82872
1182002343.75,-30.82836
1182002500.0,-30.82366
1182002656.25,-30.83633
1182002812.5,-30.82928
1182002968.75,-30.84186
1182003125.0,-30.83651
1182003281.25,-30.83807
1182003437.5,-30.84116
1182003593.75,-30.8432
1182003750.0,-30.84519
1182003906.25,-30.84322
1182004062.5,-30.85516
1182004218.75,-30.84995
1182004375.0,-30.85085
1182004531.25,-30.8531
1182004687.5,-30.8534
1182004843.75,-30.85348
1182005000.0,-30.8595
1182005156.25,-30.8666
1182005312.5,-30.86713
1182005468.75,-30.87022
1182005625.0,-30.87142
1182005781.25,-30.8688
1182005937.5,-30.86725
1182006093.75,-30.87536
1182006250.0,-30.87419
1182006406.25,-30.87446
1182006562.5,-30.87707
1182006718.75,-30.89013
1182006875.0,-30.88458
1182007031.25,-30.88237
1182007187.5,-30.89172
1182007343.75,-30.88538
1182007500.0,-30.89314
1182007656.25,-30.89565
1182007812.5,-30.89425
1182007968.75,-30.90101
1182008125.0,-30.89272
1182008281.25,-30.89488
1182008437.5,-30.90068
1182008593.75,-30.90615
1182008750.0,-30.90382
1182008906.25,-30.91035
1182009062.5,-30.90963
1182009218.75,-30.90464
1182009375.0,-30.91433
1182009531.25,-30.91555
1182009687.5,-30.91522
1182009843.75,-30.92077
1182010000.0,-30.92654
1182010156.25,-30.9222
1182010312.5,-30.92654
1182010468.75,-30.92214
1182010625.0,-30.92938
1182010781.25,-30.92983
1182010937.5,-30.9342
1182011093.75,-30.93091
1182011250.0,-30.93941
1182011406.25,-30.9402
1182011562.5,-30.94321
1182011718.75,-30.94113
1182011875.0,-30.94061
1182012031.25,-30.94451
1182012187.5,-30.94557
1182012343.75,-30.94332
1182012500.0,-30.95022
1182012656.25,-30.9534
1182012812.5,-30.95507
1182012968.75,-30.95353
1182013125.0,-30.9517
1182013281.25,-30.9552
1182013437.5,-30.95923
1182013593.75,-30.9619
1182013750.0,-30.96679
1182013906.25,-30.96476
1182014062.5,-30.97371
1182014218.75,-30.97161
1182014375.0,-30.974
1182014531.25,-30.97558
1182014687.5,-30.98322
1182014843.75,-30.97873
1182015000.0,-30.98484
1182015156.25,-30.98396
1182015312.5,-30.98664
1182015468.75,-30.97822
1182015625.0,-30.98655
1182015781.25,-30.98973
1182015937.5,-30.99212
1182016093.75,-30.99394
1182016250.0,-30.99944
1182016406.25,-31.00377
1182016562.5,-31.00209
1182016718.75,-31.00332
1182016875.0,-31.0011
1182017031.25,-31.00523
1182017187.5,-31.00729
1182017343.75,-31.0063
1182017500.0,-31.00849
1182017656.25,-31.01284
1182017812.5,-31.01406
1182017968.75,-31.02077
1182018125.0,-31.02327
1182018281.25,-31.01992
1182018437.5,-31.02168
1182018593.75,-31.02864
1182018750.0,-31.02497
1182018906.25,-31.03018
1182019062.5,-31.02982
1182019218.75,-31.03334
1182019375.0,-31.03287
1182019531.25,-31.03004
1182019687.5,-31.03796
1182019843.75,-31.04216
1182020000.0,-31.03962
1182020156.25,-31.04519
1182020312.5,-31.0511
1182020468.75,-31.0424
1182020625.0,-31.04763
1182020781.25,-31.04944
1182020937.5,-31.05452
1182021093.75,-31.05826
1182021250.0,-31.05382
1182021406.25,-31.05662
1182021562.5,-31.06317
1182021718.75,-31.06693
1182021875.0,-31.06487
1182022031.25,-31.0703
1182022187.5,-31.06805
1182022343.75,-31.07355
1182022500.0,-31.06888
1182022656.25,-31.07682
1182022812.5,-31.07124
1182022968.75,-31.07851
1182023125.0,-31.07512
1182023281.25,-31.07828
1182023437.5,-31.07601
1182023593.75,-31.0813
1182023750.0,-31.0898
1182023906.25,-31.09097
1182024062.5,-31.09302
1182024218.75,-31.09253
1182024375.0,-31.08935
1182024531.25,-31.09699
1182024687.5,-31.09176
1182024843.75,-31.09934
1182025000.0,-31.09381
1182025156.25,-31.10376
1182025312.5,-31.10879
1182025468.75,-31.11079
1182025625.0,-31.10482
1182025781.25,-31.10925
1182025937.5,-31.11569
1182026093.75,-31.11068
1182026250.0,-31.11563
1182026406.25,-31.12386
1182026562.5,-31.12276
1182026718.75,-31.1227
1182026875.0,-31.12202
1182027031.25,-31.12114
1182027187.5,-31.13021
1182027343.75,-31.13074
1182027500.0,-31.1296
1182027656.25,-31.13269
1182027812.5,-31.13052
1182027968.75,-31.13159
1182028125.0,-31.14226
1182028281.25,-31.14244
1182028437.5,-31.14115
1182028593.75,-31.14966
1182028750.0,-31.14253
1182028906.25,-31.15101
1182029062.5,-31.14984
1182029218.75,-31.15498
1182029375.0,-31.14969
1182029531.25,-31.15751
1182029687.5,-31.1549
1182029843.75,-31.15428
1182030000.0,-31.16041
1182030156.25,-31.15739
1182030312.5,-31.16495
1182030468.75,-31.17246
1182030625.0,-31.1654
1182030781.25,-31.168
1182030937.5,-31.1712
1182031093.75,-31.16814
1182031250.0,-31.17471
1182031406.25,-31.17703
1182031562.5,-31.18306
1182031718.75,-31.18147
1182031875.0,-31.1845
1182032031.25,-31.18508
1182032187.5,-31.18393
1182032343.75,-31.1907
1182032500.0,-31.18546
1182032656.25,-31.19586
1182032812.5,-31.18531
1182032968.75,-31.1988
1182033125.0,-31.19935
1182033281.25,-31.19773
1182033437.5,-31.1983
1182033593.75,-31.20154
1182033750.0,-31.20118
1182033906.25,-31.20708
1182034062.5,-31.20703
1182034218.75,-31.20584
1182034375.0,-31.21406
1182034531.25,-31.20904
1182034687.5,-31.21155
1182034843.75,-31.2233
1182035000.0,-31.22262
1182035156.25,-31.22232
1182035312.5,-31.22314
1182035468.75,-31.22672
1182035625.0,-31.22414
1182035781.25,-31.2262
1182035937.5,-31.2315
1182036093.75,-31.23606
1182036250.0,-31.22822
1182036406.25,-31.23804
1182036562.5,-31.23606
1182036718.75,-31.2408
1182036875.0,-31.24644
1182037031.25,-31.24436
1182037187.5,-31.24606
1182037343.75,-31.25206
1182037500.0,-31.24541
1182037656.25,-31.25203
1182037812.5,-31.25687
1182037968.75,-31.25619
1182038125.0,-31.25675
1182038281.25,-31.25681
1182038437.5,-31.25407
1182038593.75,-31.25452
1182038750.0,-31.25975
1182038906.25,-31.26732
1182039062.5,-31.26697
1182039218.75,-31.26678
1182039375.0,-31.27064
1182039531.25,-31.27434
1182039687.5,-31.27253
1182039843.75,-31.28116
1182040000.0,-31.27986
1182040156.25,-31.28144
1182040312.5,-31.28717
1182040468.75,-31.28059
1182040625.0,-31.28675
1182040781.25,-31.29193
1182040937.5,-31.29159
1182041093.75,-31.28531
1182041250.0,-31.2939
1182041406.25,-31.2911
1182041562.5,-31.29405
1182041718.75,-31.29606
1182041875.0,-31.30086
1182042031.25,-31.30491
1182042187.5,-31.30183
1182042343.75,-31.30887
1182042500.0,-31.30475
1182042656.25,-31.30472
1182042812.5,-31.312
1182042968.75,-31.30608
1182043125.0,-31.31396
1182043281.25,-31.31434
1182043437.5,-31.3188
1182043593.75,-31.31609
1182043750.0,-31.32029
1182043906.25,-31.31882
1182044062.5,-31.32528
1182044218.75,-31.32934
1182044375.0,-31.32318
1182044531.25,-31.33001
1182044687.5,-31.32918
1182044843.75,-31.3342
1182045000.0,-31.3357
1182045156.25,-31.33501
1182045312.5,-31.34065
1182045468.75,-31.34134
1182045625.0,-31.34508
1182045781.25,-31.3503
1182045937.5,-31.35262
1182046093.75,-31.34192
1182046250.0,-31.35554
1182046406.25,-31.35105
1182046562.5,-31.35405
1182046718.75,-31.35757
1182046875.0,-31.36361
1182047031.25,-31.35986
1182047187.5,-31.36373
1182047343.75,-31.36453
1182047500.0,-31.36174
1182047656.25,-31.36278
1182047812.5,-31.36891
1182047968.75,-31.37121
1182048125.0,-31.37071
1182048281.25,-31.36835
1182048437.5,-31.37181
1182048593.75,-31.37842
1182048750.0,-31.38188
1182048906.25,-31.38569
1182049062.5,-31.37919
1182049218.75,-31.37827
1182049375.0,-31.38995
1182049531.25,-31.38021
1182049687.5,-31.38793
1182049843.75,-31.3912
1182050000.0,-31.39444
1182050156.25,-31.38937
1182050312.5,-31.39269
1182050468.75,-31.40655
1182050625.0,-31.39809
1182050781.25,-31.40517
1182050937.5,-31.40316
1182051093.75,-31.4003
1182051250.0,-31.40803
1182051406.25,-31.40379
1182051562.5,-31.40169
1182051718.75,-31.40875
1182051875.0,-31.41461
1182052031.25,-31.41265
1182052187.5,-31.42396
1182052343.75,-31.42467
1182052500.0,-31.4227
1182052656.25,-31.41914
1182052812.5,-31.42556
1182052968.75,-31.42912
1182053125.0,-31.42663
1182053281.25,-31.43133
1182053437.5,-31.43569
1182053593.75,-31.43324
1182053750.0,-31.43012
1182053906.25,-31.42973
1182054062.5,-31.43915
1182054218.75,-31.4389
1182054375.0,-31.4425
1182054531.25,-31.44231
1182054687.5,-31.45107
1182054843.75,-31.45491
1182055000.0,-31.45046
1182055156.25,-31.45436
1182055312.5,-31.45041
1182055468.75,-31.4547
1182055625.0,-31.45337
1182055781.25,-31.46308
1182055937.5,-31.46388
1182056093.75,-31.4658
1182056250.0,-31.46175
1182056406.25,-31.46039
1182056562.5,-31.47917
1182056718.75,-31.46652
1182056875.0,-31.47194
1182057031.25,-31.46797
1182057187.5,-31.47292
1182057343.75,-31.47487
1182057500.0,-31.48473
1182057656.25,-31.48001
1182057812.5,-31.48361
1182057968.75,-31.47853
1182058125.0,-31.48789
1182058281.25,-31.48261
1182058437.5,-31.49122
1182058593.75,-31.4924
1182058750.0,-31.48677
1182058906.25,-31.501
1182059062.5,-31.4961
1182059218.75,-31.49164
1182059375.0,-31.5044
1182059531.25,-31.49777
1182059687.5,-31.5057
1182059843.75,-31.50428
1182060000.0,-31.50552
1182060156.25,-31.51148
1182060312.5,-31.51006
1182060468.75,-31.51419
1182060625.0,-31.51036
1182060781.25,-31.51105
1182060937.5,-31.52069
1182061093.75,-31.52523
1182061250.0,-31.52291
1182061406.25,-31.52165
1182061562.5,-31.52291
1182061718.75,-31.52035
1182061875.0,-31.53452
1182062031.25,-31.53212
1182062187.5,-31.53528
1182062343.75,-31.53495
1182062500.0,-31.53334
1182062656.25,-31.53793
1182062812.5,-31.53587
1182062968.75,-31.54286
1182063125.0,-31.53969
1182063281.25,-31.54505
1182063437.5,-31.55365
1182063593.75,-31.55335
1182063750.0,-31.54418
1182063906.25,-31.55413
1182064062.5,-31.55979
1182064218.75,-31.5556
1182064375.0,-31.55468
1182064531.25,-31.55836
1182064687.5,-31.55886
1182064843.75,-31.56093
1182065000.0,-31.56107
1182065156.25,-31.56396
1182065312.5,-31.57173
1182065468.75,-31.57128
1182065625.0,-31.57076
1182065781.25,-31.57389
1182065937.5,-31.57464
1182066093.75,-31.57496
1182066250.0,-31.57674
1182066406.25,-31.58665
1182066562.5,-31.58636
1182066718.75,-31.58372
1182066875.0,-31.58314
1182067031.25,-31.58283
1182067187.5,-31.58853
1182067343.75,-31.59337
1182067500.0,-31.60478
1182067656.25,-31.59813
1182067812.5,-31.59528
1182067968.75,-31.60135
1182068125.0,-31.60101
1182068281.25,-31.59822
1182068437.5,-31.60492
1182068593.75,-31.60183
1182068750.0,-31.60853
1182068906.25,-31.60201
1182069062.5,-31.60969
1182069218.75,-31.61537
1182069375.0,-31.60696
1182069531.25,-31.60821
1182069687.5,-31.6179
1182069843.75,-31.61715
1182070000.0,-31.61851
1182070156.25,-31.62321
1182070312.5,-31.62213
1182070468.75,-31.62533
1182070625.0,-31.61962
1182070781.25,-31.62622
1182070937.5,-31.63462
1182071093.75,-31.63216
1182071250.0,-31.62825
1182071406.25,-31.63985
1182071562.5,-31.62993
1182071718.75,-31.63845
1182071875.0,-31.63811
1182072031.25,-31.6481
1182072187.5,-31.64302
1182072343.75,-31.64828
1182072500.0,-31.63821
1182072656.25,-31.64608
1182072812.5,-31.65186
1182072968.75,-31.65926
1182073125.0,-31.65277
1182073281.25,-31.65538
1182073437.5,-31.66032
1182073593.75,-31.65303
1182073750.0,-31.66195
1182073906.25,-31.65926
1182074062.5,-31.66103
1182074218.75,-31.66872
1182074375.0,-31.66497
1182074531.25,-31.66482
1182074687.5,-31.67175
1182074843.75,-31.67299
1182075000.0,-31.6729
1182075156.25,-31.6755
1182075312.5,-31.6767
1182075468.75,-31.68237
1182075625.0,-31.684
1182075781.25,-31.68039
1182075937.5,-31.68331
1182076093.75,-31.68289
1182076250.0,-31.69246
1182076406.25,-31.69176
1182076562.5,-31.70012
1182076718.75,-31.69378
1182076875.0,-31.6957
1182077031.25,-31.69259
1182077187.5,-31.70611
1182077343.75,-31.69298
1182077500.0,-31.70354
1182077656.25,-31.70415
1182077812.5,-31.70843
1182077968.75,-31.70845
1182078125.0,-31.709
1182078281.25,-31.70663
1182078437.5,-31.71339
1182078593.75,-31.71817
1182078750.0,-31.71558
1182078906.25,-31.72235
1182079062.5,-31.7212
1182079218.75,-31.7263
1182079375.0,-31.72381
1182079531.25,-31.72015
1182079687.5,-31.72833
1182079843.75,-31.72709
1182080000.0,-31.72535
1182080156.25,-31.72822
1182080312.5,-31.74438
1182080468.75,-31.73867
1182080625.0,-31.73079
1182080781.25,-31.73909
1182080937.5,-31.74733
1182081093.75,-31.75431
1182081250.0,-31.74064
1182081406.25,-31.74509
1182081562.5,-31.75141
1182081718.75,-31.7493
1182081875.0,-31.74195
1182082031.25,-31.7514
1182082187.5,-31.7636
1182082343.75,-31.76029
1182082500.0,-31.76001
1182082656.25,-31.76082
1182082812.5,-31.76366
1182082968.75,-31.76043
1182083125.0,-31.77335
1182083281.25,-31.77077
1182083437.5,-31.76503
1182083593.75,-31.77341
1182083750.0,-31.7818
1182083906.25,-31.77429
1182084062.5,-31.78216
1182084218.75,-31.77262
1182084375.0,-31.78361
1182084531.25,-31.77846
1182084687.5,-31.77893
1182084843.75,-31.78489
1182085000.0,-31.78118
1182085156.25,-31.78929
1182085312.5,-31.78742
1182085468.75,-31.78596
1182085625.0,-31.79605
1182085781.25,-31.79616
1182085937.5,-31.79968
1182086093.75,-31.79801
1182086250.0,-31.80078
1182086406.25,-31.80229
1182086562.5,-31.79877
1182086718.75,-31.80719
1182086875.0,-31.80186
1182087031.25,-31.81149
1182087187.5,-31.80841
1182087343.75,-31.81112
1182087500.0,-31.81169
1182087656.25,-31.818
1182087812.5,-31.81027
1182087968.75,-31.82143
1182088125.0,-31.81845
1182088281.25,-31.82034
1182088437.5,-31.82481
1182088593.75,-31.82553
1182088750.0,-31.82663
1182088906.25,-31.82844
1182089062.5,-31.82412
1182089218.75,-31.83671
1182089375.0,-31.83358
1182089531.25,-31.83811
1182089687.5,-31.83193
1182089843.75,-31.84291
1182090000.0,-31.83941
1182090156.25,-31.84417
1182090312.5,-31.8494
1182090468.75,-31.84686
1182090625.0,-31.85169
1182090781.25,-31.84992
1182090937.5,-31.84419
1182091093.75,-31.85356
1182091250.0,-31.85607
1182091406.25,-31.85889
1182091562.5,-31.85104
1182091718.75,-31.86446
1182091875.0,-31.85849
1182092031.25,-31.85836
1182092187.5,-31.86673
1182092343.75,-31.86318
1182092500.0,-31.86902
1182092656.25,-31.86607
1182092812.5,-31.87034
1182092968.75,-31.87641
1182093125.0,-31.86996
1182093281.25,-31.88024
1182093437.5,-31.88145
1182093593.75,-31.8806
1182093750.0,-31.87948
1182093906.25,-31.88042
1182094062.5,-31.88659
1182094218.75,-31.8941
1182094375.0,-31.88893
1182094531.25,-31.89036
1182094687.5,-31.89048
1182094843.75,-31.88815
1182095000.0,-31.90024
1182095156.25,-31.89764
1182095312.5,-31.89773
1182095468.75,-31.90056
1182095625.0,-31.9002
1182095781.25,-31.90358
1182095937.5,-31.90811
1182096093.75,-31.91141
1182096250.0,-31.91553
1182096406.25,-31.91667
1182096562.5,-31.914
1182096718.75,-31.9101
1182096875.0,-31.91677
1182097031.25,-31.92101
1182097187.5,-31.91984
1182097343.75,-31.92963
1182097500.0,-31.92377
1182097656.25,-31.92351
1182097812.5,-31.92583
1182097968.75,-31.92936
1182098125.0,-31.92991
1182098281.25,-31.92566
1182098437.5,-31.93229
1182098593.75,-31.93467
1182098750.0,-31.9401
1182098906.25,-31.93802
1182099062.5,-31.94334
1182099218.75,-31.94098
1182099375.0,-31.94651
1182099531.25,-31.94361
1182099687.5,-31.94548
1182099843.75,-31.94757
1182100000.0,-31.95009
1182100156.25,-31.95646
1182100312.5,-31.95563
1182100468.75,-31.95669
1182100625.0,-31.96364
1182100781.25,-31.95843
1182100937.5,-31.96151
1182101093.75,-31.96138
1182101250.0,-31.96842
1182101406.25,-31.96465
1182101562.5,-31.96886
1182101718.75,-31.96735
1182101875.0,-31.96526
1182102031.25,-31.97136
1182102187.5,-31.98088
1182102343.75,-31.9733
1182102500.0,-31.97492
1182102656.25,-31.98183
1182102812.5,-31.97511
1182102968.75,-31.98145
1182103125.0,-31.98453
1182103281.25,-31.98782
1182103437.5,-31.98898
1182103593.75,-31.98881
1182103750.0,-31.98991
1182103906.25,-31.9967
1182104062.5,-31.99414
1182104218.75,-31.99175
1182104375.0,-32.00098
1182104531.25,-31.99871
1182104687.5,-32.00606
1182104843.75,-32.00965
1182105000.0,-32.00803
1182105156.25,-32.00583
1182105312.5,-32.00594
1182105468.75,-32.00772
1182105625.0,-32.01356
1182105781.25,-32.00934
1182105937.5,-32.01193
1182106093.75,-32.01551
1182106250.0,-32.01941
1182106406.25,-32.01651
1182106562.5,-32.02009
1182106718.75,-32.0232
1182106875.0,-32.02322
1182107031.25,-32.02444
1182107187.5,-32.02705
1182107343.75,-32.01926
1182107500.0,-32.03067
1182107656.25,-32.03088
1182107812.5,-32.03408
1182107968.75,-32.03185
1182108125.0,-32.03498
1182108281.25,-32.04308
1182108437.5,-32.04214
1182108593.75,-32.04523
1182108750.0,-32.04455
1182108906.25,-32.03908
1182109062.5,-32.04424
1182109218.75,-32.05177
1182109375.0,-32.05048
1182109531.25,-32.04524
1182109687.5,-32.05973
1182109843.75,-32.05363
1182110000.0,-32.05614
1182110156.25,-32.05909
1182110312.5,-32.06097
1182110468.75,-32.0636
1182110625.0,-32.06223
1182110781.25,-32.06582
1182110937.5,-32.06615
1182111093.75,-32.07289
1182111250.0,-32.06779
1182111406.25,-32.07541
1182111562.5,-32.07745
1182111718.75,-32.07689
1182111875.0,-32.08632
1182112031.25,-32.08044
1182112187.5,-32.08127
1182112343.75,-32.08504
1182112500.0,-32.0886
1182112656.25,-32.08538
1182112812.5,-32.08596
1182112968.75,-32.08583
1182113125.0,-32.08442
1182113281.25,-32.0965
1182113437.5,-32.09374
1182113593.75,-32.09795
1182113750.0,-32.09364
1182113906.25,-32.10146
1182114062.5,-32.0976
1182114218.75,-32.09629
1182114375.0,-32.09957
1182114531.25,-32.10493
1182114687.5,-32.10839
1182114843.75,-32.10732
1182115000.0,-32.11353
1182115156.25,-32.10618
1182115312.5,-32.11493
1182115468.75,-32.11836
1182115625.0,-32.11582
1182115781.25,-32.11443
1182115937.5,-32.12077
1182116093.75,-32.13019
1182116250.0,-32.1267
1182116406.25,-32.12357
1182116562.5,-32.11851
1182116718.75,-32.13192
1182116875.0,-32.13186
1182117031.25,-32.13142
1182117187.5,-32.13445
1182117343.75,-32.13401
1182117500.0,-32.14059
1182117656.25,-32.13801
1182117812.5,-32.14032
1182117968.75,-32.14625
1182118125.0,-32.14161
1182118281.25,-32.13591
1182118437.5,-32.14187
1182118593.75,-32.15954
1182118750.0,-32.14693
1182118906.25,-32.15591
1182119062.5,-32.14964
1182119218.75,-32.15151
1182119375.0,-32.15055
1182119531.25,-32.15799
1182119687.5,-32.1551
1182119843.75,-32.15375
1182120000.0,-32.16068
1182120156.25,-32.1697
1182120312.5,-32.16648
1182120468.75,-32.16655
1182120625.0,-32.1691
1182120781.25,-32.17212
1182120937.5,-32.17879
1182121093.75,-32.17812
1182121250.0,-32.18122
1182121406.25,-32.17724
1182121562.5,-32.18746
1182121718.75,-32.17979
1182121875.0,-32.17902
1182122031.25,-32.18516
1182122187.5,-32.18463
1182122343.75,-32.18369
1182122500.0,-32.1894
1182122656.25,-32.18942
1182122812.5,-32.20053
1182122968.75,-32.19894
1182123125.0,-32.201
1182123281.25,-32.19469
1182123437.5,-32.19842
1182123593.75,-32.19944
1182123750.0,-32.20279
1182123906.25,-32.19813
1182124062.5,-32.20858
1182124218.75,-32.21287
1182124375.0,-32.21806
1182124531.25,-32.20261
1182124687.5,-32.21104
1182124843.75,-32.20774
1182125000.0,-32.22081
1182125156.25,-32.21914
1182125312.5,-32.21819
1182125468.75,-32.22448
1182125625.0,-32.2214
1182125781.25,-32.22146
1182125937.5,-32.22383
1182126093.75,-32.22753
1182126250.0,-32.23247
1182126406.25,-32.23666
1182126562.5,-32.235
1182126718.75,-32.2385
1182126875.0,-32.24241
1182127031.25,-32.2369
1182127187.5,-32.23503
1182127343.75,-32.2432
1182127500.0,-32.23327
1182127656.25,-32.24701
1182127812.5,-32.24942
1182127968.75,-32.25153
1182128125.0,-32.25115
1182128281.25,-32.25313
1182128437.5,-32.25455
1182128593.75,-32.2614
1182128750.0,-32.25006
1182128906.25,-32.26139
1182129062.5,-32.25263
1182129218.75,-32.25387
1182129375.0,-32.26117
1182129531.25,-32.27009
1182129687.5,-32.26514
1182129843.75,-32.26767
1182130000.0,-32.2687
1182130156.25,-32.26898
1182130312.5,-32.27034
1182130468.75,-32.27344
1182130625.0,-32.28297
1182130781.25,-32.2757
1182130937.5,-32.28313
1182131093.75,-32.27602
1182131250.0,-32.28673
1182131406.25,-32.27411
1182131562.5,-32.28259
1182131718.75,-32.28274
1182131875.0,-32.29242
1182132031.25,-32.28678
1182132187.5,-32.29385
1182132343.75,-32.29145
1182132500.0,-32.2948
1182132656.25,-32.29663
1182132812.5,-32.3
1182132968.75,-32.29652
1182133125.0,-32.3014
1182133281.25,-32.30235
1182133437.5,-32.30547
1182133593.75,-32.30601
1182133750.0,-32.31352
1182133906.25,-32.30976
1182134062.5,-32.31076
1182134218.75,-32.3187
1182134375.0,-32.30946
1182134531.25,-32.32131
1182134687.5,-32.31649
1182134843.75,-32.32142
1182135000.0,-32.31948
1182135156.25,-32.32159
1182135312.5,-32.32464
1182135468.75,-32.32711
1182135625.0,-32.32825
1182135781.25,-32.32574
1182135937.5,-32.33104
1182136093.75,-32.32747
1182136250.0,-32.33354
1182136406.25,-32.33159
1182136562.5,-32.33287
1182136718.75,-32.3365
1182136875.0,-32.34587
1182137031.25,-32.33795
1182137187.5,-32.34615
1182137343.75,-32.34307
1182137500.0,-32.34878
1182137656.25,-32.3481
1182137812.5,-32.3541
1182137968.75,-32.35651
1182138125.0,-32.3503
1182138281.25,-32.35424
1182138437.5,-32.35555
1182138593.75,-32.36195
1182138750.0,-32.3643
1182138906.25,-32.35821
1182139062.5,-32.36355
1182139218.75,-32.3577
1182139375.0,-32.37011
1182139531.25,-32.36429
1182139687.5,-32.37198
1182139843.75,-32.36201
1182140000.0,-32.36887
1182140156.25,-32.37435
1182140312.5,-32.37422
1182140468.75,-32.38047
1182140625.0,-32.37689
1182140781.25,-32.39137
1182140937.5,-32.37637
1182141093.75,-32.38352
1182141250.0,-32.38945
1182141406.25,-32.3912
1182141562.5,-32.38828
1182141718.75,-32.38797
1182141875.0,-32.39471
1182142031.25,-32.39411
1182142187.5,-32.38517
1182142343.75,-32.394
1182142500.0,-32.39951
1182142656.25,-32.39954
1182142812.5,-32.41088
1182142968.75,-32.40337
1182143125.0,-32.40018
1182143281.25,-32.39778
1182143437.5,-32.41191
1182143593.75,-32.40381
1182143750.0,-32.40471
1182143906.25,-32.40759
1182144062.5,-32.4091
1182144218.75,-32.42098
1182144375.0,-32.41716
1182144531.25,-32.42305
1182144687.5,-32.4096
1182144843.75,-32.41046
1182145000.0,-32.4213
1182145156.25,-32.42902
1182145312.5,-32.43029
1182145468.75,-32.43044
1182145625.0,-32.43014
1182145781.25,-32.42778
1182145937.5,-32.42804
1182146093.75,-32.42841
1182146250.0,-32.43935
1182146406.25,-32.43499
1182146562.5,-32.44568
1182146718.75,-32.44005
1182146875.0,-32.43864
1182147031.25,-32.44215
1182147187.5,-32.44474
1182147343.75,-32.45062
1182147500.0,-32.44551
1182147656.25,-32.44992
1182147812.5,-32.44897
1182147968.75,-32.45336
1182148125.0,-32.45473
1182148281.25,-32.46531
1182148437.5,-32.46093
1182148593.75,-32.46183
1182148750.0,-32.46282
1182148906.25,-32.46014
1182149062.5,-32.46778
1182149218.75,-32.46322
1182149375.0,-32.4701
1182149531.25,-32.47307
1182149687.5,-32.46877
1182149843.75,-32.47577
1182150000.0,-32.47725
1182150156.25,-32.48552
1182150312.5,-32.47769
1182150468.75,-32.47749
1182150625.0,-32.48148
1182150781.25,-32.4844
1182150937.5,-32.48432
1182151093.75,-32.48054
1182151250.0,-32.48429
1182151406.25,-32.49558
1182151562.5,-32.48998
1182151718.75,-32.49573
1182151875.0,-32.48861
1182152031.25,-32.49776
1182152187.5,-32.49421
1182152343.75,-32.49983
1182152500.0,-32.49781
1182152656.25,-32.50113
1182152812.5,-32.51096
1182152968.75,-32.50556
1182153125.0,-32.50956
1182153281.25,-32.50567
1182153437.5,-32.51523
1182153593.75,-32.51252
1182153750.0,-32.52033
1182153906.25,-32.50834
1182154062.5,-32.51646
1182154218.75,-32.52074
1182154375.0,-32.51484
1182154531.25,-32.52099
1182154687.5,-32.51514
1182154843.75,-32.52618
1182155000.0,-32.53031
1182155156.25,-32.52454
1182155312.5,-32.52943
1182155468.75,-32.52852
1182155625.0,-32.53314
1182155781.25,-32.53064
1182155937.5,-32.53093
1182156093.75,-32.53498
1182156250.0,-32.54323
1182156406.25,-32.54201
1182156562.5,-32.53326
1182156718.75,-32.54102
1182156875.0,-32.54126
1182157031.25,-32.54628
1182157187.5,-32.54276
1182157343.75,-32.54607
1182157500.0,-32.5396
1182157656.25,-32.55397
1182157812.5,-32.54304
1182157968.75,-32.5536
1182158125.0,-32.56325
1182158281.25,-32.56268
1182158437.5,-32.56091
1182158593.75,-32.55975
1182158750.0,-32.56135
1182158906.25,-32.56802
1182159062.5,-32.56665
1182159218.75,-32.57307
1182159375.0,-32.57128
1182159531.25,-32.57047
1182159687.5,-32.5751
1182159843.75,-32.56655
1182160000.0,-32.57911
1182160156.25,-32.57243
1182160312.5,-32.58018
1182160468.75,-32.58596
1182160625.0,-32.58063
1182160781.25,-32.58099
1182160937.5,-32.57862
1182161093.75,-32.5793
1182161250.0,-32.58175
1182161406.25,-32.59364
1182161562.5,-32.60187
1182161718.75,-32.58549
1182161875.0,-32.60125
1182162031.25,-32.59556
1182162187.5,-32.60355
1182162343.75,-32.60019
1182162500.0,-32.60584
1182162656.25,-32.60579
1182162812.5,-32.60241
1182162968.75,-32.60661
1182163125.0,-32.60312
1182163281.25,-32.60126
1182163437.5,-32.61422
1182163593.75,-32.60799
1182163750.0,-32.61135
1182163906.25,-32.60724
1182164062.5,-32.6211
1182164218.75,-32.62323
1182164375.0,-32.61989
1182164531.25,-32.62482
1182164687.5,-32.62954
1182164843.75,-32.61623
1182165000.0,-32.6236
1182165156.25,-32.62264
1182165312.5,-32.62935
1182165468.75,-32.62799
1182165625.0,-32.63143
1182165781.25,-32.6354
1182165937.5,-32.63857
1182166093.75,-32.6398
1182166250.0,-32.63686
1182166406.25,-32.64324
1182166562.5,-32.64103
1182166718.75,-32.64341
1182166875.0,-32.63894
1182167031.25,-32.64291
1182167187.5,-32.65446
1182167343.75,-32.6415
1182167500.0,-32.64433
1182167656.25,-32.65115
1182167812.5,-32.6522
1182167968.75,-32.65752
1182168125.0,-32.6536
1182168281.25,-32.65266
1182168437.5,-32.66174
1182168593.75,-32.65567
1182168750.0,-32.66253
1182168906.25,-32.66265
1182169062.5,-32.65919
1182169218.75,-32.66824
1182169375.0,-32.66253
1182169531.25,-32.67347
1182169687.5,-32.67247
1182169843.75,-32.66615
1182170000.0,-32.67387
1182170156.25,-32.68145
1182170312.5,-32.68
1182170468.75,-32.67389
1182170625.0,-32.68138
1182170781.25,-32.69009
1182170937.5,-32.69371
1182171093.75,-32.68874
1182171250.0,-32.68628
1182171406.25,-32.69195
1182171562.5,-32.68657
1182171718.75,-32.68402
1182171875.0,-32.69739
1182172031.25,-32.68872
1182172187.5,-32.69878
1182172343.75,-32.69601
1182172500.0,-32.70395
1182172656.25,-32.69511
1182172812.5,-32.7074
1182172968.75,-32.70728
1182173125.0,-32.70721
1182173281.25,-32.71292
1182173437.5,-32.71313
1182173593.75,-32.71682
1182173750.0,-32.71549
1182173906.25,-32.71169
1182174062.5,-32.71753
1182174218.75,-32.72412
1182174375.0,-32.71719
1182174531.25,-32.7169
1182174687.5,-32.72139
1182174843.75,-32.71979
1182175000.0,-32.72105
1182175156.25,-32.73356
1182175312.5,-32.73402
1182175468.75,-32.72343
1182175625.0,-32.73161
1182175781.25,-32.73903
1182175937.5,-32.73098
1182176093.75,-32.73162
1182176250.0,-32.73706
1182176406.25,-32.74453
1182176562.5,-32.74269
1182176718.75,-32.74694
1182176875.0,-32.74097
1182177031.25,-32.74363
1182177187.5,-32.74023
1182177343.75,-32.74354
1182177500.0,-32.75134
1182177656.25,-32.75146
1182177812.5,-32.75295
1182177968.75,-32.75262
1182178125.0,-32.75074
1182178281.25,-32.75847
1182178437.5,-32.76225
1182178593.75,-32.75854
1182178750.0,-32.76745
1182178906.25,-32.763
1182179062.5,-32.77455
1182179218.75,-32.7672
1182179375.0,-32.76814
1182179531.25,-32.77421
1182179687.5,-32.77017
1182179843.75,-32.77171
1182180000.0,-32.78228
1182180156.25,-32.77568
1182180312.5,-32.78124
1182180468.75,-32.78801
1182180625.0,-32.78425
1182180781.25,-32.77464
1182180937.5,-32.7836
1182181093.75,-32.7865
1182181250.0,-32.78545
1182181406.25,-32.78838
1182181562.5,-32.78321
1182181718.75,-32.80234
1182181875.0,-32.79909
1182182031.25,-32.79204
1182182187.5,-32.78912
1182182343.75,-32.79179
1182182500.0,-32.79403
1182182656.25,-32.80011
1182182812.5,-32.79996
1182182968.75,-32.80726
1182183125.0,-32.80302
1182183281.25,-32.80587
1182183437.5,-32.80507
1182183593.75,-32.81062
1182183750.0,-32.81812
1182183906.25,-32.81782
1182184062.5,-32.81182
1182184218.75,-32.81824
1182184375.0,-32.80545
1182184531.25,-32.82615
1182184687.5,-32.81297
1182184843.75,-32.82665
1182185000.0,-32.8241
1182185156.25,-32.82161
1182185312.5,-32.82689
1182185468.75,-32.82623
1182185625.0,-32.83887
1182185781.25,-32.82679
1182185937.5,-32.83632
1182186093.75,-32.83644
1182186250.0,-32.83211
1182186406.25,-32.83988
1182186562.5,-32.83541
1182186718.75,-32.8395
1182186875.0,-32.83493
1182187031.25,-32.84261
1182187187.5,-32.84758
1182187343.75,-32.84824
1182187500.0,-32.8559
1182187656.25,-32.85159
1182187812.5,-32.8501
1182187968.75,-32.85546
1182188125.0,-32.85867
1182188281.25,-32.86915
1182188437.5,-32.85862
1182188593.75,-32.85787
1182188750.0,-32.86394
1182188906.25,-32.86927
1182189062.5,-32.86079
1182189218.75,-32.86541
1182189375.0,-32.86742
1182189531.25,-32.87057
1182189687.5,-32.87338
1182189843.75,-32.87251
1182190000.0,-32.87904
1182190156.25,-32.86797
1182190312.5,-32.87616
1182190468.75,-32.87587
1182190625.0,-32.87408
1182190781.25,-32.88435
1182190937.5,-32.8771
1182191093.75,-32.88931
1182191250.0,-32.89008
1182191406.25,-32.89169
1182191562.5,-32.88873
1182191718.75,-32.89177
1182191875.0,-32.89444
1182192031.25,-32.88933
1182192187.5,-32.89519
1182192343.75,-32.90175
1182192500.0,-32.9013
1182192656.25,-32.89934
1182192812.5,-32.90623
1182192968.75,-32.90339
1182193125.0,-32.90242
1182193281.25,-32.90873
1182193437.5,-32.9101
1182193593.75,-32.89731
1182193750.0,-32.91806
1182193906.25,-32.90768
1182194062.5,-32.91731
1182194218.75,-32.91675
1182194375.0,-32.91387
1182194531.25,-32.92099
1182194687.5,-32.91727
1182194843.75,-32.92049
1182195000.0,-32.92204
1182195156.25,-32.92333
1182195312.5,-32.92493
1182195468.75,-32.92562
1182195625.0,-32.92607
1182195781.25,-32.92527
1182195937.5,-32.93155
1182196093.75,-32.9198
1182196250.0,-32.93397
1182196406.25,-32.93473
1182196562.5,-32.93628
1182196718.75,-32.93316
1182196875.0,-32.94353
1182197031.25,-32.9422
1182197187.5,-32.94144
1182197343.75,-32.95216
1182197500.0,-32.9512
1182197656.25,-32.94012
1182197812.5,-32.95824
1182197968.75,-32.94885
1182198125.0,-32.95448
1182198281.25,-32.95173
1182198437.5,-32.94748
1182198593.75,-32.9563
1182198750.0,-32.95541
1182198906.25,-32.95635
1182199062.5,-32.95326
1182199218.75,-32.96542
1182199375.0,-32.96184
1182199531.25,-32.96991
1182199687.5,-32.96586
1182199843.75,-32.96498
1182200000.0,-32.96261
1182200156.25,-32.96219
1182200312.5,-32.96835
1182200468.75,-32.975
1182200625.0,-32.98078
1182200781.25,-32.9805
1182200937.5,-32.97648
1182201093.75,-32.98289
1182201250.0,-32.98067
1182201406.25,-32.99023
1182201562.5,-32.98695
1182201718.75,-32.98925
1182201875.0,-32.98743
1182202031.25,-32.99067
1182202187.5,-32.99765
1182202343.75,-32.99261
1182202500.0,-32.9953
1182202656.25,-32.99435
1182202812.5,-33.00283
1182202968.75,-33.00272
1182203125.0,-32.99669
1182203281.25,-33.00095
1182203437.5,-33.00126
1182203593.75,-32.99791
1182203750.0,-33.00404
1182203906.25,-33.00967
1182204062.5,-33.01467
1182204218.75,-33.0187
1182204375.0,-33.00914
1182204531.25,-33.00764
1182204687.5,-33.01403
1182204843.75,-33.0164
1182205000.0,-33.01899
1182205156.25,-33.00733
1182205312.5,-33.01955
1182205468.75,-33.02116
1182205625.0,-33.01596
1182205781.25,-33.01725
1182205937.5,-33.03248
1182206093.75,-33.02551
1182206250.0,-33.03036
1182206406.25,-33.0297
1182206562.5,-33.03224
1182206718.75,-33.02958
1182206875.0,-33.03384
1182207031.25,-33.03926
1182207187.5,-33.03673
1182207343.75,-33.03886
1182207500.0,-33.04055
1182207656.25,-33.03281
1182207812.5,-33.03988
1182207968.75,-33.05393
1182208125.0,-33.05169
1182208281.25,-33.04393
1182208437.5,-33.05305
1182208593.75,-33.04663
1182208750.0,-33.05837
1182208906.25,-33.05227
1182209062.5,-33.05129
1182209218.75,-33.06212
1182209375.0,-33.07001
1182209531.25,-33.05426
1182209687.5,-33.0613
1182209843.75,-33.06337
1182210000.0,-33.0755
1182210156.25,-33.07304
1182210312.5,-33.07212
1182210468.75,-33.07698
1182210625.0,-33.07129
1182210781.25,-33.08125
1182210937.5,-33.07013
1182211093.75,-33.08329
1182211250.0,-33.07272
1182211406.25,-33.08051
1182211562.5,-33.07619
1182211718.75,-33.08315
1182211875.0,-33.08307
1182212031.25,-33.09037
1182212187.5,-33.07867
1182212343.75,-33.08879
1182212500.0,-33.08191
1182212656.25,-33.09104
1182212812.5,-33.09241
1182212968.75,-33.08699
1182213125.0,-33.09236
1182213281.25,-33.09846
1182213437.5,-33.09826
1182213593.75,-33.09489
1182213750.0,-33.0976
1182213906.25,-33.09872
1182214062.5,-33.10201
1182214218.75,-33.10112
1182214375.0,-33.10264
1182214531.25,-33.10775
1182214687.5,-33.11089
1182214843.75,-33.10561
1182215000.0,-33.11194
1182215156.25,-33.11237
1182215312.5,-33.11938
1182215468.75,-33.11542
1182215625.0,-33.12633
1182215781.25,-33.11701
1182215937.5,-33.12642
1182216093.75,-33.1233
1182216250.0,-33.12882
1182216406.25,-33.12801
1182216562.5,-33.12136
1182216718.75,-33.12949
1182216875.0,-33.12699
1182217031.25,-33.13438
1182217187.5,-33.12928
1182217343.75,-33.13645
1182217500.0,-33.1376
1182217656.25,-33.1423
1182217812.5,-33.14231
1182217968.75,-33.14773
1182218125.0,-33.13818
1182218281.25,-33.14725
1182218437.5,-33.14867
1182218593.75,-33.14527
1182218750.0,-33.15093
1182218906.25,-33.1456
1182219062.5,-33.15387
1182219218.75,-33.15204
1182219375.0,-33.15018
1182219531.25,-33.15905
1182219687.5,-33.1568
1182219843.75,-33.16354
1182220000.0,-33.15313
1182220156.25,-33.15832
1182220312.5,-33.15868
1182220468.75,-33.16651
1182220625.0,-33.16511
1182220781.25,-33.16177
1182220937.5,-33.1717
1182221093.75,-33.17218
1182221250.0,-33.17493
1182221406.25,-33.17962
1182221562.5,-33.17981
1182221718.75,-33.17402
1182221875.0,-33.17903
1182222031.25,-33.17248
1182222187.5,-33.17828
1182222343.75,-33.18087
1182222500.0,-33.18809
1182222656.25,-33.18275
1182222812.5,-33.18253
1182222968.75,-33.19958
1182223125.0,-33.18944
1182223281.25,-33.19354
1182223437.5,-33.19072
1182223593.75,-33.19612
1182223750.0,-33.19153
1182223906.25,-33.19557
1182224062.5,-33.20214
1182224218.75,-33.19161
1182224375.0,-33.20681
1182224531.25,-33.20209
1182224687.5,-33.19532
1182224843.75,-33.20309
1182225000.0,-33.20897
1182225156.25,-33.20852
1182225312.5,-33.21493
1182225468.75,-33.21186
1182225625.0,-33.21104
1182225781.25,-33.21693
1182225937.5,-33.21883
1182226093.75,-33.21555
1182226250.0,-33.22075
1182226406.25,-33.22245
1182226562.5,-33.22696
1182226718.75,-33.22654
1182226875.0,-33.22156
1182227031.25,-33.23064
1182227187.5,-33.23298
1182227343.75,-33.22363
1182227500.0,-33.23267
1182227656.25,-33.22887
1182227812.5,-33.23477
1182227968.75,-33.23425
1182228125.0,-33.23685
1182228281.25,-33.23998
1182228437.5,-33.2385
1182228593.75,-33.23963
1182228750.0,-33.24445
1182228906.25,-33.23676
1182229062.5,-33.24865
1182229218.75,-33.2407
1182229375.0,-33.25548
1182229531.25,-33.24755
1182229687.5,-33.24623
1182229843.75,-33.25229
1182230000.0,-33.24769
1182230156.25,-33.25375
1182230312.5,-33.26292
1182230468.75,-33.26376
1182230625.0,-33.25463
1182230781.25,-33.26258
1182230937.5,-33.26206
1182231093.75,-33.25761
1182231250.0,-33.26771
1182231406.25,-33.2647
1182231562.5,-33.27159
1182231718.75,-33.27453
1182231875.0,-33.26881
1182232031.25,-33.27178
1182232187.5,-33.26758
1182232343.75,-33.27919
1182232500.0,-33.27969
1182232656.25,-33.28213
1182232812.5,-33.2846
1182232968.75,-33.27415
1182233125.0,-33.28459
1182233281.25,-33.28046
1182233437.5,-33.28607
1182233593.75,-33.28563
1182233750.0,-33.29375
1182233906.25,-33.29301
1182234062.5,-33.28786
1182234218.75,-33.28972
1182234375.0,-33.29048
1182234531.25,-33.29393
1182234687.5,-33.29991
1182234843.75,-33.29793
1182235000.0,-33.30424
1182235156.25,-33.30088
1182235312.5,-33.30416
1182235468.75,-33.29815
1182235625.0,-33.31021
1182235781.25,-33.30484
1182235937.5,-33.3078
1182236093.75,-33.30478
1182236250.0,-33.31077
1182236406.25,-33.31156
1182236562.5,-33.31445
1182236718.75,-33.31661
1182236875.0,-33.32305
1182237031.25,-33.3184
1182237187.5,-33.3182
1182237343.75,-33.31546
1182237500.0,-33.32864
1182237656.25,-33.32997
1182237812.5,-33.32399
1182237968.75,-33.33397
1182238125.0,-33.33932
1182238281.25,-33.32708
1182238437.5,-33.32981
1182238593.75,-33.34
1182238750.0,-33.33301
1182238906.25,-33.33572
1182239062.5,-33.33509
1182239218.75,-33.3427
1182239375.0,-33.34054
1182239531.25,-33.3404
1182239687.5,-33.34749
1182239843.75,-33.33931
1182240000.0,-33.34959
1182240156.25,-33.34781
1182240312.5,-33.35275
1182240468.75,-33.34608
1182240625.0,-33.35289
1182240781.25,-33.35796
1182240937.5,-33.35769
1182241093.75,-33.35469
1182241250.0,-33.35035
1182241406.25,-33.36642
1182241562.5,-33.3634
1182241718.75,-33.36422
1182241875.0,-33.36548
1182242031.25,-33.36171
1182242187.5,-33.36942
1182242343.75,-33.36267
1182242500.0,-33.36958
1182242656.25,-33.37266
1182242812.5,-33.37647
1182242968.75,-33.37342
1182243125.0,-33.37603
1182243281.25,-33.37724
1182243437.5,-33.37544
1182243593.75,-33.37659
1182243750.0,-33.38461
1182243906.25,-33.3857
1182244062.5,-33.38543
1182244218.75,-33.39308
1182244375.0,-33.38763
1182244531.25,-33.39286
1182244687.5,-33.39584
1182244843.75,-33.389
1182245000.0,-33.39209
1182245156.25,-33.39869
1182245312.5,-33.39077
1182245468.75,-33.3967
1182245625.0,-33.39701
1182245781.25,-33.40307
1182245937.5,-33.38993
1182246093.75,-33.40785
1182246250.0,-33.40522
1182246406.25,-33.40152
1182246562.5,-33.40879
1182246718.75,-33.40657
1182246875.0,-33.40823
1182247031.25,-33.41081
1182247187.5,-33.40506
1182247343.75,-33.4239
1182247500.0,-33.41578
1182247656.25,-33.4105
1182247812.5,-33.42855
1182247968.75,-33.41297
1182248125.0,-33.41607
1182248281.25,-33.42016
1182248437.5,-33.42622
1182248593.75,-33.42162
1182248750.0,-33.42035
1182248906.25,-33.43169
1182249062.5,-33.42938
1182249218.75,-33.42825
1182249375.0,-33.4301
1182249531.25,-33.44198
1182249687.5,-33.43854
1182249843.75,-33.43742
1182250000.0,-33.4423
1182250156.25,-33.43629
1182250312.5,-33.44491
1182250468.75,-33.44845
1182250625.0,-33.45399
1182250781.25,-33.4417
1182250937.5,-33.44828
1182251093.75,-33.44825
1182251250.0,-33.45254
1182251406.25,-33.44656
1182251562.5,-33.44754
1182251718.75,-33.46116
1182251875.0,-33.45511
1182252031.25,-33.46016
1182252187.5,-33.45453
1182252343.75,-33.45827
1182252500.0,-33.4516
1182252656.25,-33.46691
1182252812.5,-33.45282
1182252968.75,-33.46494
1182253125.0,-33.46919
1182253281.25,-33.47606
1182253437.5,-33.4671
1182253593.75,-33.47179
1182253750.0,-33.47865
1182253906.25,-33.46628
1182254062.5,-33.47547
1182254218.75,-33.48014
1182254375.0,-33.47899
1182254531.25,-33.4749
1182254687.5,-33.47196
1182254843.75,-33.49316
1182255000.0,-33.48209
1182255156.25,-33.49479
1182255312.5,-33.4889
1182255468.75,-33.49342
1182255625.0,-33.4913
1182255781.25,-33.48824
1182255937.5,-33.49871
1182256093.75,-33.48882
1182256250.0,-33.50471
1182256406.25,-33.49244
1182256562.5,-33.49987
1182256718.75,-33.49276
1182256875.0,-33.50932
1182257031.25,-33.50838
1182257187.5,-33.50675
1182257343.75,-33.49092
1182257500.0,-33.50464
1182257656.25,-33.50411
1182257812.5,-33.50046
1182257968.75,-33.51989
1182258125.0,-33.52094
1182258281.25,-33.51989
1182258437.5,-33.51771
1182258593.75,-33.51413
1182258750.0,-33.51738
1182258906.25,-33.51872
1182259062.5,-33.52777
1182259218.75,-33.52564
1182259375.0,-33.52582
1182259531.25,-33.53156
1182259687.5,-33.52856
1182259843.75,-33.52849
1182260000.0,-33.52324
1182260156.25,-33.5233
1182260312.5,-33.53328
1182260468.75,-33.53214
1182260625.0,-33.53704
1182260781.25,-33.53667
1182260937.5,-33.54408
1182261093.75,-33.54131
1182261250.0,-33.54393
1182261406.25,-33.5397
1182261562.5,-33.55134
1182261718.75,-33.53991
1182261875.0,-33.547
1182262031.25,-33.54797
1182262187.5,-33.55093
1182262343.75,-33.55172
1182262500.0,-33.55157
1182262656.25,-33.5542
1182262812.5,-33.54694
1182262968.75,-33.55719
1182263125.0,-33.56477
1182263281.25,-33.5577
1182263437.5,-33.5579
1182263593.75,-33.56386
1182263750.0,-33.56688
1182263906.25,-33.56739
1182264062.5,-33.56222
1182264218.75,-33.57117
1182264375.0,-33.56381
1182264531.25,-33.57226
1182264687.5,-33.57706
1182264843.75,-33.57342
1182265000.0,-33.57992
1182265156.25,-33.58502
1182265312.5,-33.57146
1182265468.75,-33.57492
1182265625.0,-33.57925
1182265781.25,-33.57946
1182265937.5,-33.59042
1182266093.75,-33.58527
1182266250.0,-33.58868
1182266406.25,-33.5864
1182266562.5,-33.57899
1182266718.75,-33.5944
1182266875.0,-33.59172
1182267031.25,-33.59869
1182267187.5,-33.58329
1182267343.75,-33.59178
1182267500.0,-33.59584
1182267656.25,-33.59578
1182267812.5,-33.60181
1182267968.75,-33.59838
1182268125.0,-33.60392
1182268281.25,-33.59979
1182268437.5,-33.60607
1182268593.75,-33.6155
1182268750.0,-33.60655
1182268906.25,-33.61343
1182269062.5,-33.61676
1182269218.75,-33.61247
1182269375.0,-33.61513
1182269531.25,-33.61428
1182269687.5,-33.61115
1182269843.75,-33.62426
1182270000.0,-33.62155
1182270156.25,-33.62201
1182270312.5,-33.62408
1182270468.75,-33.63696
1182270625.0,-33.61237
1182270781.25,-33.62744
1182270937.5,-33.62543
1182271093.75,-33.62894
1182271250.0,-33.62795
1182271406.25,-33.63616
1182271562.5,-33.63053
1182271718.75,-33.63782
1182271875.0,-33.63409
1182272031.25,-33.63238
1182272187.5,-33.64326
1182272343.75,-33.63462
1182272500.0,-33.64128
1182272656.25,-33.6502
1182272812.5,-33.65006
1182272968.75,-33.64797
1182273125.0,-33.6529
1182273281.25,-33.64237
1182273437.5,-33.65338
1182273593.75,-33.64836
1182273750.0,-33.65271
1182273906.25,-33.658
1182274062.5,-33.65882
1182274218.75,-33.65728
1182274375.0,-33.65508
1182274531.25,-33.66022
1182274687.5,-33.66133
1182274843.75,-33.67502
1182275000.0,-33.66732
1182275156.25,-33.66521
1182275312.5,-33.6638
1182275468.75,-33.66269
1182275625.0,-33.67967
1182275781.25,-33.67897
1182275937.5,-33.6702
1182276093.75,-33.66891
1182276250.0,-33.67896
1182276406.25,-33.67336
1182276562.5,-33.67756
1182276718.75,-33.68396
1182276875.0,-33.68007
1182277031.25,-33.67993
1182277187.5,-33.688
1182277343.75,-33.68544
1182277500.0,-33.68597
1182277656.25,-33.68672
1182277812.5,-33.69683
1182277968.75,-33.68357
1182278125.0,-33.69786
1182278281.25,-33.68758
1182278437.5,-33.69748
1182278593.75,-33.69501
1182278750.0,-33.70158
1182278906.25,-33.69347
1182279062.5,-33.70664
1182279218.75,-33.69898
1182279375.0,-33.70181
1182279531.25,-33.70211
1182279687.5,-33.70704
1182279843.75,-33.70215
1182280000.0,-33.69898
1182280156.25,-33.70721
1182280312.5,-33.705
1182280468.75,-33.71223
1182280625.0,-33.71507
1182280781.25,-33.71605
1182280937.5,-33.72103
1182281093.75,-33.72233
1182281250.0,-33.72076
1182281406.25,-33.72129
1182281562.5,-33.72704
1182281718.75,-33.71579
1182281875.0,-33.72601
1182282031.25,-33.73057
1182282187.5,-33.72375
1182282343.75,-33.73187
1182282500.0,-33.73095
1182282656.25,-33.73287
1182282812.5,-33.72894
1182282968.75,-33.73491
1182283125.0,-33.734
1182283281.25,-33.73574
1182283437.5,-33.7298
1182283593.75,-33.73621
1182283750.0,-33.7435
1182283906.25,-33.74541
1182284062.5,-33.73466
1182284218.75,-33.74236
1182284375.0,-33.75674
1182284531.25,-33.74356
1182284687.5,-33.74719
1182284843.75,-33.75099
1182285000.0,-33.75779
1182285156.25,-33.75944
1182285312.5,-33.7612
1182285468.75,-33.75422
1182285625.0,-33.75226
1182285781.25,-33.75127
1182285937.5,-33.7714
1182286093.75,-33.76486
1182286250.0,-33.77126
1182286406.25,-33.76603
1182286562.5,-33.75804
1182286718.75,-33.76503
1182286875.0,-33.76352
1182287031.25,-33.77129
1182287187.5,-33.76917
1182287343.75,-33.77352
1182287500.0,-33.78151
1182287656.25,-33.78354
1182287812.5,-33.77402
1182287968.75,-33.78409
1182288125.0,-33.78443
1182288281.25,-33.78303
1182288437.5,-33.7848
1182288593.75,-33.77925
1182288750.0,-33.79366
1182288906.25,-33.78786
1182289062.5,-33.797
1182289218.75,-33.79175
1182289375.0,-33.78659
1182289531.25,-33.78796
1182289687.5,-33.78706
1182289843.75,-33.79964
1182290000.0,-33.79163
1182290156.25,-33.79688
1182290312.5,-33.79788
1182290468.75,-33.79018
1182290625.0,-33.81301
1182290781.25,-33.80957
1182290937.5,-33.80196
1182291093.75,-33.80468
1182291250.0,-33.8088
1182291406.25,-33.81582
1182291562.5,-33.81513
1182291718.75,-33.81892
1182291875.0,-33.82191
1182292031.25,-33.81226
1182292187.5,-33.81679
1182292343.75,-33.81528
1182292500.0,-33.81731
1182292656.25,-33.82751
1182292812.5,-33.81871
1182292968.75,-33.81874
1182293125.0,-33.80964
1182293281.25,-33.83644
1182293437.5,-33.82566
1182293593.75,-33.82842
1182293750.0,-33.82685
1182293906.25,-33.8317
1182294062.5,-33.83312
1182294218.75,-33.83422
1182294375.0,-33.83411
1182294531.25,-33.84034
1182294687.5,-33.83136
1182294843.75,-33.83551
1182295000.0,-33.83462
1182295156.25,-33.84953
1182295312.5,-33.84279
1182295468.75,-33.84347
1182295625.0,-33.85965
1182295781.25,-33.84976
1182295937.5,-33.85471
1182296093.75,-33.85654
1182296250.0,-33.84093
1182296406.25,-33.84811
1182296562.5,-33.84966
1182296718.75,-33.84303
1182296875.0,-33.86887
1182297031.25,-33.85006
1182297187.5,-33.85771
1182297343.75,-33.85933
1182297500.0,-33.85819
1182297656.25,-33.86301
1182297812.5,-33.87077
1182297968.75,-33.86012
1182298125.0,-33.86854
1182298281.25,-33.8697
1182298437.5,-33.8643
1182298593.75,-33.87303
1182298750.0,-33.86995
1182298906.25,-33.86668
1182299062.5,-33.87405
1182299218.75,-33.87643
1182299375.0,-33.8821
1182299531.25,-33.87458
1182299687.5,-33.88015
1182299843.75,-33.88131
1182300000.0,-33.88504
1182300156.25,-33.88901
1182300312.5,-33.89372
1182300468.75,-33.88813
1182300625.0,-33.89783
1182300781.25,-33.89606
1182300937.5,-33.88929
1182301093.75,-33.88748
1182301250.0,-33.89352
1182301406.25,-33.89356
1182301562.5,-33.89933
1182301718.75,-33.89909
1182301875.0,-33.89944
1182302031.25,-33.89629
1182302187.5,-33.90252
1182302343.75,-33.90139
1182302500.0,-33.90244
1182302656.25,-33.9099
1182302812.5,-33.91293
1182302968.75,-33.9138
1182303125.0,-33.9147
1182303281.25,-33.91295
1182303437.5,-33.91066
1182303593.75,-33.91359
1182303750.0,-33.91478
1182303906.25,-33.91391
1182304062.5,-33.90925
1182304218.75,-33.9233
1182304375.0,-33.92503
1182304531.25,-33.92091
1182304687.5,-33.9249
1182304843.75,-33.92504
1182305000.0,-33.93209
1182305156.25,-33.92968
1182305312.5,-33.93892
1182305468.75,-33.93488
1182305625.0,-33.93795
1182305781.25,-33.93458
1182305937.5,-33.93567
1182306093.75,-33.93721
1182306250.0,-33.93169
1182306406.25,-33.93899
1182306562.5,-33.94072
1182306718.75,-33.93096
1182306875.0,-33.93448
1182307031.25,-33.95182
1182307187.5,-33.93797
1182307343.75,-33.95248
1182307500.0,-33.95296
1182307656.25,-33.94834
1182307812.5,-33.94428
1182307968.75,-33.94568
1182308125.0,-33.95784
1182308281.25,-33.96172
1182308437.5,-33.95771
1182308593.75,-33.95906
1182308750.0,-33.95975
1182308906.25,-33.96289
1182309062.5,-33.96566
1182309218.75,-33.97358
1182309375.0,-33.9641
1182309531.25,-33.97652
1182309687.5,-33.96702
1182309843.75,-33.96959
1182310000.0,-33.97668
1182310156.25,-33.96453
1182310312.5,-33.98124
1182310468.75,-33.97739
1182310625.0,-33.97017
1182310781.25,-33.98068
1182310937.5,-33.98515
1182311093.75,-33.9845
1182311250.0,-33.97517
1182311406.25,-33.97508
1182311562.5,-33.98923
1182311718.75,-33.99455
1182311875.0,-33.98766
1182312031.25,-33.98429
1182312187.5,-33.98549
1182312343.75,-33.98865
1182312500.0,-33.99532
1182312656.25,-33.99925
1182312812.5,-33.99658
1182312968.75,-33.99403
1182313125.0,-33.99545
1182313281.25,-33.99865
1182313437.5,-33.998
1182313593.75,-33.99841
1182313750.0,-33.99713
1182313906.25,-34.00212
1182314062.5,-34.00624
1182314218.75,-34.02131
1182314375.0,-34.00255
1182314531.25,-34.00655
1182314687.5,-34.01201
1182314843.75,-34.00544
1182315000.0,-34.00633
1182315156.25,-34.01143
1182315312.5,-34.01435
1182315468.75,-34.01482
1182315625.0,-34.02499
1182315781.25,-34.02196
1182315937.5,-34.02454
1182316093.75,-34.02444
1182316250.0,-34.028
1182316406.25,-34.02048
1182316562.5,-34.01925
1182316718.75,-34.0309
1182316875.0,-34.03168
1182317031.25,-34.03448
1182317187.5,-34.03695
1182317343.75,-34.04008
1182317500.0,-34.03811
1182317656.25,-34.04173
1182317812.5,-34.03476
1182317968.75,-34.03969
1182318125.0,-34.04844
1182318281.25,-34.0358
1182318437.5,-34.04497
1182318593.75,-34.047
1182318750.0,-34.04121
1182318906.25,-34.03665
1182319062.5,-34.0545
1182319218.75,-34.05208
1182319375.0,-34.04333
1182319531.25,-34.05664
1182319687.5,-34.05471
1182319843.75,-34.05312
1182320000.0,-34.05735
1182320156.25,-34.05103
1182320312.5,-34.06105
1182320468.75,-34.06047
1182320625.0,-34.05873
1182320781.25,-34.05336
1182320937.5,-34.06618
1182321093.75,-34.06998
1182321250.0,-34.06182
1182321406.25,-34.06678
1182321562.5,-34.06718
1182321718.75,-34.07581
1182321875.0,-34.06766
1182322031.25,-34.07554
1182322187.5,-34.06505
1182322343.75,-34.06551
1182322500.0,-34.07507
1182322656.25,-34.0795
1182322812.5,-34.07555
1182322968.75,-34.07887
1182323125.0,-34.08112
1182323281.25,-34.08698
1182323437.5,-34.0877
1182323593.75,-34.08068
1182323750.0,-34.09587
1182323906.25,-34.08265
1182324062.5,-34.09008
1182324218.75,-34.08916
1182324375.0,-34.09746
1182324531.25,-34.08988
1182324687.5,-34.10175
1182324843.75,-34.09275
1182325000.0,-34.09811
1182325156.25,-34.10418
1182325312.5,-34.10582
1182325468.75,-34.10976
1182325625.0,-34.10825
1182325781.25,-34.10828
1182325937.5,-34.11282
1182326093.75,-34.11342
1182326250.0,-34.11084
1182326406.25,-34.10846
1182326562.5,-34.10502
1182326718.75,-34.11382
1182326875.0,-34.12014
1182327031.25,-34.11685
1182327187.5,-34.11765
1182327343.75,-34.11229
1182327500.0,-34.12186
1182327656.25,-34.12297
1182327812.5,-34.12358
1182327968.75,-34.12738
1182328125.0,-34.1265
1182328281.25,-34.13058
1182328437.5,-34.12592
1182328593.75,-34.13947
1182328750.0,-34.13355
1182328906.25,-34.13564
1182329062.5,-34.13364
1182329218.75,-34.13451
1182329375.0,-34.13209
1182329531.25,-34.13665
1182329687.5,-34.13847
1182329843.75,-34.1431
1182330000.0,-34.1496
1182330156.25,-34.13881
1182330312.5,-34.14072
1182330468.75,-34.15131
1182330625.0,-34.15317
1182330781.25,-34.14978
1182330937.5,-34.14244
1182331093.75,-34.14964
1182331250.0,-34.14795
1182331406.25,-34.15595
1182331562.5,-34.15293
1182331718.75,-34.1577
1182331875.0,-34.15796
1182332031.25,-34.1576
1182332187.5,-34.15874
1182332343.75,-34.16055
1182332500.0,-34.16354
1182332656.25,-34.15694
1182332812.5,-34.1623
1182332968.75,-34.1614
1182333125.0,-34.17005
1182333281.25,-34.16574
1182333437.5,-34.16981
1182333593.75,-34.17221
1182333750.0,-34.16718
1182333906.25,-34.17304
1182334062.5,-34.17685
1182334218.75,-34.17854
1182334375.0,-34.17684
1182334531.25,-34.18025
1182334687.5,-34.18467
1182334843.75,-34.18165
1182335000.0,-34.17714
1182335156.25,-34.17564
1182335312.5,-34.19603
1182335468.75,-34.18534
1182335625.0,-34.19916
1182335781.25,-34.19007
1182335937.5,-34.18943
1182336093.75,-34.19621
1182336250.0,-34.18629
1182336406.25,-34.19793
1182336562.5,-34.19603
1182336718.75,-34.20158
1182336875.0,-34.1966
1182337031.25,-34.19773
1182337187.5,-34.20453
1182337343.75,-34.2118
1182337500.0,-34.20387
1182337656.25,-34.19972
1182337812.5,-34.20592
1182337968.75,-34.2039
1182338125.0,-34.21413
1182338281.25,-34.21251
1182338437.5,-34.19645
1182338593.75,-34.20974
1182338750.0,-34.2112
1182338906.25,-34.2092
1182339062.5,-34.21865
1182339218.75,-34.22139
1182339375.0,-34.22797
1182339531.25,-34.21953
1182339687.5,-34.22734
1182339843.75,-34.23144
1182340000.0,-34.23169
1182340156.25,-34.23568
1182340312.5,-34.22554
1182340468.75,-34.23148
1182340625.0,-34.24032
1182340781.25,-34.22915
1182340937.5,-34.23166
1182341093.75,-34.23127
1182341250.0,-34.24394
1182341406.25,-34.23641
1182341562.5,-34.23162
1182341718.75,-34.23731
1182341875.0,-34.23999
1182342031.25,-34.24809
1182342187.5,-34.24422
1182342343.75,-34.24403
1182342500.0,-34.24991
1182342656.25,-34.24544
1182342812.5,-34.24229
1182342968.75,-34.25816
1182343125.0,-34.24882
1182343281.25,-34.25312
1182343437.5,-34.24771
1182343593.75,-34.2466
1182343750.0,-34.25904
1182343906.25,-34.26182
1182344062.5,-34.25475
1182344218.75,-34.26366
1182344375.0,-34.2675
1182344531.25,-34.26586
1182344687.5,-34.26395
1182344843.75,-34.26601
1182345000.0,-34.26185
1182345156.25,-34.26859
1182345312.5,-34.27408
1182345468.75,-34.27302
1182345625.0,-34.27553
1182345781.25,-34.26454
1182345937.5,-34.2784
1182346093.75,-34.27713
1182346250.0,-34.27771
1182346406.25,-34.27495
1182346562.5,-34.28889
1182346718.75,-34.28775
1182346875.0,-34.29023
1182347031.25,-34.28694
1182347187.5,-34.2853
1182347343.75,-34.28769
1182347500.0,-34.29674
1182347656.25,-34.28452
1182347812.5,-34.27944
1182347968.75,-34.29762
1182348125.0,-34.29504
1182348281.25,-34.29033
1182348437.5,-34.29025
1182348593.75,-34.29322
1182348750.0,-34.29631
1182348906.25,-34.30956
1182349062.5,-34.3038
1182349218.75,-34.3127
1182349375.0,-34.30702
1182349531.25,-34.29968
1182349687.5,-34.31597
1182349843.75,-34.31289
1182350000.0,-34.3099
1182350156.25,-34.29746
1182350312.5,-34.31542
1182350468.75,-34.31775
1182350625.0,-34.31681
1182350781.25,-34.31435
1182350937.5,-34.31418
1182351093.75,-34.32521
1182351250.0,-34.3246
1182351406.25,-34.32425
1182351562.5,-34.31552
1182351718.75,-34.32225
1182351875.0,-34.31887
1182352031.25,-34.32393
1182352187.5,-34.32645
1182352343.75,-34.33913
1182352500.0,-34.33174
1182352656.25,-34.32899
1182352812.5,-34.33661
1182352968.75,-34.32833
1182353125.0,-34.33627
1182353281.25,-34.32861
1182353437.5,-34.34495
1182353593.75,-34.33963
1182353750.0,-34.33076
1182353906.25,-34.35207
1182354062.5,-34.34367
1182354218.75,-34.35295
1182354375.0,-34.34364
1182354531.25,-34.33751
1182354687.5,-34.35211
1182354843.75,-34.35084
1182355000.0,-34.35192
1182355156.25,-34.35246
1182355312.5,-34.34845
1182355468.75,-34.34935
1182355625.0,-34.3498
1182355781.25,-34.34967
1182355937.5,-34.36178
1182356093.75,-34.36703
1182356250.0,-34.35883
1182356406.25,-34.35938
1182356562.5,-34.35619
1182356718.75,-34.36248
1182356875.0,-34.35323
1182357031.25,-34.36137
1182357187.5,-34.37064
1182357343.75,-34.37159
1182357500.0,-34.3749
1182357656.25,-34.37028
1182357812.5,-34.37492
1182357968.75,-34.36864
1182358125.0,-34.3809
1182358281.25,-34.37598
1182358437.5,-34.37748
1182358593.75,-34.37815
1182358750.0,-34.37716
1182358906.25,-34.38058
1182359062.5,-34.37922
1182359218.75,-34.39
1182359375.0,-34.38467
1182359531.25,-34.38348
1182359687.5,-34.39262
1182359843.75,-34.39479
1182360000.0,-34.3966
1182360156.25,-34.39688
1182360312.5,-34.39227
1182360468.75,-34.39651
1182360625.0,-34.3878
1182360781.25,-34.39928
1182360937.5,-34.39969
1182361093.75,-34.40533
1182361250.0,-34.39787
1182361406.25,-34.40478
1182361562.5,-34.40881
1182361718.75,-34.41402
1182361875.0,-34.41006
1182362031.25,-34.40433
1182362187.5,-34.41158
1182362343.75,-34.41054
1182362500.0,-34.41813
1182362656.25,-34.41809
1182362812.5,-34.42464
1182362968.75,-34.41474
1182363125.0,-34.41315
1182363281.25,-34.41687
1182363437.5,-34.41316
1182363593.75,-34.43083
1182363750.0,-34.4139
1182363906.25,-34.42103
1182364062.5,-34.42604
1182364218.75,-34.42844
1182364375.0,-34.43034
1182364531.25,-34.42199
1182364687.5,-34.43377
1182364843.75,-34.42742
1182365000.0,-34.43989
1182365156.25,-34.42654
1182365312.5,-34.44073
1182365468.75,-34.43898
1182365625.0,-34.43908
1182365781.25,-34.43959
1182365937.5,-34.43869
1182366093.75,-34.43906
1182366250.0,-34.44096
1182366406.25,-34.43662
1182366562.5,-34.44266
1182366718.75,-34.44377
1182366875.0,-34.43692
1182367031.25,-34.45333
1182367187.5,-34.45601
1182367343.75,-34.44883
1182367500.0,-34.44854
1182367656.25,-34.45757
1182367812.5,-34.45392
1182367968.75,-34.46145
1182368125.0,-34.46268
1182368281.25,-34.4531
1182368437.5,-34.44488
1182368593.75,-34.46271
1182368750.0,-34.4648
1182368906.25,-34.46842
1182369062.5,-34.46463
1182369218.75,-34.47039
1182369375.0,-34.47419
1182369531.25,-34.46029
1182369687.5,-34.46065
1182369843.75,-34.47057
1182370000.0,-34.47094
1182370156.25,-34.47626
1182370312.5,-34.47131
1182370468.75,-34.47241
1182370625.0,-34.48223
1182370781.25,-34.47991
1182370937.5,-34.48174
1182371093.75,-34.47908
1182371250.0,-34.49473
1182371406.25,-34.47831
1182371562.5,-34.47831
1182371718.75,-34.48419
1182371875.0,-34.47865
1182372031.25,-34.48706
1182372187.5,-34.48694
1182372343.75,-34.48333
1182372500.0,-34.49443
1182372656.25,-34.49388
1182372812.5,-34.49059
1182372968.75,-34.49559
1182373125.0,-34.49379
1182373281.25,-34.49644
1182373437.5,-34.50137
1182373593.75,-34.50243
1182373750.0,-34.49961
1182373906.25,-34.50911
1182374062.5,-34.50656
1182374218.75,-34.50655
1182374375.0,-34.50447
1182374531.25,-34.51461
1182374687.5,-34.5088
1182374843.75,-34.51122
1182375000.0,-34.52015
1182375156.25,-34.5147
1182375312.5,-34.5176
1182375468.75,-34.51116
1182375625.0,-34.52383
1182375781.25,-34.52058
1182375937.5,-34.5178
1182376093.75,-34.52056
1182376250.0,-34.53532
1182376406.25,-34.52343
1182376562.5,-34.5273
1182376718.75,-34.53376
1182376875.0,-34.52634
1182377031.25,-34.5388
1182377187.5,-34.53844
1182377343.75,-34.53228
1182377500.0,-34.5355
1182377656.25,-34.53843
1182377812.5,-34.52634
1182377968.75,-34.54908
1182378125.0,-34.54578
1182378281.25,-34.53873
1182378437.5,-34.54691
1182378593.75,-34.55375
1182378750.0,-34.54682
1182378906.25,-34.53106
1182379062.5,-34.54435
1182379218.75,-34.54347
1182379375.0,-34.55051
1182379531.25,-34.54628
1182379687.5,-34.55831
1182379843.75,-34.54709
1182380000.0,-34.55396
1182380156.25,-34.55815
1182380312.5,-34.55505
1182380468.75,-34.55236
1182380625.0,-34.55212
1182380781.25,-34.55854
1182380937.5,-34.55852
1182381093.75,-34.56445
1182381250.0,-34.55624
1182381406.25,-34.56564
1182381562.5,-34.56003
1182381718.75,-34.56903
1182381875.0,-34.57779
1182382031.25,-34.56601
1182382187.5,-34.56242
1182382343.75,-34.56883
1182382500.0,-34.57272
1182382656.25,-34.58155
1182382812.5,-34.57476
1182382968.75,-34.57462
1182383125.0,-34.58447
1182383281.25,-34.58276
1182383437.5,-34.5845
1182383593.75,-34.58074
1182383750.0,-34.58653
1182383906.25,-34.58575
1182384062.5,-34.59599
1182384218.75,-34.58874
1182384375.0,-34.59577
1182384531.25,-34.58451
1182384687.5,-34.58469
1182384843.75,-34.59451
1182385000.0,-34.60217
1182385156.25,-34.59307
1182385312.5,-34.59054
1182385468.75,-34.60344
1182385625.0,-34.59574
1182385781.25,-34.60667
1182385937.5,-34.59336
1182386093.75,-34.60241
1182386250.0,-34.60789
1182386406.25,-34.59629
1182386562.5,-34.60323
1182386718.75,-34.6157
1182386875.0,-34.60836
1182387031.25,-34.60379
1182387187.5,-34.60444
1182387343.75,-34.60683
1182387500.0,-34.61891
1182387656.25,-34.61224
1182387812.5,-34.60938
1182387968.75,-34.61797
1182388125.0,-34.62101
1182388281.25,-34.62722
1182388437.5,-34.6204
1182388593.75,-34.61976
1182388750.0,-34.62292
1182388906.25,-34.63016
1182389062.5,-34.62959
1182389218.75,-34.62356
1182389375.0,-34.63153
1182389531.25,-34.62991
1182389687.5,-34.63094
1182389843.75,-34.63254
1182390000.0,-34.64013
1182390156.25,-34.6398
1182390312.5,-34.63509
1182390468.75,-34.64497
1182390625.0,-34.63398
1182390781.25,-34.64219
1182390937.5,-34.62988
1182391093.75,-34.6412
1182391250.0,-34.64614
1182391406.25,-34.64295
1182391562.5,-34.64883
1182391718.75,-34.63626
1182391875.0,-34.64965
1182392031.25,-34.64269
1182392187.5,-34.65384
1182392343.75,-34.64072
1182392500.0,-34.66174
1182392656.25,-34.65343
1182392812.5,-34.66302
1182392968.75,-34.65423
1182393125.0,-34.66459
1182393281.25,-34.664
1182393437.5,-34.66796
1182393593.75,-34.66846
1182393750.0,-34.66174
1182393906.25,-34.66549
1182394062.5,-34.6669
1182394218.75,-34.66186
1182394375.0,-34.67034
1182394531.25,-34.67143
1182394687.5,-34.6667
1182394843.75,-34.67559
1182395000.0,-34.67264
1182395156.25,-34.67788
1182395312.5,-34.67622
1182395468.75,-34.68306
1182395625.0,-34.68162
1182395781.25,-34.68428
1182395937.5,-34.68514
1182396093.75,-34.67167
1182396250.0,-34.67514
1182396406.25,-34.6734
1182396562.5,-34.68296
1182396718.75,-34.70175
1182396875.0,-34.69152
1182397031.25,-34.68868
1182397187.5,-34.68891
1182397343.75,-34.69371
1182397500.0,-34.69031
1182397656.25,-34.69207
1182397812.5,-34.70206
1182397968.75,-34.69908
1182398125.0,-34.69925
1182398281.25,-34.69255
1182398437.5,-34.70919
1182398593.75,-34.71385
1182398750.0,-34.70963
1182398906.25,-34.71399
1182399062.5,-34.7111
1182399218.75,-34.71156
1182399375.0,-34.71233
1182399531.25,-34.70679
1182399687.5,-34.71731
1182399843.75,-34.70735
1182400000.0,-34.71045
1182400156.25,-34.7032
1182400312.5,-34.73262
1182400468.75,-34.71674
1182400625.0,-34.71679
1182400781.25,-34.71859
1182400937.5,-34.72626
1182401093.75,-34.72104
1182401250.0,-34.72331
1182401406.25,-34.72857
1182401562.5,-34.71972
1182401718.75,-34.7266
1182401875.0,-34.72371
1182402031.25,-34.7322
1182402187.5,-34.72853
1182402343.75,-34.72586
1182402500.0,-34.72547
1182402656.25,-34.74481
1182402812.5,-34.73657
1182402968.75,-34.73073
1182403125.0,-34.74414
1182403281.25,-34.73251
1182403437.5,-34.73622
1182403593.75,-34.75009
1182403750.0,-34.74356
1182403906.25,-34.73822
1182404062.5,-34.74252
1182404218.75,-34.75315
1182404375.0,-34.75358
1182404531.25,-34.74064
1182404687.5,-34.74759
1182404843.75,-34.76056
1182405000.0,-34.7582
1182405156.25,-34.74499
1182405312.5,-34.7565
1182405468.75,-34.75688
1182405625.0,-34.76323
1182405781.25,-34.76147
1182405937.5,-34.75284
1182406093.75,-34.75855
1182406250.0,-34.76252
1182406406.25,-34.76376
1182406562.5,-34.75204
1182406718.75,-34.77084
1182406875.0,-34.76505
1182407031.25,-34.76851
1182407187.5,-34.77332
1182407343.75,-34.77592
1182407500.0,-34.76788
1182407656.25,-34.77144
1182407812.5,-34.77221
1182407968.75,-34.78502
1182408125.0,-34.77568
1182408281.25,-34.78407
1182408437.5,-34.78086
1182408593.75,-34.77466
1182408750.0,-34.78439
1182408906.25,-34.78208
1182409062.5,-34.77354
1182409218.75,-34.78802
1182409375.0,-34.80104
1182409531.25,-34.79511
1182409687.5,-34.79171
1182409843.75,-34.7854
1182410000.0,-34.78646
1182410156.25,-34.78513
1182410312.5,-34.79517
1182410468.75,-34.79836
1182410625.0,-34.79611
1182410781.25,-34.80176
1182410937.5,-34.80334
1182411093.75,-34.8009
1182411250.0,-34.80706
1182411406.25,-34.80186
1182411562.5,-34.80084
1182411718.75,-34.78947
1182411875.0,-34.81049
1182412031.25,-34.80333
1182412187.5,-34.80487
1182412343.75,-34.81149
1182412500.0,-34.80584
1182412656.25,-34.81509
1182412812.5,-34.81052
1182412968.75,-34.81673
1182413125.0,-34.81932
1182413281.25,-34.82518
1182413437.5,-34.82866
1182413593.75,-34.82254
1182413750.0,-34.8248
1182413906.25,-34.83062
1182414062.5,-34.8304
1182414218.75,-34.81889
1182414375.0,-34.82421
1182414531.25,-34.82689
1182414687.5,-34.83025
1182414843.75,-34.83085
1182415000.0,-34.82846
1182415156.25,-34.83824
1182415312.5,-34.83184
1182415468.75,-34.82432
1182415625.0,-34.82333
1182415781.25,-34.84245
1182415937.5,-34.84196
1182416093.75,-34.83361
1182416250.0,-34.84877
1182416406.25,-34.84184
1182416562.5,-34.83963
1182416718.75,-34.84393
1182416875.0,-34.84419
1182417031.25,-34.84999
1182417187.5,-34.84795
1182417343.75,-34.85284
1182417500.0,-34.85151
1182417656.25,-34.84308
1182417812.5,-34.85619
1182417968.75,-34.84435
1182418125.0,-34.85754
1182418281.25,-34.86581
1182418437.5,-34.86498
1182418593.75,-34.85419
1182418750.0,-34.87039
1182418906.25,-34.85519
1182419062.5,-34.86663
1182419218.75,-34.85718
1182419375.0,-34.86461
1182419531.25,-34.86688
1182419687.5,-34.87268
1182419843.75,-34.87986
1182420000.0,-34.8714
1182420156.25,-34.87685
1182420312.5,-34.86763
1182420468.75,-34.87381
1182420625.0,-34.87415
1182420781.25,-34.87001
1182420937.5,-34.87789
1182421093.75,-34.88175
1182421250.0,-34.8854
1182421406.25,-34.87932
1182421562.5,-34.88947
1182421718.75,-34.89435
1182421875.0,-34.88394
1182422031.25,-34.88046
1182422187.5,-34.88835
1182422343.75,-34.89404
1182422500.0,-34.89431
1182422656.25,-34.88272
1182422812.5,-34.89746
1182422968.75,-34.89349
1182423125.0,-34.8944
1182423281.25,-34.89842
1182423437.5,-34.888
1182423593.75,-34.89956
1182423750.0,-34.901
1182423906.25,-34.90776
1182424062.5,-34.90671
1182424218.75,-34.9068
1182424375.0,-34.91016
1182424531.25,-34.90939
1182424687.5,-34.90928
1182424843.75,-34.92263
1182425000.0,-34.90459
1182425156.25,-34.90998
1182425312.5,-34.89903
1182425468.75,-34.92243
1182425625.0,-34.91967
1182425781.25,-34.91526
1182425937.5,-34.91716
1182426093.75,-34.90339
1182426250.0,-34.92605
1182426406.25,-34.91901
1182426562.5,-34.92151
1182426718.75,-34.91572
1182426875.0,-34.92612
1182427031.25,-34.92147
1182427187.5,-34.92458
1182427343.75,-34.92991
1182427500.0,-34.93686
1182427656.25,-34.93288
1182427812.5,-34.938
1182427968.75,-34.93573
1182428125.0,-34.93792
1182428281.25,-34.94254
1182428437.5,-34.93258
1182428593.75,-34.92611
1182428750.0,-34.93484
1182428906.25,-34.9417
1182429062.5,-34.94623
1182429218.75,-34.94141
1182429375.0,-34.94399
1182429531.25,-34.94219
1182429687.5,-34.94791
1182429843.75,-34.9547
1182430000.0,-34.94283
1182430156.25,-34.94817
1182430312.5,-34.94059
1182430468.75,-34.94573
1182430625.0,-34.9644
1182430781.25,-34.95381
1182430937.5,-34.96415
1182431093.75,-34.95601
1182431250.0,-34.95313
1182431406.25,-34.96312
1182431562.5,-34.97064
1182431718.75,-34.9569
1182431875.0,-34.9617
1182432031.25,-34.95704
1182432187.5,-34.9675
1182432343.75,-34.96586
1182432500.0,-34.96449
1182432656.25,-34.96082
1182432812.5,-34.96996
1182432968.75,-34.96423
1182433125.0,-34.97953
1182433281.25,-34.98139
1182433437.5,-34.9784
1182433593.75,-34.96967
1182433750.0,-34.96421
1182433906.25,-34.98391
1182434062.5,-34.98133
1182434218.75,-34.97803
1182434375.0,-34.9859
1182434531.25,-34.98143
1182434687.5,-34.97708
1182434843.75,-34.98302
1182435000.0,-34.97916
1182435156.25,-34.98938
1182435312.5,-34.98334
1182435468.75,-34.98789
1182435625.0,-34.99226
1182435781.25,-34.99196
1182435937.5,-34.9902
1182436093.75,-34.99321
1182436250.0,-34.98962
1182436406.25,-34.99896
1182436562.5,-34.99482
1182436718.75,-35.00611
1182436875.0,-35.00734
1182437031.25,-34.99731
1182437187.5,-35.0006
1182437343.75,-34.99917
1182437500.0,-35.00281
1182437656.25,-35.01789
1182437812.5,-35.01343
1182437968.75,-35.01435
1182438125.0,-35.01813
1182438281.25,-35.01487
1182438437.5,-35.02153
1182438593.75,-35.00815
1182438750.0,-35.01094
1182438906.25,-35.02262
1182439062.5,-35.01217
1182439218.75,-35.01035
1182439375.0,-35.03051
1182439531.25,-35.01076
1182439687.5,-35.02721
1182439843.75,-35.02166
1182440000.0,-35.02942
1182440156.25,-35.03164
1182440312.5,-35.03086
1182440468.75,-35.0304
1182440625.0,-35.02904
1182440781.25,-35.02789
1182440937.5,-35.032
1182441093.75,-35.03139
1182441250.0,-35.03682
1182441406.25,-35.03009
1182441562.5,-35.03767
1182441718.75,-35.03947
1182441875.0,-35.04457
1182442031.25,-35.04182
1182442187.5,-35.05033
1182442343.75,-35.03804
1182442500.0,-35.04547
1182442656.25,-35.04605
1182442812.5,-35.04511
1182442968.75,-35.047
1182443125.0,-35.05214
1182443281.25,-35.04366
1182443437.5,-35.04624
1182443593.75,-35.05329
1182443750.0,-35.0518
1182443906.25,-35.04778
1182444062.5,-35.06528
1182444218.75,-35.05909
1182444375.0,-35.05463
1182444531.25,-35.05365
1182444687.5,-35.06453
1182444843.75,-35.06597
1182445000.0,-35.06465
1182445156.25,-35.0663
1182445312.5,-35.07184
1182445468.75,-35.05634
1182445625.0,-35.07796
1182445781.25,-35.06217
1182445937.5,-35.07227
1182446093.75,-35.06532
1182446250.0,-35.07001
1182446406.25,-35.06502
1182446562.5,-35.06849
1182446718.75,-35.06874
1182446875.0,-35.07733
1182447031.25,-35.07806
1182447187.5,-35.07364
1182447343.75,-35.08378
1182447500.0,-35.07959
1182447656.25,-35.07779
1182447812.5,-35.09163
1182447968.75,-35.07661
1182448125.0,-35.10258
1182448281.25,-35.09639
1182448437.5,-35.08822
1182448593.75,-35.0856
1182448750.0,-35.08962
1182448906.25,-35.0951
1182449062.5,-35.09443
1182449218.75,-35.09159
1182449375.0,-35.09539
1182449531.25,-35.09502
1182449687.5,-35.09707
1182449843.75,-35.09495
1182450000.0,-35.09495
1182450156.25,-35.10371
1182450312.5,-35.09349
1182450468.75,-35.11192
1182450625.0,-35.10279
1182450781.25,-35.10611
1182450937.5,-35.10904
1182451093.75,-35.12045
1182451250.0,-35.11298
1182451406.25,-35.11804
1182451562.5,-35.11064
1182451718.75,-35.11317
1182451875.0,-35.11501
1182452031.25,-35.11403
1182452187.5,-35.12603
1182452343.75,-35.11412
1182452500.0,-35.12942
1182452656.25,-35.12334
1182452812.5,-35.1216
1182452968.75,-35.13134
1182453125.0,-35.13398
1182453281.25,-35.11457
1182453437.5,-35.1369
1182453593.75,-35.12882
1182453750.0,-35.12348
1182453906.25,-35.13694
1182454062.5,-35.13012
1182454218.75,-35.13277
1182454375.0,-35.13274
1182454531.25,-35.12997
1182454687.5,-35.13331
1182454843.75,-35.13044
1182455000.0,-35.13113
1182455156.25,-35.13635
1182455312.5,-35.14136
1182455468.75,-35.14644
1182455625.0,-35.15446
1182455781.25,-35.14277
1182455937.5,-35.13759
1182456093.75,-35.14013
1182456250.0,-35.14892
1182456406.25,-35.15656
1182456562.5,-35.15771
1182456718.75,-35.14676
1182456875.0,-35.15358
1182457031.25,-35.15342
1182457187.5,-35.16454
1182457343.75,-35.15187
1182457500.0,-35.15956
1182457656.25,-35.15983
1182457812.5,-35.15072
1182457968.75,-35.17188
1182458125.0,-35.16558
1182458281.25,-35.15962
1182458437.5,-35.15497
1182458593.75,-35.16498
1182458750.0,-35.15459
1182458906.25,-35.16734
1182459062.5,-35.16647
1182459218.75,-35.17072
1182459375.0,-35.17656
1182459531.25,-35.17708
1182459687.5,-35.17796
1182459843.75,-35.18057
1182460000.0,-35.18317
1182460156.25,-35.18019
1182460312.5,-35.18602
1182460468.75,-35.18152
1182460625.0,-35.18361
1182460781.25,-35.18624
1182460937.5,-35.18384
1182461093.75,-35.18294
1182461250.0,-35.18621
1182461406.25,-35.18567
1182461562.5,-35.18922
1182461718.75,-35.1879
1182461875.0,-35.18856
1182462031.25,-35.19201
1182462187.5,-35.19811
1182462343.75,-35.18578
1182462500.0,-35.19921
1182462656.25,-35.18653
1182462812.5,-35.19041
1182462968.75,-35.19967
1182463125.0,-35.2042
1182463281.25,-35.19875
1182463437.5,-35.19956
1182463593.75,-35.18713
1182463750.0,-35.20121
1182463906.25,-35.20347
1182464062.5,-35.20777
1182464218.75,-35.20643
1182464375.0,-35.20414
1182464531.25,-35.21288
1182464687.5,-35.21143
1182464843.75,-35.20932
1182465000.0,-35.21718
1182465156.25,-35.20999
1182465312.5,-35.21439
1182465468.75,-35.21694
1182465625.0,-35.21708
1182465781.25,-35.2136
1182465937.5,-35.22544
1182466093.75,-35.23098
1182466250.0,-35.23298
1182466406.25,-35.21912
1182466562.5,-35.23037
1182466718.75,-35.22447
1182466875.0,-35.22834
1182467031.25,-35.23066
1182467187.5,-35.23214
1182467343.75,-35.23087
1182467500.0,-35.22596
1182467656.25,-35.22121
1182467812.5,-35.2356
1182467968.75,-35.23543
1182468125.0,-35.23407
1182468281.25,-35.23848
1182468437.5,-35.24113
1182468593.75,-35.2441
1182468750.0,-35.23591
1182468906.25,-35.244
1182469062.5,-35.24384
1182469218.75,-35.24165
1182469375.0,-35.23857
1182469531.25,-35.25149
1182469687.5,-35.25101
1182469843.75,-35.25017
1182470000.0,-35.24543
1182470156.25,-35.26463
1182470312.5,-35.24866
1182470468.75,-35.25267
1182470625.0,-35.26299
1182470781.25,-35.26019
1182470937.5,-35.25829
1182471093.75,-35.26082
1182471250.0,-35.25077
1182471406.25,-35.25414
1182471562.5,-35.26336
1182471718.75,-35.2706
1182471875.0,-35.26212
1182472031.25,-35.26498
1182472187.5,-35.2607
1182472343.75,-35.26853
1182472500.0,-35.27065
1182472656.25,-35.25915
1182472812.5,-35.26266
1182472968.75,-35.27969
1182473125.0,-35.26793
1182473281.25,-35.26818
1182473437.5,-35.27814
1182473593.75,-35.27938
1182473750.0,-35.27618
1182473906.25,-35.27515
1182474062.5,-35.28849
1182474218.75,-35.27886
1182474375.0,-35.28727
1182474531.25,-35.27465
1182474687.5,-35.27803
1182474843.75,-35.28897
1182475000.0,-35.29362
1182475156.25,-35.28451
1182475312.5,-35.29808
1182475468.75,-35.28555
1182475625.0,-35.2957
1182475781.25,-35.3014
1182475937.5,-35.28975
1182476093.75,-35.27794
1182476250.0,-35.29808
1182476406.25,-35.29535
1182476562.5,-35.30093
1182476718.75,-35.30579
1182476875.0,-35.29278
1182477031.25,-35.30519
1182477187.5,-35.30722
1182477343.75,-35.30251
1182477500.0,-35.31152
1182477656.25,-35.32007
1182477812.5,-35.2954
1182477968.75,-35.30867
1182478125.0,-35.3035
1182478281.25,-35.31034
1182478437.5,-35.31231
1182478593.75,-35.31793
1182478750.0,-35.31227
1182478906.25,-35.31707
1182479062.5,-35.30488
1182479218.75,-35.30832
1182479375.0,-35.3236
1182479531.25,-35.3183
1182479687.5,-35.31868
1182479843.75,-35.32829
1182480000.0,-35.33168
1182480156.25,-35.3327
1182480312.5,-35.3181
1182480468.75,-35.32815
1182480625.0,-35.3285
1182480781.25,-35.32985
1182480937.5,-35.33377
1182481093.75,-35.33652
1182481250.0,-35.33076
1182481406.25,-35.33948
1182481562.5,-35.32557
1182481718.75,-35.34248
1182481875.0,-35.3382
1182482031.25,-35.34213
1182482187.5,-35.35155
1182482343.75,-35.34289
1182482500.0,-35.36073
1182482656.25,-35.35678
1182482812.5,-35.34608
1182482968.75,-35.34585
1182483125.0,-35.33871
1182483281.25,-35.34862
1182483437.5,-35.3522
1182483593.75,-35.3665
1182483750.0,-35.35077
1182483906.25,-35.35811
1182484062.5,-35.3464
1182484218.75,-35.35898
1182484375.0,-35.36067
1182484531.25,-35.35349
1182484687.5,-35.36419
1182484843.75,-35.35476
1182485000.0,-35.36669
1182485156.25,-35.36142
1182485312.5,-35.35889
1182485468.75,-35.35629
1182485625.0,-35.36481
1182485781.25,-35.37075
1182485937.5,-35.36327
1182486093.75,-35.38452
1182486250.0,-35.36893
1182486406.25,-35.37308
1182486562.5,-35.37881
1182486718.75,-35.37803
1182486875.0,-35.37437
1182487031.25,-35.38432
1182487187.5,-35.37975
1182487343.75,-35.37701
1182487500.0,-35.37625
1182487656.25,-35.38128
1182487812.5,-35.37889
1182487968.75,-35.38409
1182488125.0,-35.39081
1182488281.25,-35.38304
1182488437.5,-35.40011
1182488593.75,-35.37332
1182488750.0,-35.39269
1182488906.25,-35.39268
1182489062.5,-35.3885
1182489218.75,-35.38258
1182489375.0,-35.39608
1182489531.25,-35.38626
1182489687.5,-35.40734
1182489843.75,-35.39218
1182490000.0,-35.39569
1182490156.25,-35.39816
1182490312.5,-35.40418
1182490468.75,-35.41108
1182490625.0,-35.40998
1182490781.25,-35.40335
1182490937.5,-35.40411
1182491093.75,-35.40484
1182491250.0,-35.40773
1182491406.25,-35.40466
1182491562.5,-35.41511
1182491718.75,-35.41458
1182491875.0,-35.40846
1182492031.25,-35.41695
1182492187.5,-35.40509
1182492343.75,-35.41756
1182492500.0,-35.42439
1182492656.25,-35.42377
1182492812.5,-35.42044
1182492968.75,-35.41391
1182493125.0,-35.41636
1182493281.25,-35.42046
1182493437.5,-35.40941
1182493593.75,-35.42321
1182493750.0,-35.42941
1182493906.25,-35.43734
1182494062.5,-35.42409
1182494218.75,-35.42927
1182494375.0,-35.4374
1182494531.25,-35.43557
1182494687.5,-35.44008
1182494843.75,-35.43018
1182495000.0,-35.4313
1182495156.25,-35.44241
1182495312.5,-35.4441
1182495468.75,-35.44107
1182495625.0,-35.43221
1182495781.25,-35.45009
1182495937.5,-35.42913
1182496093.75,-35.44329
1182496250.0,-35.44466
1182496406.25,-35.44507
1182496562.5,-35.44801
1182496718.75,-35.45298
1182496875.0,-35.44468
1182497031.25,-35.43359
1182497187.5,-35.46222
1182497343.75,-35.45622
1182497500.0,-35.45257
1182497656.25,-35.45419
1182497812.5,-35.45075
1182497968.75,-35.45602
1182498125.0,-35.45432
1182498281.25,-35.45486
1182498437.5,-35.46658
1182498593.75,-35.46182
1182498750.0,-35.45751
1182498906.25,-35.46954
1182499062.5,-35.45491
1182499218.75,-35.46045
1182499375.0,-35.46394
1182499531.25,-35.46964
1182499687.5,-35.46931
1182499843.75,-35.47142
1182500000.0,-35.4683
1182500156.25,-35.46775
1182500312.5,-35.47895
1182500468.75,-35.47303
1182500625.0,-35.47057
1182500781.25,-35.4745
1182500937.5,-35.48157
1182501093.75,-35.48044
1182501250.0,-35.48017
1182501406.25,-35.47492
1182501562.5,-35.47726
1182501718.75,-35.48552
1182501875.0,-35.48788
1182502031.25,-35.47521
1182502187.5,-35.48153
1182502343.75,-35.49617
1182502500.0,-35.49314
1182502656.25,-35.48901
1182502812.5,-35.48369
1182502968.75,-35.50047
1182503125.0,-35.49836
1182503281.25,-35.49442
1182503437.5,-35.50427
1182503593.75,-35.50193
1182503750.0,-35.49731
1182503906.25,-35.50623
1182504062.5,-35.49654
1182504218.75,-35.50348
1182504375.0,-35.50359
1182504531.25,-35.49666
1182504687.5,-35.51262
1182504843.75,-35.50793
1182505000.0,-35.50565
1182505156.25,-35.50938
1182505312.5,-35.50865
1182505468.75,-35.50462
1182505625.0,-35.51201
1182505781.25,-35.50904
1182505937.5,-35.50979
1182506093.75,-35.51394
1182506250.0,-35.52235
1182506406.25,-35.52146
1182506562.5,-35.51416
1182506718.75,-35.5238
1182506875.0,-35.53214
1182507031.25,-35.51724
1182507187.5,-35.5234
1182507343.75,-35.52342
1182507500.0,-35.52225
1182507656.25,-35.53793
1182507812.5,-35.52269
1182507968.75,-35.53758
1182508125.0,-35.52648
1182508281.25,-35.53703
1182508437.5,-35.53487
1182508593.75,-35.53021
1182508750.0,-35.53413
1182508906.25,-35.55154
1182509062.5,-35.54496
1182509218.75,-35.53982
1182509375.0,-35.53353
1182509531.25,-35.53374
1182509687.5,-35.52824
1182509843.75,-35.54232
1182510000.0,-35.5361
1182510156.25,-35.5465
1182510312.5,-35.54814
1182510468.75,-35.54031
1182510625.0,-35.55693
1182510781.25,-35.56054
1182510937.5,-35.54456
1182511093.75,-35.55197
1182511250.0,-35.55843
1182511406.25,-35.55745
1182511562.5,-35.56254
1182511718.75,-35.56256
1182511875.0,-35.55121
1182512031.25,-35.54985
1182512187.5,-35.55288
1182512343.75,-35.55634
1182512500.0,-35.56274
1182512656.25,-35.56439
1182512812.5,-35.56734
1182512968.75,-35.55828
1182513125.0,-35.56605
1182513281.25,-35.56641
1182513437.5,-35.57352
1182513593.75,-35.57777
1182513750.0,-35.56378
1182513906.25,-35.56739
1182514062.5,-35.57717
1182514218.75,-35.56678
1182514375.0,-35.56591
1182514531.25,-35.5813
1182514687.5,-35.57097
1182514843.75,-35.57732
1182515000.0,-35.58338
1182515156.25,-35.57452
1182515312.5,-35.58532
1182515468.75,-35.58115
1182515625.0,-35.5789
1182515781.25,-35.59022
1182515937.5,-35.58774
1182516093.75,-35.57689
1182516250.0,-35.587
1182516406.25,-35.58583
1182516562.5,-35.5939
1182516718.75,-35.59341
1182516875.0,-35.58927
1182517031.25,-35.59924
1182517187.5,-35.58796
1182517343.75,-35.6079
1182517500.0,-35.59547
1182517656.25,-35.58649
1182517812.5,-35.60527
1182517968.75,-35.59923
1182518125.0,-35.60125
1182518281.25,-35.62345
1182518437.5,-35.60438
1182518593.75,-35.60823
1182518750.0,-35.60749
1182518906.25,-35.61546
1182519062.5,-35.60172
1182519218.75,-35.60977
1182519375.0,-35.60604
1182519531.25,-35.60732
1182519687.5,-35.60698
1182519843.75,-35.6125
1182520000.0,-35.61874
1182520156.25,-35.61398
1182520312.5,-35.62186
1182520468.75,-35.61549
1182520625.0,-35.61326
1182520781.25,-35.62794
1182520937.5,-35.62548
1182521093.75,-35.63559
1182521250.0,-35.62719
1182521406.25,-35.637
1182521562.5,-35.63033
1182521718.75,-35.62525
1182521875.0,-35.62879
1182522031.25,-35.62603
1182522187.5,-35.63101
1182522343.75,-35.63333
1182522500.0,-35.63467
1182522656.25,-35.63498
1182522812.5,-35.62855
1182522968.75,-35.64373
1182523125.0,-35.6474
1182523281.25,-35.64978
1182523437.5,-35.6399
1182523593.75,-35.64908
1182523750.0,-35.63924
1182523906.25,-35.63687
1182524062.5,-35.65465
1182524218.75,-35.64671
1182524375.0,-35.64987
1182524531.25,-35.65435
1182524687.5,-35.65885
1182524843.75,-35.64876
1182525000.0,-35.66392
1182525156.25,-35.64673
1182525312.5,-35.66274
1182525468.75,-35.67025
1182525625.0,-35.66008
1182525781.25,-35.65232
1182525937.5,-35.66419
1182526093.75,-35.6516
1182526250.0,-35.65884
1182526406.25,-35.66108
1182526562.5,-35.66092
1182526718.75,-35.66745
1182526875.0,-35.66691
1182527031.25,-35.66752
1182527187.5,-35.66451
1182527343.75,-35.67009
1182527500.0,-35.67152
1182527656.25,-35.65473
1182527812.5,-35.66917
1182527968.75,-35.67252
1182528125.0,-35.66625
1182528281.25,-35.67189
1182528437.5,-35.67983
1182528593.75,-35.67613
1182528750.0,-35.68397
1182528906.25,-35.67772
1182529062.5,-35.67977
1182529218.75,-35.68145
1182529375.0,-35.68316
1182529531.25,-35.6921
1182529687.5,-35.68298
1182529843.75,-35.69848
1182530000.0,-35.68602
1182530156.25,-35.68531
1182530312.5,-35.67815
1182530468.75,-35.69351
1182530625.0,-35.6925
1182530781.25,-35.70732
1182530937.5,-35.70153
1182531093.75,-35.68655
1182531250.0,-35.70549
1182531406.25,-35.69733
1182531562.5,-35.70402
1182531718.75,-35.69559
1182531875.0,-35.70293
1182532031.25,-35.70078
1182532187.5,-35.69983
1182532343.75,-35.70552
1182532500.0,-35.70789
1182532656.25,-35.70298
1182532812.5,-35.70498
1182532968.75,-35.70869
1182533125.0,-35.71088
1182533281.25,-35.72591
1182533437.5,-35.71889
1182533593.75,-35.70661
1182533750.0,-35.71642
1182533906.25,-35.71406
1182534062.5,-35.71658
1182534218.75,-35.71135
1182534375.0,-35.70761
1182534531.25,-35.72498
1182534687.5,-35.72253
1182534843.75,-35.7098
1182535000.0,-35.71647
1182535156.25,-35.72534
1182535312.5,-35.7147
1182535468.75,-35.73031
1182535625.0,-35.72281
1182535781.25,-35.73043
1182535937.5,-35.72078
1182536093.75,-35.72957
1182536250.0,-35.73378
1182536406.25,-35.73886
1182536562.5,-35.73286
1182536718.75,-35.73827
1182536875.0,-35.73442
1182537031.25,-35.74043
1182537187.5,-35.73489
1182537343.75,-35.75415
1182537500.0,-35.74545
1182537656.25,-35.73508
1182537812.5,-35.74338
1182537968.75,-35.75052
1182538125.0,-35.74668
1182538281.25,-35.75988
1182538437.5,-35.75038
1182538593.75,-35.75101
1182538750.0,-35.7407
1182538906.25,-35.74112
1182539062.5,-35.76008
1182539218.75,-35.74989
1182539375.0,-35.75804
1182539531.25,-35.74335
1182539687.5,-35.76008
1182539843.75,-35.75728
1182540000.0,-35.75959
1182540156.25,-35.76672
1182540312.5,-35.76877
1182540468.75,-35.76426
1182540625.0,-35.76394
1182540781.25,-35.75897
1182540937.5,-35.77624
1182541093.75,-35.77175
1182541250.0,-35.76044
1182541406.25,-35.76957
1182541562.5,-35.76352
1182541718.75,-35.77467
1182541875.0,-35.7748
1182542031.25,-35.77382
1182542187.5,-35.76884
1182542343.75,-35.7789
1182542500.0,-35.7787
1182542656.25,-35.78005
1182542812.5,-35.77173
1182542968.75,-35.77589
1182543125.0,-35.78069
1182543281.25,-35.78045
1182543437.5,-35.78802
1182543593.75,-35.78843
1182543750.0,-35.78428
1182543906.25,-35.78133
1182544062.5,-35.79214
1182544218.75,-35.78919
1182544375.0,-35.79081
1182544531.25,-35.78744
1182544687.5,-35.79462
1182544843.75,-35.7928
1182545000.0,-35.79958
1182545156.25,-35.80414
1182545312.5,-35.79713
1182545468.75,-35.797
1182545625.0,-35.80148
1182545781.25,-35.79829
1182545937.5,-35.80069
1182546093.75,-35.80131
1182546250.0,-35.8015
1182546406.25,-35.79463
1182546562.5,-35.80606
1182546718.75,-35.81349
1182546875.0,-35.80072
1182547031.25,-35.79786
1182547187.5,-35.81146
1182547343.75,-35.81779
1182547500.0,-35.79914
1182547656.25,-35.81918
1182547812.5,-35.80513
1182547968.75,-35.80535
1182548125.0,-35.82761
1182548281.25,-35.81366
1182548437.5,-35.81566
1182548593.75,-35.82193
1182548750.0,-35.83096
1182548906.25,-35.81452
1182549062.5,-35.82155
1182549218.75,-35.8322
1182549375.0,-35.81126
1182549531.25,-35.82836
1182549687.5,-35.82445
1182549843.75,-35.83454
1182550000.0,-35.83407
1182550156.25,-35.82904
1182550312.5,-35.82912
1182550468.75,-35.8269
1182550625.0,-35.83931
1182550781.25,-35.83438
1182550937.5,-35.83995
1182551093.75,-35.83366
1182551250.0,-35.82846
1182551406.25,-35.84107
1182551562.5,-35.83181
1182551718.75,-35.83443
1182551875.0,-35.84268
1182552031.25,-35.84658
1182552187.5,-35.84473
1182552343.75,-35.84466
1182552500.0,-35.84327
1182552656.25,-35.82994
1182552812.5,-35.84266
1182552968.75,-35.84423
1182553125.0,-35.84784
1182553281.25,-35.84232
1182553437.5,-35.85707
1182553593.75,-35.85656
1182553750.0,-35.85068
1182553906.25,-35.86024
1182554062.5,-35.86098
1182554218.75,-35.83967
1182554375.0,-35.86609
1182554531.25,-35.85771
1182554687.5,-35.85926
1182554843.75,-35.85524
1182555000.0,-35.86375
1182555156.25,-35.85395
1182555312.5,-35.87061
1182555468.75,-35.87213
1182555625.0,-35.86164
1182555781.25,-35.86838
1182555937.5,-35.86441
1182556093.75,-35.86846
1182556250.0,-35.8777
1182556406.25,-35.86409
1182556562.5,-35.86547
1182556718.75,-35.87664
1182556875.0,-35.87257
1182557031.25,-35.86979
1182557187.5,-35.88586
1182557343.75,-35.8742
1182557500.0,-35.86244
1182557656.25,-35.87327
1182557812.5,-35.87541
1182557968.75,-35.88118
1182558125.0,-35.88137
1182558281.25,-35.89042
1182558437.5,-35.88713
1182558593.75,-35.88426
1182558750.0,-35.88503
1182558906.25,-35.88202
1182559062.5,-35.89116
1182559218.75,-35.88889
1182559375.0,-35.89531
1182559531.25,-35.89825
1182559687.5,-35.90621
1182559843.75,-35.89103
1182560000.0,-35.89583
1182560156.25,-35.90549
1182560312.5,-35.91746
