1200000000.0,-53.447624720433474
1200003125.0,-53.46306393669362
1200006250.0,-53.44166166696535
1200009375.0,-53.48583867162622
1200012500.0,-53.477275881334826
1200015625.0,-53.46993378347625
1200018750.0,-53.46177518168458
1200021875.0,-53.45444048827777
1200025000.0,-53.47850645818518
1200028125.0,-53.460924906858324
1200031250.0,-53.47706294996383
1200034375.0,-53.45068470877582
1200037500.0,-53.48276374481469
1200040625.0,-53.47723129282255
1200043750.0,-53.46068536718122
1200046875.0,-53.48393059259383
1200050000.0,-53.46342769044853
1200053125.0,-53.482651725967855
1200056250.0,-53.45940118045641
1200059375.0,-53.48831086244982
1200062500.0,-53.48064259368457
1200065625.0,-53.4823271303497
1200068750.0,-53.501914335703255
1200071875.0,-53.47171813473928
1200075000.0,-53.4749874323254
1200078125.0,-53.48397524231008
1200081250.0,-53.48126252090707
1200084375.0,-53.47183371168566
1200087500.0,-53.47722183019871
1200090625.0,-53.488227423325384
1200093750.0,-53.47804123289865
1200096875.0,-53.485132847475946
1200100000.0,-53.48064169442113
1200103125.0,-53.50375512939135
1200106250.0,-53.47533238270235
1200109375.0,-53.4970564262441
1200112500.0,-53.51524247742536
1200115625.0,-53.51435770092839
1200118750.0,-53.50495907100765
1200121875.0,-53.50398997381133
1200125000.0,-53.49770323905453
1200128125.0,-53.482936904673394
1200131250.0,-53.49614227277693
1200134375.0,-53.502450727503366
1200137500.0,-53.4877958030305
1200140625.0,-53.498053834758544
1200143750.0,-53.507353179987646
1200146875.0,-53.50286111359386
1200150000.0,-53.498812857276576
1200153125.0,-53.50024077560213
1200156250.0,-53.4906669463337
1200159375.0,-53.49785827671993
1200162500.0,-53.51424820944612
1200165625.0,-53.479085181723846
1200168750.0,-53.50764924659554
1200171875.0,-53.511795292869024
1200175000.0,-53.51772826912562
1200178125.0,-53.48616254974514
1200181250.0,-53.49260154120297
1200184375.0,-53.497190667231536
1200187500.0,-53.497334636161
1200190625.0,-53.50969751339738
1200193750.0,-53.531442436257244
1200196875.0,-53.5175258598939
1200200000.0,-53.512700530997115
1200203125.0,-53.515688415056296
1200206250.0,-53.49788018919931
1200209375.0,-53.519101144988575
1200212500.0,-53.51525339850128
1200215625.0,-53.50269044760587
1200218750.0,-53.50607480506488
1200221875.0,-53.51145819228925
1200225000.0,-53.49940050921338
1200228125.0,-53.53048791379368
1200231250.0,-53.552128668762656
1200234375.0,-53.53537711057285
1200237500.0,-53.51353975367639
1200240625.0,-53.493454363548324
1200243750.0,-53.51614830667743
1200246875.0,-53.51491222427273
1200250000.0,-53.527407847374946
1200253125.0,-53.52480678366792
1200256250.0,-53.52351252740286
1200259375.0,-53.52016151587673
1200262500.0,-53.529905671227645
1200265625.0,-53.5245850619599
1200268750.0,-53.53084597469832
1200271875.0,-53.53499953067695
1200275000.0,-53.5431361572551
1200278125.0,-53.54520858051023
1200281250.0,-53.55303108799519
1200284375.0,-53.52493965761575
1200287500.0,-53.50381749977754
1200290625.0,-53.54342718266679
1200293750.0,-53.53684499059759
1200296875.0,-53.53179408015821
1200300000.0,-53.521628750059946
1200303125.0,-53.53839696147416
1200306250.0,-53.54995190514909
1200309375.0,-53.53531541941937
1200312500.0,-53.55393766573476
1200315625.0,-53.53737550590976
1200318750.0,-53.54697379142391
1200321875.0,-53.54263346435508
1200325000.0,-53.55050524863451
1200328125.0,-53.5663452027326
1200331250.0,-53.54525728683655
1200334375.0,-53.541776956065185
1200337500.0,-53.53339695743961
1200340625.0,-53.558564703591315
1200343750.0,-53.55286660527658
1200346875.0,-53.53545562515445
1200350000.0,-53.558386463496916
1200353125.0,-53.561882345732776
1200356250.0,-53.552250593373806
1200359375.0,-53.542703622018216
1200362500.0,-53.55637198789835
1200365625.0,-53.562567747574235
1200368750.0,-53.56724334428941
1200371875.0,-53.54335621800405
1200375000.0,-53.56354022008125
1200378125.0,-53.558308636706904
1200381250.0,-53.5619150800659
1200384375.0,-53.55191148121718
1200387500.0,-53.53988356021987
1200390625.0,-53.56178367837737
1200393750.0,-53.586209251820655
1200396875.0,-53.57024022779806
1200400000.0,-53.57284978404515
1200403125.0,-53.566137077696816
1200406250.0,-53.57617791759138
1200409375.0,-53.575574160967
1200412500.0,-53.577075251420744
1200415625.0,-53.55893032914064
1200418750.0,-53.533581636657395
1200421875.0,-53.5692763662179
1200425000.0,-53.57318058958923
1200428125.0,-53.562318642974745
1200431250.0,-53.57167720040714
1200434375.0,-53.56948116052067
1200437500.0,-53.581162891479345
1200440625.0,-53.56060854210044
1200443750.0,-53.55993836131517
1200446875.0,-53.577883760425436
1200450000.0,-53.57331308343198
1200453125.0,-53.55550908658521
1200456250.0,-53.54872355085098
1200459375.0,-53.57458639096756
1200462500.0,-53.582643801189306
1200465625.0,-53.5822288397152
1200468750.0,-53.57963735229818
1200471875.0,-53.57706994389645
1200475000.0,-53.573674859228575
1200478125.0,-53.59364671287774
1200481250.0,-53.590153168733785
1200484375.0,-53.59952534516564
1200487500.0,-53.59011803542724
1200490625.0,-53.58565153721546
1200493750.0,-53.59424898758392
1200496875.0,-53.58488965754691
1200500000.0,-53.58236695809518
1200503125.0,-53.60445155672885
1200506250.0,-53.59328033265268
1200509375.0,-53.607178149805584
1200512500.0,-53.571746018980996
1200515625.0,-53.58468272607453
1200518750.0,-53.586930314593815
1200521875.0,-53.5896443154247
1200525000.0,-53.60394269074114
1200528125.0,-53.582490312094535
1200531250.0,-53.60360445655841
1200534375.0,-53.56335977803844
1200537500.0,-53.59102979788611
1200540625.0,-53.59359088397696
1200543750.0,-53.58376573489727
1200546875.0,-53.60133036338489
1200550000.0,-53.59956504844533
1200553125.0,-53.5917766164298
1200556250.0,-53.59635845032294
1200559375.0,-53.61985044222776
1200562500.0,-53.601514100584986
1200565625.0,-53.585774324894125
1200568750.0,-53.59581945064179
1200571875.0,-53.608305627549655
1200575000.0,-53.62254926066567
1200578125.0,-53.5884784687013
1200581250.0,-53.62064933208936
1200584375.0,-53.60446810929075
1200587500.0,-53.60557789711283
1200590625.0,-53.61849081808313
1200593750.0,-53.600167364839955
1200596875.0,-53.59144690928146
1200600000.0,-53.60247282019727
1200603125.0,-53.5950975488315
1200606250.0,-53.60561440995557
1200609375.0,-53.61245342244316
1200612500.0,-53.59587972635042
1200615625.0,-53.59493937211134
1200618750.0,-53.61030959112926
1200621875.0,-53.61883153512091
1200625000.0,-53.622480005409464
1200628125.0,-53.6209861622279
1200631250.0,-53.62187615856508
1200634375.0,-53.63195289630207
1200637500.0,-53.60668590319531
1200640625.0,-53.61002372809361
1200643750.0,-53.619326379762605
1200646875.0,-53.621900412331044
1200650000.0,-53.651648337630995
1200653125.0,-53.63591117340797
1200656250.0,-53.623366104619116
1200659375.0,-53.61482836548969
1200662500.0,-53.6088601911556
1200665625.0,-53.612838675877114
1200668750.0,-53.59916049273122
1200671875.0,-53.61733886575844
1200675000.0,-53.613602600995456
1200678125.0,-53.633528906233025
1200681250.0,-53.63687306565587
1200684375.0,-53.62734833008671
1200687500.0,-53.633021752673194
1200690625.0,-53.61840822103268
1200693750.0,-53.63284470365241
1200696875.0,-53.6259430373607
1200700000.0,-53.61401411728763
1200703125.0,-53.62577538257567
1200706250.0,-53.63917985444739
1200709375.0,-53.62749026758742
1200712500.0,-53.633057028856335
1200715625.0,-53.635838349012865
1200718750.0,-53.63868388131944
1200721875.0,-53.65207060327829
1200725000.0,-53.64016535979249
1200728125.0,-53.63436703072157
1200731250.0,-53.63316930043447
1200734375.0,-53.63408693794644
1200737500.0,-53.63789309046209
1200740625.0,-53.64971341817839
1200743750.0,-53.64929419503383
1200746875.0,-53.65331341304774
1200750000.0,-53.642159540879156
1200753125.0,-53.633961493861435
1200756250.0,-53.6355287812132
1200759375.0,-53.66146514312372
1200762500.0,-53.64025369559579
1200765625.0,-53.63936261596328
1200768750.0,-53.637980555580604
1200771875.0,-53.668098019911
1200775000.0,-53.64952719429854
1200778125.0,-53.6389120037126
1200781250.0,-53.67105857329041
1200784375.0,-53.67411595999636
1200787500.0,-53.65740698229214
1200790625.0,-53.65685354294852
1200793750.0,-53.6604774868826
1200796875.0,-53.65614412440782
1200800000.0,-53.69153972462345
1200803125.0,-53.643875461431676
1200806250.0,-53.65879682077613
1200809375.0,-53.65211347274291
1200812500.0,-53.6487850024391
1200815625.0,-53.66936644716608
1200818750.0,-53.68166798959359
1200821875.0,-53.65518986877521
1200825000.0,-53.67001863936578
1200828125.0,-53.65439052598352
1200831250.0,-53.65581406977376
1200834375.0,-53.66003074603664
1200837500.0,-53.663485173350125
1200840625.0,-53.65239046895224
1200843750.0,-53.68903324591967
1200846875.0,-53.670160427860466
1200850000.0,-53.66613050574261
1200853125.0,-53.67721093462235
1200856250.0,-53.6604145224934
1200859375.0,-53.68009757574379
1200862500.0,-53.65931685001714
1200865625.0,-53.67931519073123
1200868750.0,-53.68411711079004
1200871875.0,-53.672470679702926
1200875000.0,-53.68869218743887
1200878125.0,-53.66941703874939
1200881250.0,-53.65058275582806
1200884375.0,-53.68449175799451
1200887500.0,-53.68166337519587
1200890625.0,-53.68991771365999
1200893750.0,-53.67481577202153
1200896875.0,-53.6625968148023
1200900000.0,-53.68588277361059
1200903125.0,-53.68426356604494
1200906250.0,-53.67704898636847
1200909375.0,-53.68723964104115
1200912500.0,-53.67545837866858
1200915625.0,-53.64533890117178
1200918750.0,-53.68124966749875
1200921875.0,-53.68680464118822
1200925000.0,-53.69103253543814
1200928125.0,-53.70509834696944
1200931250.0,-53.68257664226478
1200934375.0,-53.693991206154145
1200937500.0,-53.68200281750691
1200940625.0,-53.664352929189306
1200943750.0,-53.709798445479144
1200946875.0,-53.69224990996369
1200950000.0,-53.70624212526547
1200953125.0,-53.717505381049655
1200956250.0,-53.700584641823454
1200959375.0,-53.677256477405024
1200962500.0,-53.701051589692
1200965625.0,-53.70564340134452
1200968750.0,-53.691040079890755
1200971875.0,-53.70675661755251
1200975000.0,-53.70905262384835
1200978125.0,-53.68373168358859
1200981250.0,-53.70371863770954
1200984375.0,-53.695759826977536
1200987500.0,-53.70334287571196
1200990625.0,-53.70599614375778
1200993750.0,-53.69529986119884
1200996875.0,-53.69325736296815
1201000000.0,-53.70459626182701
1201003125.0,-53.7073794401426
1201006250.0,-53.68712399690762
1201009375.0,-53.71403639881679
1201012500.0,-53.72311934492612
1201015625.0,-53.70273649896774
1201018750.0,-53.695674259304745
1201021875.0,-53.706881637435814
1201025000.0,-53.714779382558994
1201028125.0,-53.69487874458023
1201031250.0,-53.7144555376155
1201034375.0,-53.736862211670456
1201037500.0,-53.70352967795967
1201040625.0,-53.734962611257004
1201043750.0,-53.72938595329748
1201046875.0,-53.70488272603767
1201050000.0,-53.72942517688902
1201053125.0,-53.730161066507726
1201056250.0,-53.725802163783676
1201059375.0,-53.715918164372944
1201062500.0,-53.714387136848046
1201065625.0,-53.72698859929569
1201068750.0,-53.72155968424184
1201071875.0,-53.7129507711505
1201075000.0,-53.75935713715023
1201078125.0,-53.72568884226695
1201081250.0,-53.734089486239014
1201084375.0,-53.750013976893015
1201087500.0,-53.73444663690829
1201090625.0,-53.74667662275749
1201093750.0,-53.73354442878594
1201096875.0,-53.752840546805615
1201100000.0,-53.73275169867374
1201103125.0,-53.711764744973124
1201106250.0,-53.73637084356219
1201109375.0,-53.74113463380257
1201112500.0,-53.733806468350146
1201115625.0,-53.73599480260698
1201118750.0,-53.71828007778453
1201121875.0,-53.758486196665096
1201125000.0,-53.716829201974775
1201128125.0,-53.75273185252632
1201131250.0,-53.738446491575466
1201134375.0,-53.73504458783357
1201137500.0,-53.72548464117922
1201140625.0,-53.73480153149886
1201143750.0,-53.745234594996205
1201146875.0,-53.74570069500649
1201150000.0,-53.777459159376185
1201153125.0,-53.71917180441046
1201156250.0,-53.73664333495415
1201159375.0,-53.750183658937836
1201162500.0,-53.74374838497624
1201165625.0,-53.733880963248836
1201168750.0,-53.76844996315114
1201171875.0,-53.74737192968678
1201175000.0,-53.7479774643013
1201178125.0,-53.740122902563776
1201181250.0,-53.74529380879239
1201184375.0,-53.73962196108542
1201187500.0,-53.74437688944814
1201190625.0,-53.7365739638738
1201193750.0,-53.75264747384128
1201196875.0,-53.76564068109968
1201200000.0,-53.76187722695615
1201203125.0,-53.74483910798124
1201206250.0,-53.73596858104627
1201209375.0,-53.76379226280454
1201212500.0,-53.753281220394165
1201215625.0,-53.7493242341835
1201218750.0,-53.76666460852999
1201221875.0,-53.75080041047703
1201225000.0,-53.77686622984031
1201228125.0,-53.76517689964934
1201231250.0,-53.75925231636704
1201234375.0,-53.76265995319025
1201237500.0,-53.7518425364152
1201240625.0,-53.752117702316056
1201243750.0,-53.7648241839679
1201246875.0,-53.753087706872336
1201250000.0,-53.765644945737634
1201253125.0,-53.77724226890241
1201256250.0,-53.78748853196574
1201259375.0,-53.7624569986543
1201262500.0,-53.7725039187945
1201265625.0,-53.8008809923728
1201268750.0,-53.76104698127182
1201271875.0,-53.78260288873986
1201275000.0,-53.757580284595264
1201278125.0,-53.764565578294985
1201281250.0,-53.760146095115715
1201284375.0,-53.76895072539039
1201287500.0,-53.75129059532982
1201290625.0,-53.783076730521856
1201293750.0,-53.79100200066604
1201296875.0,-53.794121255861086
1201300000.0,-53.80316785668321
1201303125.0,-53.76821822683602
1201306250.0,-53.777569957638754
1201309375.0,-53.760733122144636
1201312500.0,-53.78768998338233
1201315625.0,-53.79043344352467
1201318750.0,-53.78336207261989
1201321875.0,-53.78349828288534
1201325000.0,-53.79160958330981
1201328125.0,-53.77667057573911
1201331250.0,-53.79428257405486
1201334375.0,-53.77844689517503
1201337500.0,-53.78986291473025
1201340625.0,-53.799717270295695
1201343750.0,-53.78661774394859
1201346875.0,-53.76554702258327
1201350000.0,-53.801843497167646
1201353125.0,-53.794067203545715
1201356250.0,-53.81771337637331
1201359375.0,-53.79986364121722
1201362500.0,-53.79158406696558
1201365625.0,-53.77845625132922
1201368750.0,-53.80404908990498
1201371875.0,-53.8036104940932
1201375000.0,-53.777545698041216
1201378125.0,-53.787014292765
1201381250.0,-53.79640491794982
1201384375.0,-53.79572353088701
1201387500.0,-53.81128980882492
1201390625.0,-53.82542883213633
1201393750.0,-53.8099902476787
1201396875.0,-53.755430893838884
1201400000.0,-53.79913203672752
1201403125.0,-53.79157977798014
1201406250.0,-53.7970767030375
1201409375.0,-53.81669377302695
1201412500.0,-53.822686458417266
1201415625.0,-53.79934230572801
1201418750.0,-53.81095155513235
1201421875.0,-53.79717032799738
1201425000.0,-53.818165778502745
1201428125.0,-53.814327302217364
1201431250.0,-53.82000603680515
1201434375.0,-53.79300902360358
1201437500.0,-53.80627471145143
1201440625.0,-53.824364598711384
1201443750.0,-53.811004671182054
1201446875.0,-53.811152832259
1201450000.0,-53.824995247075414
1201453125.0,-53.81315619095686
1201456250.0,-53.83041879922087
1201459375.0,-53.82003382501477
1201462500.0,-53.810876756242486
1201465625.0,-53.81915420017229
1201468750.0,-53.8063183865233
1201471875.0,-53.81893452031195
1201475000.0,-53.832460405774164
1201478125.0,-53.81645750548975
1201481250.0,-53.82158124081905
1201484375.0,-53.817944273758634
1201487500.0,-53.81963512374554
1201490625.0,-53.8271573323717
1201493750.0,-53.82023172203534
1201496875.0,-53.81303881187148
1201500000.0,-53.83469992307852
1201503125.0,-53.82230716327829
1201506250.0,-53.813916114805444
1201509375.0,-53.841885778203874
1201512500.0,-53.8550554411141
1201515625.0,-53.839380229847144
1201518750.0,-53.83946061427896
1201521875.0,-53.825204336724
1201525000.0,-53.835308938024525
1201528125.0,-53.822256918509176
1201531250.0,-53.82404103670677
1201534375.0,-53.817816798585355
1201537500.0,-53.840441123427254
1201540625.0,-53.8339914897163
1201543750.0,-53.84769060340223
1201546875.0,-53.83295537154996
1201550000.0,-53.839816842286844
1201553125.0,-53.83062913554341
1201556250.0,-53.826596142405194
1201559375.0,-53.83769105368136
1201562500.0,-53.82503121024321
1201565625.0,-53.844816989746995
1201568750.0,-53.84307348853577
1201571875.0,-53.85321615372938
1201575000.0,-53.816571327089584
1201578125.0,-53.83487569733954
1201581250.0,-53.854987581626254
1201584375.0,-53.84167580861746
1201587500.0,-53.84333799178939
1201590625.0,-53.828087684678124
1201593750.0,-53.861039408661725
1201596875.0,-53.83423162635747
1201600000.0,-53.84583484628339
1201603125.0,-53.84131231220293
1201606250.0,-53.86416445924397
1201609375.0,-53.8454315909812
1201612500.0,-53.82330073356369
1201615625.0,-53.85753881988346
1201618750.0,-53.85762122899167
1201621875.0,-53.86453920851631
1201625000.0,-53.86501485630461
1201628125.0,-53.87329241601213
1201631250.0,-53.851796407052255
1201634375.0,-53.85073183099145
1201637500.0,-53.84959331626307
1201640625.0,-53.85316152784451
1201643750.0,-53.872590785174395
1201646875.0,-53.850997707200676
1201650000.0,-53.872738475163366
1201653125.0,-53.86264703717017
1201656250.0,-53.87053800336407
1201659375.0,-53.87136229520748
1201662500.0,-53.86558290884782
1201665625.0,-53.8718626092225
1201668750.0,-53.874242359152426
1201671875.0,-53.854781305485446
1201675000.0,-53.88621193617253
1201678125.0,-53.88231156637694
1201681250.0,-53.868194798937566
1201684375.0,-53.86122929239702
1201687500.0,-53.86876301726009
1201690625.0,-53.87336547107836
1201693750.0,-53.876301115619846
1201696875.0,-53.861604189887224
1201700000.0,-53.88491192176023
1201703125.0,-53.876986737140136
1201706250.0,-53.87393778362412
1201709375.0,-53.87912381603654
1201712500.0,-53.88139513539355
1201715625.0,-53.879938109922925
1201718750.0,-53.845399119833054
1201721875.0,-53.87352493159217
1201725000.0,-53.89305558848394
1201728125.0,-53.87566802469605
1201731250.0,-53.87342889157605
1201734375.0,-53.89170242581194
1201737500.0,-53.87082082626177
1201740625.0,-53.88410033781092
1201743750.0,-53.890919628775386
1201746875.0,-53.907500310057266
1201750000.0,-53.88771121734044
1201753125.0,-53.872757714029426
1201756250.0,-53.878377060350104
1201759375.0,-53.879795136427745
1201762500.0,-53.88476048690695
1201765625.0,-53.88272866067119
1201768750.0,-53.87651823021337
1201771875.0,-53.89208486110729
1201775000.0,-53.894286478648716
1201778125.0,-53.91143685524873
1201781250.0,-53.87317650330131
1201784375.0,-53.879574648431976
1201787500.0,-53.864058825093664
1201790625.0,-53.89991540548377
1201793750.0,-53.90296898957471
1201796875.0,-53.8924240881098
1201800000.0,-53.902119779411954
1201803125.0,-53.90506583546153
1201806250.0,-53.92182650944968
1201809375.0,-53.899861607116115
1201812500.0,-53.89639599241297
1201815625.0,-53.9006222748612
1201818750.0,-53.922610853071774
1201821875.0,-53.90221485448296
1201825000.0,-53.90541865718719
1201828125.0,-53.91656325884733
1201831250.0,-53.915574370539254
1201834375.0,-53.89739443825086
1201837500.0,-53.91713452975114
1201840625.0,-53.89028641285086
1201843750.0,-53.9112093731491
1201846875.0,-53.908099656325795
1201850000.0,-53.9184144468635
1201853125.0,-53.9016717251387
1201856250.0,-53.90858142299503
1201859375.0,-53.913550616959384
1201862500.0,-53.91026678980529
1201865625.0,-53.91389640342432
1201868750.0,-53.93043169392358
1201871875.0,-53.92799635630986
1201875000.0,-53.90066434475046
1201878125.0,-53.92013066890203
1201881250.0,-53.92964781517338
1201884375.0,-53.93182730946896
1201887500.0,-53.90640073778284
1201890625.0,-53.929319957806904
1201893750.0,-53.911006873310654
1201896875.0,-53.91025822083476
1201900000.0,-53.92061600292476
1201903125.0,-53.92206811974897
1201906250.0,-53.90782420604453
1201909375.0,-53.924667962802
1201912500.0,-53.92049155581775
1201915625.0,-53.916806447990716
1201918750.0,-53.90757913254312
1201921875.0,-53.91657651892823
1201925000.0,-53.912955285918486
1201928125.0,-53.91967883503308
1201931250.0,-53.90874288003883
1201934375.0,-53.925958120190636
1201937500.0,-53.93180458945948
1201940625.0,-53.934355867296254
1201943750.0,-53.91405094372038
1201946875.0,-53.91012304103788
1201950000.0,-53.93210718354537
1201953125.0,-53.93815649662797
1201956250.0,-53.93221518192303
1201959375.0,-53.899848296739975
1201962500.0,-53.925291227851865
1201965625.0,-53.94240570725973
1201968750.0,-53.93556862026184
1201971875.0,-53.91646035108248
1201975000.0,-53.95146518125207
1201978125.0,-53.93528979247393
1201981250.0,-53.93084339026433
1201984375.0,-53.91571166943394
1201987500.0,-53.940648705188494
1201990625.0,-53.937401835592595
1201993750.0,-53.94137892178911
1201996875.0,-53.932006133960385
1202000000.0,-53.95183640839508
1202003125.0,-53.933342867993254
1202006250.0,-53.95097619822473
1202009375.0,-53.94308103599328
1202012500.0,-53.941876370119765
1202015625.0,-53.92413347892783
1202018750.0,-53.93639403053917
1202021875.0,-53.95185249857275
1202025000.0,-53.9537724271437
1202028125.0,-53.925563184228984
1202031250.0,-53.94552058972106
1202034375.0,-53.94764980272601
1202037500.0,-53.934034064084685
1202040625.0,-53.947427314119274
1202043750.0,-53.93319153876415
1202046875.0,-53.95328489912237
1202050000.0,-53.95459071023214
1202053125.0,-53.95293561528659
1202056250.0,-53.93517986316507
1202059375.0,-53.9762827552823
1202062500.0,-53.9396813772404
1202065625.0,-53.961791509213455
1202068750.0,-53.96471960740101
1202071875.0,-53.95242643328853
1202075000.0,-53.95389818327076
1202078125.0,-53.94310898523957
1202081250.0,-53.96593558228132
1202084375.0,-53.94810905853118
1202087500.0,-53.94477360593466
1202090625.0,-53.97140431201956
1202093750.0,-53.94467132381795
1202096875.0,-53.97484083076741
1202100000.0,-53.95234407382375
1202103125.0,-53.97214260059168
1202106250.0,-53.98525028515086
1202109375.0,-53.98396090951422
1202112500.0,-53.94468797051841
1202115625.0,-53.964894596370215
1202118750.0,-53.97052216974796
1202121875.0,-53.97006728621784
1202125000.0,-53.958161180628544
1202128125.0,-53.97942481701538
1202131250.0,-53.98781568698244
1202134375.0,-53.98082196556025
1202137500.0,-53.951616290035616
1202140625.0,-53.95968887143176
1202143750.0,-53.9854105765782
1202146875.0,-53.9657490014742
1202150000.0,-53.95554140060869
1202153125.0,-53.98436829782061
1202156250.0,-53.98794180695338
1202159375.0,-53.97874225139536
1202162500.0,-53.9785996460685
1202165625.0,-53.96690288091258
1202168750.0,-54.00030457101229
1202171875.0,-53.967776871210965
1202175000.0,-53.992207214497626
1202178125.0,-53.99540201166667
1202181250.0,-53.991314779665586
1202184375.0,-53.99316395462379
1202187500.0,-54.004004860396975
1202190625.0,-53.996050093296965
1202193750.0,-53.98545002379883
1202196875.0,-53.97885822774726
1202200000.0,-53.980793799781836
1202203125.0,-53.98478069776071
1202206250.0,-54.004549687404044
1202209375.0,-53.99687101635209
1202212500.0,-53.99139706344954
1202215625.0,-53.99232495246979
1202218750.0,-53.99406822976977
1202221875.0,-53.997547377001126
1202225000.0,-53.98411593284999
1202228125.0,-53.994925318131976
1202231250.0,-53.98100724540308
1202234375.0,-54.008337961757576
1202237500.0,-54.01416359791287
1202240625.0,-54.0333254786426
1202243750.0,-54.02042101597048
1202246875.0,-54.01010606385608
1202250000.0,-53.980167306111845
1202253125.0,-53.99928798564964
1202256250.0,-53.978723492926115
1202259375.0,-54.009329200830656
1202262500.0,-53.99132409827493
1202265625.0,-54.00327710454846
1202268750.0,-54.0031291051994
1202271875.0,-54.01335005956573
1202275000.0,-54.0145965692396
1202278125.0,-53.99839221520628
1202281250.0,-54.00097375717461
1202284375.0,-54.010994761633505
1202287500.0,-54.00410716764737
1202290625.0,-54.00590366163296
1202293750.0,-54.00495182704181
1202296875.0,-54.00554060417908
1202300000.0,-53.9958091328211
1202303125.0,-54.011216127554995
1202306250.0,-54.012389556783894
1202309375.0,-54.03161949352008
1202312500.0,-54.01911518804233
1202315625.0,-54.019515247570126
1202318750.0,-54.004632689811885
1202321875.0,-54.00408123230798
1202325000.0,-53.99142257653951
1202328125.0,-54.02646095636185
1202331250.0,-54.0190094468037
1202334375.0,-54.02771402666736
1202337500.0,-54.036760900345435
1202340625.0,-54.029700217999654
1202343750.0,-54.03082194319014
1202346875.0,-54.01509840476864
1202350000.0,-54.034984951105486
1202353125.0,-54.03666374074447
1202356250.0,-54.03158923596842
1202359375.0,-54.03526235409264
1202362500.0,-54.02190439456922
1202365625.0,-54.03016791994361
1202368750.0,-54.04643035480595
1202371875.0,-54.010262500030954
1202375000.0,-54.006221525385676
1202378125.0,-54.04113651198782
1202381250.0,-54.03781422616515
1202384375.0,-54.01897971980517
1202387500.0,-54.011898824833736
1202390625.0,-54.038023722965704
1202393750.0,-54.02675091778503
1202396875.0,-54.025626630019225
1202400000.0,-54.030895034130346
1202403125.0,-54.04202134052973
1202406250.0,-54.02565674782328
1202409375.0,-54.038671120231285
1202412500.0,-54.04195765912657
1202415625.0,-54.02769930098762
1202418750.0,-54.030658491761436
1202421875.0,-54.042312914192706
1202425000.0,-54.01672240989196
1202428125.0,-54.01810971813358
1202431250.0,-54.04374899813975
1202434375.0,-54.045811408529346
1202437500.0,-54.02760583321397
1202440625.0,-54.040328680312356
1202443750.0,-54.04349890944049
1202446875.0,-54.03872145054328
1202450000.0,-54.04166439708538
1202453125.0,-54.036852247808085
1202456250.0,-54.043910177382706
1202459375.0,-54.02496599594023
1202462500.0,-54.04851396746415
1202465625.0,-54.04697741193538
1202468750.0,-54.04029085700885
1202471875.0,-54.06911154906332
1202475000.0,-54.05383955726718
1202478125.0,-54.06577243695516
1202481250.0,-54.05769203101677
1202484375.0,-54.0499101964741
1202487500.0,-54.062890766445676
1202490625.0,-54.05184913063153
1202493750.0,-54.04762500748848
1202496875.0,-54.03966364362623
1202500000.0,-54.06070057579606
1202503125.0,-54.05401940458303
1202506250.0,-54.06194788794812
1202509375.0,-54.067709878569765
1202512500.0,-54.05438660935164
1202515625.0,-54.050244331709855
1202518750.0,-54.058853123792545
1202521875.0,-54.07682544276474
1202525000.0,-54.07329200656915
1202528125.0,-54.051754893912424
1202531250.0,-54.06313086313468
1202534375.0,-54.08990330635493
1202537500.0,-54.07834114967403
1202540625.0,-54.06335995991034
1202543750.0,-54.0681068290139
1202546875.0,-54.0482645149455
1202550000.0,-54.06486266208293
1202553125.0,-54.08157590641129
1202556250.0,-54.062069149349846
1202559375.0,-54.060327887034134
1202562500.0,-54.04948619868119
1202565625.0,-54.07725092605251
1202568750.0,-54.06343757288671
1202571875.0,-54.05732310497095
1202575000.0,-54.05258048333774
1202578125.0,-54.067775662756794
1202581250.0,-54.07723110734257
1202584375.0,-54.0843974689527
1202587500.0,-54.07870833678747
1202590625.0,-54.06647183303496
1202593750.0,-54.08099187963646
1202596875.0,-54.10545944492764
1202600000.0,-54.10033431116113
1202603125.0,-54.064571737651356
1202606250.0,-54.107135897196194
1202609375.0,-54.07626817179703
1202612500.0,-54.09225605335451
1202615625.0,-54.094506421975694
1202618750.0,-54.096111086407504
1202621875.0,-54.08215489947745
1202625000.0,-54.08309237671661
1202628125.0,-54.06004448869172
1202631250.0,-54.06767460972638
1202634375.0,-54.08811894492252
1202637500.0,-54.100999220169996
1202640625.0,-54.07559898529602
1202643750.0,-54.08579104344288
1202646875.0,-54.1065252549837
1202650000.0,-54.07019570854061
1202653125.0,-54.08539896641233
1202656250.0,-54.081132694591275
1202659375.0,-54.0734939137108
1202662500.0,-54.08085555681046
1202665625.0,-54.0877450124306
1202668750.0,-54.08981299106729
1202671875.0,-54.106283056681775
1202675000.0,-54.092224160042804
1202678125.0,-54.08297559867551
1202681250.0,-54.09794410567549
1202684375.0,-54.09917645147585
1202687500.0,-54.112653844976734
1202690625.0,-54.133831591899586
1202693750.0,-54.10468225373182
1202696875.0,-54.10235575144763
1202700000.0,-54.10760324760828
1202703125.0,-54.11092749554575
1202706250.0,-54.111852312069765
1202709375.0,-54.09465757586819
1202712500.0,-54.08460444771781
1202715625.0,-54.11379457929356
1202718750.0,-54.112276531791075
1202721875.0,-54.08114905374226
1202725000.0,-54.108484646374876
1202728125.0,-54.09940736702152
1202731250.0,-54.11999889064149
1202734375.0,-54.12477109493019
1202737500.0,-54.128502696493264
1202740625.0,-54.1178250035689
1202743750.0,-54.1317802692079
1202746875.0,-54.135073895662416
1202750000.0,-54.126339667700144
1202753125.0,-54.10843080132111
1202756250.0,-54.08925953874311
1202759375.0,-54.08933958131752
1202762500.0,-54.113472327631484
1202765625.0,-54.12351626070094
1202768750.0,-54.10877079901357
1202771875.0,-54.12357338029683
1202775000.0,-54.105446063884266
1202778125.0,-54.09957372631168
1202781250.0,-54.12343382673866
1202784375.0,-54.13505167454673
1202787500.0,-54.12103664650226
1202790625.0,-54.13831864809195
1202793750.0,-54.110212949539516
1202796875.0,-54.12923076727858
1202800000.0,-54.100058037173916
1202803125.0,-54.12653036848413
1202806250.0,-54.12412477549507
1202809375.0,-54.11002997514857
1202812500.0,-54.108966001666765
1202815625.0,-54.13780946514938
1202818750.0,-54.12332834901154
1202821875.0,-54.127932132343275
1202825000.0,-54.140717648816505
1202828125.0,-54.141761170865394
1202831250.0,-54.13022029864368
1202834375.0,-54.144616522245535
1202837500.0,-54.14525671611612
1202840625.0,-54.132311546373224
1202843750.0,-54.11988194815181
1202846875.0,-54.15962166483863
1202850000.0,-54.14621620847579
1202853125.0,-54.133039969012415
1202856250.0,-54.14805192944819
1202859375.0,-54.124046281226256
1202862500.0,-54.13190292038194
1202865625.0,-54.12254719698918
1202868750.0,-54.12371656765473
1202871875.0,-54.14088364582171
1202875000.0,-54.14247340638478
1202878125.0,-54.123092518699714
1202881250.0,-54.153886615708444
1202884375.0,-54.13122192525954
1202887500.0,-54.13466665762888
1202890625.0,-54.135202698632256
1202893750.0,-54.15099980060463
1202896875.0,-54.15217787369275
1202900000.0,-54.14178169336244
1202903125.0,-54.14720875170608
1202906250.0,-54.11821571265508
1202909375.0,-54.140767825777
1202912500.0,-54.145986014833944
1202915625.0,-54.1642272057286
1202918750.0,-54.16079127321294
1202921875.0,-54.14344006010581
1202925000.0,-54.13732569867099
1202928125.0,-54.16317083407035
1202931250.0,-54.181745637885605
1202934375.0,-54.154650135610524
1202937500.0,-54.140686596566496
1202940625.0,-54.159247734929586
1202943750.0,-54.16973954039879
1202946875.0,-54.14941213596472
1202950000.0,-54.17097405028003
1202953125.0,-54.14951271516766
1202956250.0,-54.16463768799967
1202959375.0,-54.15485500064175
1202962500.0,-54.15121009918732
1202965625.0,-54.15545736110964
1202968750.0,-54.15834350730331
1202971875.0,-54.15835245968568
1202975000.0,-54.148854408563054
1202978125.0,-54.14817064317336
1202981250.0,-54.17572334810646
1202984375.0,-54.15670032235783
1202987500.0,-54.154470990076874
1202990625.0,-54.1741613454984
1202993750.0,-54.16192238571756
1202996875.0,-54.14783824435591
1203000000.0,-54.16551003768768
1203003125.0,-54.15540934332645
1203006250.0,-54.17339810678908
1203009375.0,-54.17653352252877
1203012500.0,-54.17538447340989
1203015625.0,-54.17855871684876
1203018750.0,-54.18294449737045
1203021875.0,-54.15118011565509
1203025000.0,-54.186532255955534
1203028125.0,-54.17007271159043
1203031250.0,-54.21351799160326
1203034375.0,-54.17763920659028
1203037500.0,-54.18681839792806
1203040625.0,-54.17133955075703
1203043750.0,-54.15815108640967
1203046875.0,-54.17561478073525
1203050000.0,-54.1649570167428
1203053125.0,-54.18125887074829
1203056250.0,-54.16551603187348
1203059375.0,-54.18633933253181
1203062500.0,-54.18120897488767
1203065625.0,-54.2100091619841
1203068750.0,-54.17338443432706
1203071875.0,-54.19487146096306
1203075000.0,-54.17622302384642
1203078125.0,-54.201282197085476
1203081250.0,-54.1885187496646
1203084375.0,-54.1922958938121
1203087500.0,-54.18801211797411
1203090625.0,-54.180548187533056
1203093750.0,-54.19951591467797
1203096875.0,-54.18094364863494
1203100000.0,-54.1781666619271
1203103125.0,-54.18818084979948
1203106250.0,-54.198555582274714
1203109375.0,-54.196520116373854
1203112500.0,-54.197714591802054
1203115625.0,-54.19771624915298
1203118750.0,-54.20059635678067
1203121875.0,-54.20012708256612
1203125000.0,-54.23336077520262
1203128125.0,-54.205132562778765
1203131250.0,-54.18492736148624
1203134375.0,-54.16976918447136
1203137500.0,-54.18435192435481
1203140625.0,-54.197044150552344
1203143750.0,-54.16528679948178
1203146875.0,-54.17913311288084
1203150000.0,-54.21020600217021
1203153125.0,-54.20910093417114
1203156250.0,-54.19728187369787
1203159375.0,-54.19404272276444
1203162500.0,-54.21885665971271
1203165625.0,-54.20967270893697
1203168750.0,-54.21624103077618
1203171875.0,-54.20429972794061
1203175000.0,-54.20961402105455
1203178125.0,-54.22261225568742
1203181250.0,-54.2187550243932
1203184375.0,-54.2009206283675
1203187500.0,-54.21581005804116
1203190625.0,-54.212341427037146
1203193750.0,-54.2061648887852
1203196875.0,-54.19429463981266
1203200000.0,-54.233621103497875
1203203125.0,-54.19481941495762
1203206250.0,-54.20816563907497
1203209375.0,-54.2221214590732
1203212500.0,-54.2206472620848
1203215625.0,-54.225665275527035
1203218750.0,-54.21810858730659
1203221875.0,-54.242226054715324
1203225000.0,-54.23495881195335
1203228125.0,-54.21318538241469
1203231250.0,-54.218292539893945
1203234375.0,-54.213762410897814
1203237500.0,-54.21958932803545
1203240625.0,-54.23011058417005
1203243750.0,-54.19487222700856
1203246875.0,-54.23091288971591
1203250000.0,-54.22745824220239
1203253125.0,-54.232958264278096
1203256250.0,-54.21274695394557
1203259375.0,-54.227192180869515
1203262500.0,-54.22586048825656
1203265625.0,-54.216656224007316
1203268750.0,-54.21348009206158
1203271875.0,-54.239340389845125
1203275000.0,-54.23735820714523
1203278125.0,-54.22825717938736
1203281250.0,-54.23413567892852
1203284375.0,-54.23294466485687
1203287500.0,-54.22331432631347
1203290625.0,-54.231800584324226
1203293750.0,-54.22940992349241
1203296875.0,-54.248020943884676
1203300000.0,-54.22825485902262
1203303125.0,-54.24963144490152
1203306250.0,-54.2266760540768
1203309375.0,-54.23651537863568
1203312500.0,-54.23755708286819
1203315625.0,-54.217424907548086
1203318750.0,-54.235217709135846
1203321875.0,-54.24866542912693
1203325000.0,-54.22366292764762
1203328125.0,-54.23041842153228
1203331250.0,-54.23984116297924
1203334375.0,-54.24735392845727
1203337500.0,-54.23668985104467
1203340625.0,-54.23645362069218
1203343750.0,-54.263445735620564
1203346875.0,-54.21993013258454
1203350000.0,-54.241942916914624
1203353125.0,-54.23859049832344
1203356250.0,-54.230046911798176
1203359375.0,-54.252153489799426
1203362500.0,-54.254319530869616
1203365625.0,-54.247058191757304
1203368750.0,-54.25303208908298
1203371875.0,-54.26376119040963
1203375000.0,-54.239934785132014
1203378125.0,-54.26747759389544
1203381250.0,-54.22638814720123
1203384375.0,-54.27723126729539
1203387500.0,-54.2676684723799
1203390625.0,-54.23802922006101
1203393750.0,-54.25604535642071
1203396875.0,-54.26778666106336
1203400000.0,-54.256673080288316
1203403125.0,-54.27015984131939
1203406250.0,-54.23830291686554
1203409375.0,-54.24623656584168
1203412500.0,-54.256907573562266
1203415625.0,-54.27376045277299
1203418750.0,-54.256490902963556
1203421875.0,-54.262676475491496
1203425000.0,-54.24655683704462
1203428125.0,-54.27078452923794
1203431250.0,-54.266158346881845
1203434375.0,-54.273482723092116
1203437500.0,-54.2439136475896
1203440625.0,-54.278402108276055
1203443750.0,-54.25501527941935
1203446875.0,-54.23843641164978
1203450000.0,-54.270951332980495
1203453125.0,-54.27284860931802
1203456250.0,-54.27125034952492
1203459375.0,-54.27427260921705
1203462500.0,-54.255321792799535
1203465625.0,-54.26815567387695
1203468750.0,-54.276807538808626
1203471875.0,-54.27584541166529
1203475000.0,-54.268445677897155
1203478125.0,-54.28167838055504
1203481250.0,-54.272600510129465
1203484375.0,-54.26599831702287
1203487500.0,-54.248994137951655
1203490625.0,-54.27082904493619
1203493750.0,-54.28240882678092
1203496875.0,-54.29901447601822
1203500000.0,-54.27772620892965
1203503125.0,-54.26507706470364
1203506250.0,-54.26995679241503
1203509375.0,-54.27222283813188
1203512500.0,-54.28557944295899
1203515625.0,-54.291577541577496
1203518750.0,-54.292607587914226
1203521875.0,-54.280041779873066
1203525000.0,-54.301038616797676
1203528125.0,-54.282859059260424
1203531250.0,-54.289050412059
1203534375.0,-54.29319115780767
1203537500.0,-54.28793860564447
1203540625.0,-54.283673362086574
1203543750.0,-54.28955746188305
1203546875.0,-54.29064787118134
1203550000.0,-54.284715769531964
1203553125.0,-54.28756401198773
1203556250.0,-54.29827988320848
1203559375.0,-54.310169383157
1203562500.0,-54.27065288320813
1203565625.0,-54.299789057649946
1203568750.0,-54.32278992471339
1203571875.0,-54.29578528874808
1203575000.0,-54.309440040862206
1203578125.0,-54.29244456763656
1203581250.0,-54.27848138650385
1203584375.0,-54.29250589913365
1203587500.0,-54.30941763702561
1203590625.0,-54.30498721307556
1203593750.0,-54.30080739910185
1203596875.0,-54.287634521098155
1203600000.0,-54.307126048361596
1203603125.0,-54.33519871684608
1203606250.0,-54.311115222517586
1203609375.0,-54.29706132137959
1203612500.0,-54.29952441131355
1203615625.0,-54.29638483431133
1203618750.0,-54.30795343002329
1203621875.0,-54.30791087684091
1203625000.0,-54.29830273657423
1203628125.0,-54.29974030928086
1203631250.0,-54.298528271826285
1203634375.0,-54.30977830798405
1203637500.0,-54.2946485194978
1203640625.0,-54.29567811695873
1203643750.0,-54.305654237477555
1203646875.0,-54.29378859126878
1203650000.0,-54.29911546128478
1203653125.0,-54.300040992000234
1203656250.0,-54.32649326625921
1203659375.0,-54.30646458795542
1203662500.0,-54.30102739583999
1203665625.0,-54.298608847790746
1203668750.0,-54.312775030402236
1203671875.0,-54.30413651017726
1203675000.0,-54.3010211356833
1203678125.0,-54.30447131172779
1203681250.0,-54.29864840978467
1203684375.0,-54.32071849111702
1203687500.0,-54.337104732542855
1203690625.0,-54.32204988136227
1203693750.0,-54.31112060575457
1203696875.0,-54.31900479066629
1203700000.0,-54.32745580981145
1203703125.0,-54.31964841778029
1203706250.0,-54.32846506515005
1203709375.0,-54.334019004616
1203712500.0,-54.31841974602612
1203715625.0,-54.33114589601077
1203718750.0,-54.31508811278297
1203721875.0,-54.33491539331439
1203725000.0,-54.361505432982746
1203728125.0,-54.32874602952071
1203731250.0,-54.31429632252143
1203734375.0,-54.33393486064206
1203737500.0,-54.320460691928695
1203740625.0,-54.3429912079779
1203743750.0,-54.319151429808514
1203746875.0,-54.34792555935315
1203750000.0,-54.332552570817555
1203753125.0,-54.333341049244886
1203756250.0,-54.35266987668
1203759375.0,-54.33144199016438
1203762500.0,-54.324374568175806
1203765625.0,-54.32425338596931
1203768750.0,-54.32951290357132
1203771875.0,-54.32594979903033
1203775000.0,-54.345852554332055
1203778125.0,-54.35934135555587
1203781250.0,-54.323769619902734
1203784375.0,-54.343888750307215
1203787500.0,-54.34493209530372
1203790625.0,-54.34150094210618
1203793750.0,-54.35921160696786
1203796875.0,-54.339019273857154
1203800000.0,-54.337221532415164
1203803125.0,-54.338295626989705
1203806250.0,-54.33913556981645
1203809375.0,-54.33640550660437
1203812500.0,-54.32696486756024
1203815625.0,-54.34815018540339
1203818750.0,-54.34282224564608
1203821875.0,-54.34921359908739
1203825000.0,-54.340850450169825
1203828125.0,-54.339228224917235
1203831250.0,-54.35736708766801
1203834375.0,-54.33715456829935
1203837500.0,-54.359671302705806
1203840625.0,-54.364726453110514
1203843750.0,-54.34315334346104
1203846875.0,-54.341276989038676
1203850000.0,-54.362044654325054
1203853125.0,-54.33084712169032
1203856250.0,-54.370172684568686
1203859375.0,-54.371528186080795
1203862500.0,-54.35826816393684
1203865625.0,-54.36402112604434
1203868750.0,-54.344827709181025
1203871875.0,-54.36344580940358
1203875000.0,-54.35744608691424
1203878125.0,-54.36913036404898
1203881250.0,-54.3576336791093
1203884375.0,-54.36245672014981
1203887500.0,-54.35674026714718
1203890625.0,-54.34972076740793
1203893750.0,-54.362544063322716
1203896875.0,-54.36274269070854
1203900000.0,-54.369530380726744
1203903125.0,-54.380800226258316
1203906250.0,-54.37320153966141
1203909375.0,-54.36169934683067
1203912500.0,-54.37727508569804
1203915625.0,-54.377185751466
1203918750.0,-54.36280543552422
1203921875.0,-54.36645337691505
1203925000.0,-54.367301482958524
1203928125.0,-54.355618441343296
1203931250.0,-54.38125789069855
1203934375.0,-54.36219769910685
1203937500.0,-54.35132115309327
1203940625.0,-54.352043214706846
1203943750.0,-54.368561485253124
1203946875.0,-54.38921207558889
1203950000.0,-54.373190434257786
1203953125.0,-54.37495660685488
1203956250.0,-54.37650955252656
1203959375.0,-54.376454820481015
1203962500.0,-54.36604327487125
1203965625.0,-54.392908728588665
1203968750.0,-54.353322351809915
1203971875.0,-54.37735502012689
1203975000.0,-54.38255925860808
1203978125.0,-54.3753967364825
1203981250.0,-54.37105708964305
1203984375.0,-54.3782396278303
1203987500.0,-54.37707231029665
1203990625.0,-54.35111089067262
1203993750.0,-54.399294257560534
1203996875.0,-54.367532471366694
1204000000.0,-54.39025542354155
1204003125.0,-54.377628672604814
1204006250.0,-54.38868268946835
1204009375.0,-54.37018564206842
1204012500.0,-54.38304540831956
1204015625.0,-54.39671611343049
1204018750.0,-54.400431021415805
1204021875.0,-54.387419747133855
1204025000.0,-54.392344054454696
1204028125.0,-54.36431648187745
1204031250.0,-54.407955461992586
1204034375.0,-54.37253312453035
1204037500.0,-54.39892699064297
1204040625.0,-54.37808965499438
1204043750.0,-54.397619428402734
1204046875.0,-54.39605912632508
1204050000.0,-54.39262997551556
1204053125.0,-54.392532794563046
1204056250.0,-54.396624106324055
1204059375.0,-54.38085127258052
1204062500.0,-54.43870652789422
1204065625.0,-54.389637011555195
1204068750.0,-54.38514873494541
1204071875.0,-54.394827904126906
1204075000.0,-54.3940292172207
1204078125.0,-54.40077724270022
1204081250.0,-54.392502661589
1204084375.0,-54.38681357171997
1204087500.0,-54.44512735561411
1204090625.0,-54.41198794374589
1204093750.0,-54.38979984672174
1204096875.0,-54.407832774004156
1204100000.0,-54.39479893729812
1204103125.0,-54.39847899306151
1204106250.0,-54.41525771266478
1204109375.0,-54.38499380974302
1204112500.0,-54.421513460618925
1204115625.0,-54.40272436620061
1204118750.0,-54.4105389347054
1204121875.0,-54.39997700699874
1204125000.0,-54.40498799743358
1204128125.0,-54.41087026786397
1204131250.0,-54.41392481495623
1204134375.0,-54.40975064735388
1204137500.0,-54.39707686817098
1204140625.0,-54.41399391244997
1204143750.0,-54.414948149798455
1204146875.0,-54.42944007030479
1204150000.0,-54.41580389634163
1204153125.0,-54.401185974979384
1204156250.0,-54.436374989504756
1204159375.0,-54.435159283293835
1204162500.0,-54.41782675166801
1204165625.0,-54.41730177628857
1204168750.0,-54.42638163507816
1204171875.0,-54.405838501793994
1204175000.0,-54.419076229444414
1204178125.0,-54.40519608377969
1204181250.0,-54.446282099727014
1204184375.0,-54.41133911203423
1204187500.0,-54.4285087757379
1204190625.0,-54.414505632274654
1204193750.0,-54.42058021974942
1204196875.0,-54.431914521755274
1204200000.0,-54.442761496628
1204203125.0,-54.412081385669694
1204206250.0,-54.42779894019659
1204209375.0,-54.441257618151496
1204212500.0,-54.449949112647325
1204215625.0,-54.41668663297711
1204218750.0,-54.42747252130051
1204221875.0,-54.43196790105306
1204225000.0,-54.424647145263236
1204228125.0,-54.42273437982716
1204231250.0,-54.405328660517064
1204234375.0,-54.4202131300892
1204237500.0,-54.430652030433414
1204240625.0,-54.44743410590108
1204243750.0,-54.44460420951994
1204246875.0,-54.42941396759986
1204250000.0,-54.4260229571371
1204253125.0,-54.45595198348125
1204256250.0,-54.42411801483854
1204259375.0,-54.41668585543924
1204262500.0,-54.42838751634016
1204265625.0,-54.417124661406895
1204268750.0,-54.44207784102668
1204271875.0,-54.452692881175935
1204275000.0,-54.43268604117504
1204278125.0,-54.43511940366519
1204281250.0,-54.445933613160705
1204284375.0,-54.44700465265923
1204287500.0,-54.41959713820788
1204290625.0,-54.43634899928603
1204293750.0,-54.43721715071751
1204296875.0,-54.436230175750474
1204300000.0,-54.432956600641354
1204303125.0,-54.46504258867707
1204306250.0,-54.42215556445273
1204309375.0,-54.455720646819856
1204312500.0,-54.44387799767217
1204315625.0,-54.44051576238673
1204318750.0,-54.45270031193823
1204321875.0,-54.423452010264704
1204325000.0,-54.479891865554336
1204328125.0,-54.45996032067593
1204331250.0,-54.44743895448142
1204334375.0,-54.44638662804116
1204337500.0,-54.450076499566656
1204340625.0,-54.44492998770936
1204343750.0,-54.46371408092846
1204346875.0,-54.460340793137156
1204350000.0,-54.49198095013796
1204353125.0,-54.46433159997188
1204356250.0,-54.44224670058822
1204359375.0,-54.4748082416228
1204362500.0,-54.45051342187152
1204365625.0,-54.44686964131195
1204368750.0,-54.46217669033317
1204371875.0,-54.4740685939561
1204375000.0,-54.4504669958137
1204378125.0,-54.45498091532238
1204381250.0,-54.442718748645035
1204384375.0,-54.44476001988848
1204387500.0,-54.46338237735598
1204390625.0,-54.4427683340254
1204393750.0,-54.46870448202015
1204396875.0,-54.48432755518112
1204400000.0,-54.44668829629717
1204403125.0,-54.47747233530269
1204406250.0,-54.46648355012095
1204409375.0,-54.474401360751315
1204412500.0,-54.47676933830117
1204415625.0,-54.47923535717412
1204418750.0,-54.457765955605716
1204421875.0,-54.46116714534428
1204425000.0,-54.48832226479592
1204428125.0,-54.468734295031986
1204431250.0,-54.460598164820155
1204434375.0,-54.50574144990833
1204437500.0,-54.44666982719375
1204440625.0,-54.485456765063404
1204443750.0,-54.47026248191622
1204446875.0,-54.489523232841464
1204450000.0,-54.4843187864125
1204453125.0,-54.48101961193623
1204456250.0,-54.49180475706242
1204459375.0,-54.4921368713311
1204462500.0,-54.494110360081216
1204465625.0,-54.45305319876188
1204468750.0,-54.47291606640987
1204471875.0,-54.48177399559134
1204475000.0,-54.48959406342406
1204478125.0,-54.46044605131422
1204481250.0,-54.499404795196206
1204484375.0,-54.48408776739709
1204487500.0,-54.47960131728892
1204490625.0,-54.478861988385965
1204493750.0,-54.49045910232118
1204496875.0,-54.48531722301336
1204500000.0,-54.499591212447655
1204503125.0,-54.47465259502712
1204506250.0,-54.49594419305519
1204509375.0,-54.496751486338994
1204512500.0,-54.49224294872411
1204515625.0,-54.47894270932404
1204518750.0,-54.492510927485895
1204521875.0,-54.483805108635345
1204525000.0,-54.47038134311987
1204528125.0,-54.49299272497956
1204531250.0,-54.497376225660155
1204534375.0,-54.50332366393586
1204537500.0,-54.49438277131875
1204540625.0,-54.49726955271758
1204543750.0,-54.484393689987364
1204546875.0,-54.50105839827194
1204550000.0,-54.48295325815438
1204553125.0,-54.5239561383791
1204556250.0,-54.49915511547611
1204559375.0,-54.48496760214272
1204562500.0,-54.500572226122344
1204565625.0,-54.501002307738894
1204568750.0,-54.5203301853623
1204571875.0,-54.50226575473967
1204575000.0,-54.53305724305532
1204578125.0,-54.507232997033924
1204581250.0,-54.485092259406535
1204584375.0,-54.53142621445295
1204587500.0,-54.49754739943187
1204590625.0,-54.50344538190945
1204593750.0,-54.50749568437151
1204596875.0,-54.501838999800945
1204600000.0,-54.51928542132677
1204603125.0,-54.500359980721456
1204606250.0,-54.51565043398914
1204609375.0,-54.51772445952544
1204612500.0,-54.520125372887044
1204615625.0,-54.4916873092033
1204618750.0,-54.507350824607734
1204621875.0,-54.52098382433591
1204625000.0,-54.51131663739174
1204628125.0,-54.50777417473536
1204631250.0,-54.515358544554736
1204634375.0,-54.526950495964634
1204637500.0,-54.51922545323132
1204640625.0,-54.54230246571723
1204643750.0,-54.505199657695925
1204646875.0,-54.53493888000677
1204650000.0,-54.53216965924859
1204653125.0,-54.523655049999626
1204656250.0,-54.5107132841556
1204659375.0,-54.519253929828906
1204662500.0,-54.513808586421334
1204665625.0,-54.52049776146576
1204668750.0,-54.51145290330061
1204671875.0,-54.52137939541383
1204675000.0,-54.49797386208307
1204678125.0,-54.54386253929163
1204681250.0,-54.51112538749391
1204684375.0,-54.53477516915653
1204687500.0,-54.513248866140046
1204690625.0,-54.52129093963778
1204693750.0,-54.52935130390736
1204696875.0,-54.51429086311194
1204700000.0,-54.52556163644413
1204703125.0,-54.51722368099884
1204706250.0,-54.53970103476718
1204709375.0,-54.50573300178993
1204712500.0,-54.534113854299726
1204715625.0,-54.52836934409705
1204718750.0,-54.52284871994496
1204721875.0,-54.52333944961035
1204725000.0,-54.524779155696955
1204728125.0,-54.53348902779003
1204731250.0,-54.50581010004895
1204734375.0,-54.52489698812997
1204737500.0,-54.529483757305535
1204740625.0,-54.54302905161144
1204743750.0,-54.53481632839263
1204746875.0,-54.53355887294385
1204750000.0,-54.535787787654385
1204753125.0,-54.52683944485936
1204756250.0,-54.530172416080184
1204759375.0,-54.53550334718157
1204762500.0,-54.55300181929386
1204765625.0,-54.51948708663866
1204768750.0,-54.56959116874901
1204771875.0,-54.541797212302995
1204775000.0,-54.53311219218923
1204778125.0,-54.548230814593076
1204781250.0,-54.52704966751229
1204784375.0,-54.54812386496142
1204787500.0,-54.538713430622124
1204790625.0,-54.544714194108444
1204793750.0,-54.52816547848027
1204796875.0,-54.5514665842433
1204800000.0,-54.56348720125682
1204803125.0,-54.55556018524637
1204806250.0,-54.56098833061587
1204809375.0,-54.56054704874239
1204812500.0,-54.52950701726608
1204815625.0,-54.55430208248094
1204818750.0,-54.532788155465845
1204821875.0,-54.5479952622649
1204825000.0,-54.55040057269744
1204828125.0,-54.56610724669739
1204831250.0,-54.55849627180449
1204834375.0,-54.55641875037971
1204837500.0,-54.567616202506194
1204840625.0,-54.545490861593606
1204843750.0,-54.567201966251545
1204846875.0,-54.55543369184536
1204850000.0,-54.55683692978381
1204853125.0,-54.553657084270206
1204856250.0,-54.586435821194264
1204859375.0,-54.568134093757685
1204862500.0,-54.56826917223703
1204865625.0,-54.55905135517936
1204868750.0,-54.562521575078
1204871875.0,-54.5794541516529
1204875000.0,-54.56662408300755
1204878125.0,-54.576789259583684
1204881250.0,-54.57958122948677
1204884375.0,-54.57928621101616
1204887500.0,-54.55746070829988
1204890625.0,-54.569225863957584
1204893750.0,-54.557675953429914
1204896875.0,-54.577840577600504
1204900000.0,-54.55494779282987
1204903125.0,-54.56494346578161
1204906250.0,-54.57790843565415
1204909375.0,-54.55748448823317
1204912500.0,-54.59087698169394
1204915625.0,-54.5537351997247
1204918750.0,-54.57347848298473
1204921875.0,-54.56739526440681
1204925000.0,-54.565116663979104
1204928125.0,-54.56004929560604
1204931250.0,-54.56091972023515
1204934375.0,-54.58887856470686
1204937500.0,-54.580719469417254
1204940625.0,-54.56264838560027
1204943750.0,-54.579885545973205
1204946875.0,-54.56333740732426
1204950000.0,-54.56131531470976
1204953125.0,-54.58259624703978
1204956250.0,-54.57749486092575
1204959375.0,-54.575985716053424
1204962500.0,-54.58797181862175
1204965625.0,-54.58098859262031
1204968750.0,-54.573529039362924
1204971875.0,-54.60026370244155
1204975000.0,-54.54000688596025
1204978125.0,-54.59500168284977
1204981250.0,-54.60745615276795
1204984375.0,-54.60102056939827
1204987500.0,-54.59494870777965
1204990625.0,-54.60222454714964
1204993750.0,-54.605002205739964
1204996875.0,-54.61217629859472
1205000000.0,-54.60223160545325
